INDEX,TAG,DATE,TIME,LATITUDE N/S,LONGITUDE E/W,HEIGHT,SPEED,HEADING
30,T,220830,043826,60.140530N,24.222036E,18,14.8,101
31,T,220830,043827,60.140518N,24.222111E,17,14.7,102
32,T,220830,043828,60.140507N,24.222181E,17,14.7,109
33,T,220830,043829,60.140491N,24.222248E,17,14.3,117
34,T,220830,043830,60.140472N,24.222309E,17,14.2,123
35,T,220830,043831,60.140450N,24.222372E,16,13.1,124
36,T,220830,043832,60.140427N,24.222431E,16,13.5,122
37,T,220830,043833,60.140419N,24.222496E,15,13.4,119
38,T,220830,043834,60.140415N,24.222567E,15,14.3,116
39,T,220830,043835,60.140419N,24.222639E,15,15.0,112
40,T,220830,043836,60.140423N,24.222713E,14,15.0,109
41,T,220830,043837,60.140427N,24.222794E,14,17.5,83
42,T,220830,043838,60.140430N,24.222879E,14,17.6,82
43,T,220830,043839,60.140442N,24.222973E,14,19.1,79
44,T,220830,043840,60.140453N,24.223068E,14,20.0,78
45,T,220830,043841,60.140461N,24.223166E,13,20.0,79
46,T,220830,043842,60.140469N,24.223267E,13,20.0,79
47,T,220830,043843,60.140480N,24.223366E,13,19.9,79
48,T,220830,043844,60.140484N,24.223463E,13,19.9,81
49,T,220830,043845,60.140491N,24.223564E,13,19.9,81
50,T,220830,043846,60.140503N,24.223663E,13,19.9,79
51,T,220830,043847,60.140518N,24.223761E,13,19.9,69
52,T,220830,043848,60.140541N,24.223850E,13,19.9,58
53,T,220830,043849,60.140564N,24.223940E,12,19.9,59
54,T,220830,043850,60.140583N,24.224035E,12,19.9,60
55,T,220830,043851,60.140598N,24.224133E,11,19.8,62
56,T,220830,043852,60.140629N,24.224216E,11,19.5,45
57,T,220830,043853,60.140659N,24.224281E,11,17.6,45
58,T,220830,043854,60.140690N,24.224344E,10,15.3,48
59,T,220830,043855,60.140713N,24.224401E,10,13.8,58
60,T,220830,043856,60.140728N,24.224461E,10,12.6,68
61,T,220830,043857,60.140736N,24.224533E,9,14.9,77
62,T,220830,043858,60.140739N,24.224625E,9,16.5,89
63,T,220830,043859,60.140728N,24.224709E,8,17.7,110
64,T,220830,043900,60.140705N,24.224794E,8,20.8,128
65,T,220830,043901,60.140667N,24.224878E,7,22.0,126
66,T,220830,043902,60.140640N,24.224972E,6,21.1,125
67,T,220830,043903,60.140621N,24.225067E,6,20.6,123
68,T,220830,043904,60.140610N,24.225164E,5,18.6,121
69,T,220830,043905,60.140610N,24.225248E,5,16.2,118
70,T,220830,043906,60.140614N,24.225315E,4,12.0,115
71,T,220830,043907,60.140633N,24.225367E,4,11.3,110
72,T,220830,043908,60.140656N,24.225401E,4,11.4,104
73,T,220830,043909,60.140690N,24.225412E,4,13.6,3
74,T,220830,043910,60.140724N,24.225401E,4,15.5,346
75,T,220830,043911,60.140762N,24.225376E,4,17.1,346
76,T,220830,043912,60.140804N,24.225340E,4,17.4,345
77,T,220830,043913,60.140846N,24.225304E,4,18.9,344
78,T,220830,043914,60.140888N,24.225267E,4,19.8,343
79,T,220830,043915,60.140942N,24.225231E,3,20.4,341
80,T,220830,043916,60.140987N,24.225197E,3,20.5,340
81,T,220830,043917,60.141033N,24.225157E,3,18.1,338
82,T,220830,043918,60.141075N,24.225122E,3,20.0,341
83,T,220830,043919,60.141129N,24.225088E,3,20.4,341
84,T,220830,043920,60.141171N,24.225056E,3,20.0,341
85,T,220830,043921,60.141220N,24.225019E,3,20.0,340
86,T,220830,043922,60.141270N,24.224983E,3,20.0,340
87,T,220830,043923,60.141312N,24.224945E,3,18.8,338
88,T,220830,043924,60.141357N,24.224911E,2,18.9,337
89,T,220830,043925,60.141399N,24.224874E,3,19.3,337
90,T,220830,043926,60.141445N,24.224836E,2,19.3,338
91,T,220830,043927,60.141487N,24.224802E,2,18.6,338
92,T,220830,043928,60.141533N,24.224764E,2,18.7,336
93,T,220830,043929,60.141575N,24.224724E,2,18.9,335
94,T,220830,043930,60.141621N,24.224680E,2,18.9,334
95,T,220830,043931,60.141663N,24.224634E,2,18.9,332
96,T,220830,043932,60.141708N,24.224586E,2,19.3,331
97,T,220830,043933,60.141747N,24.224537E,2,18.4,329
98,T,220830,043934,60.141788N,24.224483E,3,18.8,328
99,T,220830,043935,60.141823N,24.224430E,3,18.4,327
100,T,220830,043936,60.141865N,24.224375E,3,18.5,326
101,T,220830,043937,60.141899N,24.224316E,4,18.1,324
102,T,220830,043938,60.141937N,24.224258E,5,18.2,323
103,T,220830,043939,60.141968N,24.224201E,5,18.1,322
104,T,220830,043940,60.141998N,24.224144E,6,18.1,321
105,T,220830,043941,60.142040N,24.224089E,6,18.8,321
106,T,220830,043942,60.142075N,24.224028E,6,18.9,321
107,T,220830,043943,60.142113N,24.223969E,6,18.9,320
108,T,220830,043944,60.142151N,24.223907E,6,18.9,320
109,T,220830,043945,60.142189N,24.223846E,6,18.9,319
110,T,220830,043946,60.142223N,24.223782E,6,18.9,317
111,T,220830,043947,60.142262N,24.223719E,6,18.9,318
112,T,220830,043948,60.142296N,24.223656E,6,19.0,319
113,T,220830,043949,60.142342N,24.223602E,7,19.4,327
114,T,220830,043950,60.142380N,24.223551E,7,19.4,327
115,T,220830,043951,60.142422N,24.223495E,6,19.5,325
116,T,220830,043952,60.142460N,24.223438E,6,19.9,326
117,T,220830,043953,60.142506N,24.223383E,6,20.7,327
118,T,220830,043954,60.142551N,24.223328E,6,20.8,329
119,T,220830,043955,60.142597N,24.223276E,6,20.9,330
120,T,220830,043956,60.142643N,24.223225E,6,21.0,332
121,T,220830,043957,60.142689N,24.223173E,6,21.4,331
122,T,220830,043958,60.142735N,24.223120E,6,21.3,331
123,T,220830,043959,60.142788N,24.223070E,6,21.3,336
124,T,220830,044000,60.142838N,24.223034E,6,21.6,341
125,T,220830,044001,60.142887N,24.222998E,6,22.1,340
126,T,220830,044002,60.142941N,24.222960E,5,22.2,339
127,T,220830,044003,60.142990N,24.222923E,5,22.3,340
128,T,220830,044004,60.143040N,24.222889E,5,22.2,340
129,T,220830,044005,60.143093N,24.222853E,5,23.0,341
130,T,220830,044006,60.143147N,24.222813E,5,22.8,340
131,T,220830,044007,60.143200N,24.222775E,5,22.2,340
132,T,220830,044008,60.143250N,24.222736E,5,21.2,339
133,T,220830,044009,60.143299N,24.222696E,5,21.5,339
134,T,220830,044010,60.143349N,24.222660E,5,21.6,338
135,T,220830,044011,60.143398N,24.222622E,5,21.7,339
136,T,220830,044012,60.143448N,24.222584E,5,21.7,339
137,T,220830,044013,60.143501N,24.222544E,5,21.8,339
138,T,220830,044014,60.143551N,24.222506E,5,21.7,339
139,T,220830,044015,60.143600N,24.222471E,5,21.3,340
140,T,220830,044016,60.143654N,24.222433E,5,21.4,339
141,T,220830,044017,60.143700N,24.222397E,5,21.1,339
142,T,220830,044018,60.143753N,24.222357E,5,21.0,339
143,T,220830,044019,60.143799N,24.222322E,5,21.0,339
144,T,220830,044020,60.143848N,24.222288E,5,21.1,340
145,T,220830,044021,60.143894N,24.222252E,5,20.1,340
146,T,220830,044022,60.143944N,24.222216E,5,20.7,340
147,T,220830,044023,60.143993N,24.222178E,5,20.6,339
148,T,220830,044024,60.144043N,24.222139E,6,21.2,338
149,T,220830,044025,60.144093N,24.222107E,6,21.3,339
150,T,220830,044026,60.144142N,24.222069E,6,21.7,338
151,T,220830,044027,60.144192N,24.222027E,6,21.8,338
152,T,220830,044028,60.144245N,24.221981E,7,21.8,337
153,T,220830,044029,60.144291N,24.221935E,7,21.9,335
154,T,220830,044030,60.144344N,24.221889E,6,22.0,334
155,T,220830,044031,60.144390N,24.221848E,6,22.4,335
156,T,220830,044032,60.144440N,24.221806E,6,22.4,337
157,T,220830,044033,60.144493N,24.221779E,6,22.4,339
158,T,220830,044034,60.144547N,24.221745E,6,22.4,340
159,T,220830,044035,60.144600N,24.221704E,6,22.5,340
160,T,220830,044036,60.144653N,24.221664E,6,22.9,339
161,T,220830,044037,60.144707N,24.221624E,6,22.9,339
162,T,220830,044038,60.144760N,24.221582E,6,22.9,338
163,T,220830,044039,60.144814N,24.221539E,6,23.1,338
164,T,220830,044040,60.144867N,24.221491E,6,23.5,337
165,T,220830,044041,60.144920N,24.221441E,6,23.5,335
166,T,220830,044042,60.144974N,24.221390E,6,23.3,333
167,T,220830,044043,60.145023N,24.221334E,6,23.2,332
168,T,220830,044044,60.145077N,24.221277E,6,23.1,330
169,T,220830,044045,60.145123N,24.221218E,6,23.1,328
170,T,220830,044046,60.145172N,24.221155E,6,23.0,327
171,T,220830,044047,60.145222N,24.221094E,6,22.6,327
172,T,220830,044048,60.145271N,24.221033E,6,22.6,326
173,T,220830,044049,60.145321N,24.220972E,5,22.5,327
174,T,220830,044050,60.145367N,24.220913E,5,22.6,327
175,T,220830,044051,60.145416N,24.220850E,5,21.8,327
176,T,220830,044052,60.145458N,24.220785E,4,21.6,326
177,T,220830,044053,60.145504N,24.220724E,4,21.2,324
178,T,220830,044054,60.145554N,24.220659E,4,22.0,324
179,T,220830,044055,60.145596N,24.220600E,4,21.0,325
180,T,220830,044056,60.145641N,24.220539E,4,21.6,325
181,T,220830,044057,60.145683N,24.220480E,4,21.4,326
182,T,220830,044058,60.145729N,24.220423E,4,22.2,326
183,T,220830,044059,60.145775N,24.220358E,4,21.7,325
184,T,220830,044100,60.145824N,24.220297E,5,21.9,325
185,T,220830,044101,60.145878N,24.220236E,5,22.0,325
186,T,220830,044102,60.145924N,24.220177E,5,22.1,325
187,T,220830,044103,60.145973N,24.220114E,5,22.1,326
188,T,220830,044104,60.146019N,24.220051E,5,22.1,325
189,T,220830,044105,60.146065N,24.219984E,5,22.2,325
190,T,220830,044106,60.146111N,24.219919E,5,22.1,325
191,T,220830,044107,60.146160N,24.219856E,5,22.2,325
192,T,220830,044108,60.146210N,24.219793E,5,22.2,325
193,T,220830,044109,60.146255N,24.219730E,5,22.2,325
194,T,220830,044110,60.146301N,24.219664E,5,22.2,325
195,T,220830,044111,60.146347N,24.219601E,5,22.2,325
196,T,220830,044112,60.146393N,24.219536E,5,22.2,324
197,T,220830,044113,60.146439N,24.219469E,5,22.2,324
198,T,220830,044114,60.146481N,24.219402E,5,22.2,323
199,T,220830,044115,60.146523N,24.219332E,5,22.2,322
200,T,220830,044116,60.146568N,24.219259E,5,22.3,320
201,T,220830,044117,60.146606N,24.219185E,5,22.3,318
202,T,220830,044118,60.146648N,24.219105E,5,22.2,316
203,T,220830,044119,60.146683N,24.219027E,5,21.9,314
204,T,220830,044120,60.146721N,24.218945E,5,21.9,312
205,T,220830,044121,60.146755N,24.218864E,5,21.8,311
206,T,220830,044122,60.146793N,24.218782E,5,21.7,310
207,T,220830,044123,60.146824N,24.218699E,5,21.6,309
208,T,220830,044124,60.146854N,24.218616E,5,21.3,308
209,T,220830,044125,60.146889N,24.218533E,5,21.2,308
210,T,220830,044126,60.146915N,24.218449E,5,21.1,306
211,T,220830,044127,60.146942N,24.218365E,5,21.1,305
212,T,220830,044128,60.146976N,24.218275E,5,21.2,305
213,T,220830,044129,60.147003N,24.218191E,6,21.2,305
214,T,220830,044130,60.147038N,24.218105E,6,21.2,305
215,T,220830,044131,60.147068N,24.218023E,6,20.9,306
216,T,220830,044132,60.147095N,24.217943E,6,20.8,306
217,T,220830,044133,60.147121N,24.217863E,6,20.8,307
218,T,220830,044134,60.147152N,24.217779E,7,20.8,307
219,T,220830,044135,60.147179N,24.217695E,7,20.8,306
220,T,220830,044136,60.147213N,24.217609E,7,20.8,305
221,T,220830,044137,60.147240N,24.217525E,7,20.8,305
222,T,220830,044138,60.147270N,24.217443E,7,20.8,305
223,T,220830,044139,60.147305N,24.217363E,7,20.7,306
224,T,220830,044140,60.147331N,24.217283E,7,20.4,306
225,T,220830,044141,60.147366N,24.217199E,8,20.2,306
226,T,220830,044142,60.147392N,24.217119E,8,19.5,307
227,T,220830,044143,60.147423N,24.217045E,8,18.7,306
228,T,220830,044144,60.147453N,24.216969E,8,19.4,306
229,T,220830,044145,60.147480N,24.216890E,8,19.3,306
230,T,220830,044146,60.147511N,24.216816E,8,19.3,307
231,T,220830,044147,60.147541N,24.216738E,8,19.3,307
232,T,220830,044148,60.147568N,24.216663E,8,19.3,307
233,T,220830,044149,60.147598N,24.216587E,8,19.3,308
234,T,220830,044150,60.147633N,24.216516E,8,19.3,310
235,T,220830,044151,60.147659N,24.216442E,8,19.3,311
236,T,220830,044152,60.147697N,24.216370E,8,19.3,312
237,T,220830,044153,60.147728N,24.216297E,8,19.3,312
238,T,220830,044154,60.147758N,24.216227E,8,19.3,313
239,T,220830,044155,60.147797N,24.216156E,8,19.3,313
240,T,220830,044156,60.147831N,24.216085E,8,19.4,314
241,T,220830,044157,60.147865N,24.216017E,8,19.5,314
242,T,220830,044158,60.147900N,24.215944E,8,19.5,315
243,T,220830,044159,60.147938N,24.215878E,8,19.6,317
244,T,220830,044200,60.147976N,24.215815E,7,19.6,318
245,T,220830,044201,60.148010N,24.215750E,7,19.6,319
246,T,220830,044202,60.148052N,24.215689E,7,19.5,321
247,T,220830,044203,60.148090N,24.215626E,8,19.5,321
248,T,220830,044204,60.148132N,24.215570E,8,19.4,322
249,T,220830,044205,60.148170N,24.215515E,8,19.3,323
250,T,220830,044206,60.148212N,24.215458E,8,19.3,324
251,T,220830,044207,60.148251N,24.215403E,8,19.3,324
252,T,220830,044208,60.148293N,24.215345E,8,19.3,325
253,T,220830,044209,60.148331N,24.215292E,9,19.7,325
254,T,220830,044210,60.148373N,24.215237E,9,19.7,325
255,T,220830,044211,60.148411N,24.215181E,9,19.7,325
256,T,220830,044212,60.148453N,24.215126E,9,19.6,325
257,T,220830,044213,60.148491N,24.215069E,9,19.5,324
258,T,220830,044214,60.148533N,24.215012E,9,19.6,324
259,T,220830,044215,60.148571N,24.214956E,9,19.6,324
260,T,220830,044216,60.148617N,24.214895E,9,19.6,323
261,T,220830,044217,60.148655N,24.214838E,9,19.9,323
262,T,220830,044218,60.148697N,24.214775E,9,19.9,322
263,T,220830,044219,60.148735N,24.214714E,9,19.9,322
264,T,220830,044220,60.148777N,24.214657E,9,19.9,323
265,T,220830,044221,60.148815N,24.214596E,9,19.9,323
266,T,220830,044222,60.148857N,24.214537E,10,19.9,323
267,T,220830,044223,60.148891N,24.214476E,10,19.8,322
268,T,220830,044224,60.148933N,24.214415E,10,19.5,321
269,T,220830,044225,60.148968N,24.214352E,10,19.6,320
270,T,220830,044226,60.149010N,24.214287E,10,19.7,319
271,T,220830,044227,60.149044N,24.214222E,10,19.7,319
272,T,220830,044228,60.149078N,24.214155E,10,19.7,318
273,T,220830,044229,60.149117N,24.214087E,10,19.7,316
274,T,220830,044230,60.149151N,24.214016E,10,19.7,315
275,T,220830,044231,60.149189N,24.213943E,10,19.6,314
276,T,220830,044232,60.149220N,24.213875E,10,19.6,313
277,T,220830,044233,60.149258N,24.213800E,10,19.5,312
278,T,220830,044234,60.149284N,24.213726E,10,19.5,310
279,T,220830,044235,60.149311N,24.213650E,10,19.5,309
280,T,220830,044236,60.149342N,24.213573E,11,19.2,308
281,T,220830,044237,60.149368N,24.213495E,11,19.3,307
282,T,220830,044238,60.149395N,24.213415E,11,19.4,305
283,T,220830,044239,60.149426N,24.213337E,11,19.3,304
284,T,220830,044240,60.149448N,24.213257E,11,19.4,303
285,T,220830,044241,60.149475N,24.213173E,11,19.4,302
286,T,220830,044242,60.149502N,24.213093E,11,19.3,301
287,T,220830,044243,60.149525N,24.213013E,11,19.0,302
288,T,220830,044244,60.149551N,24.212934E,11,19.0,301
289,T,220830,044245,60.149574N,24.212852E,11,18.9,301
290,T,220830,044246,60.149601N,24.212772E,11,18.4,302
291,T,220830,044247,60.149624N,24.212692E,11,18.3,301
292,T,220830,044248,60.149647N,24.212616E,11,18.2,301
293,T,220830,044249,60.149673N,24.212538E,11,18.0,302
294,T,220830,044250,60.149693N,24.212461E,11,18.0,301
295,T,220830,044251,60.149715N,24.212385E,11,17.9,302
296,T,220830,044252,60.149738N,24.212315E,12,17.8,302
297,T,220830,044253,60.149765N,24.212240E,12,17.7,302
298,T,220830,044254,60.149788N,24.212164E,12,17.4,302
299,T,220830,044255,60.149807N,24.212093E,12,17.3,302
300,T,220830,044256,60.149834N,24.212023E,12,16.9,302
301,T,220830,044257,60.149857N,24.211952E,12,16.5,303
302,T,220830,044258,60.149876N,24.211884E,12,16.1,302
303,T,220830,044259,60.149895N,24.211817E,12,15.8,302
304,T,220830,044300,60.149918N,24.211750E,12,15.7,301
305,T,220830,044301,60.149937N,24.211683E,12,15.6,300
306,T,220830,044302,60.149956N,24.211618E,12,15.1,304
307,T,220830,044303,60.149979N,24.211555E,12,14.7,302
308,T,220830,044304,60.150002N,24.211498E,13,13.9,303
309,T,220830,044305,60.150021N,24.211449E,13,13.1,305
310,T,220830,044306,60.150047N,24.211428E,13,12.5,0
311,T,220830,044307,60.150078N,24.211445E,13,11.1,2
312,T,220830,044308,60.150105N,24.211472E,13,12.3,4
313,T,220830,044309,60.150139N,24.211485E,13,15.4,2
314,T,220830,044310,60.150177N,24.211464E,12,16.5,331
315,T,220830,044311,60.150204N,24.211418E,12,15.4,328
316,T,220830,044312,60.150230N,24.211355E,12,16.7,326
317,T,220830,044313,60.150261N,24.211292E,13,17.3,325
318,T,220830,044314,60.150284N,24.211224E,13,17.4,323
319,T,220830,044315,60.150311N,24.211157E,13,17.5,321
320,T,220830,044316,60.150341N,24.211084E,13,17.6,320
321,T,220830,044317,60.150368N,24.211014E,13,17.7,318
322,T,220830,044318,60.150394N,24.210943E,13,17.8,317
323,T,220830,044319,60.150421N,24.210876E,14,17.9,316
324,T,220830,044320,60.150448N,24.210804E,14,17.9,315
325,T,220830,044321,60.150475N,24.210732E,14,18.0,314
326,T,220830,044322,60.150501N,24.210661E,14,18.0,313
327,T,220830,044323,60.150528N,24.210587E,14,18.5,311
328,T,220830,044324,60.150558N,24.210516E,14,18.6,309
329,T,220830,044325,60.150589N,24.210443E,14,18.6,308
330,T,220830,044326,60.150620N,24.210373E,14,18.6,308
331,T,220830,044327,60.150646N,24.210302E,14,18.6,309
332,T,220830,044328,60.150681N,24.210234E,14,19.1,309
333,T,220830,044329,60.150715N,24.210163E,14,19.2,310
334,T,220830,044330,60.150753N,24.210098E,14,19.3,310
335,T,220830,044331,60.150787N,24.210033E,14,19.3,311
336,T,220830,044332,60.150826N,24.209969E,14,19.4,311
337,T,220830,044333,60.150860N,24.209904E,14,19.5,312
338,T,220830,044334,60.150902N,24.209845E,14,19.6,313
339,T,220830,044335,60.150940N,24.209784E,14,19.6,314
340,T,220830,044336,60.150986N,24.209726E,14,19.7,315
341,T,220830,044337,60.151024N,24.209667E,14,19.8,316
342,T,220830,044338,60.151070N,24.209616E,14,19.8,317
343,T,220830,044339,60.151108N,24.209560E,14,19.9,318
344,T,220830,044340,60.151150N,24.209501E,14,19.9,318
345,T,220830,044341,60.151188N,24.209444E,14,19.9,319
346,T,220830,044342,60.151234N,24.209389E,14,20.0,321
347,T,220830,044343,60.151272N,24.209332E,14,19.9,323
348,T,220830,044344,60.151314N,24.209276E,14,20.0,324
349,T,220830,044345,60.151356N,24.209217E,14,20.0,325
350,T,220830,044346,60.151398N,24.209160E,14,19.9,325
351,T,220830,044347,60.151436N,24.209105E,15,19.6,325
352,T,220830,044348,60.151478N,24.209045E,15,19.6,326
353,T,220830,044349,60.151516N,24.208990E,15,19.3,325
354,T,220830,044350,60.151554N,24.208933E,15,19.2,324
355,T,220830,044351,60.151592N,24.208876E,15,19.2,324
356,T,220830,044352,60.151630N,24.208822E,15,19.1,324
357,T,220830,044353,60.151672N,24.208763E,15,18.7,325
358,T,220830,044354,60.151711N,24.208710E,15,18.6,325
359,T,220830,044355,60.151749N,24.208656E,15,18.7,325
360,T,220830,044356,60.151787N,24.208603E,15,18.7,324
361,T,220830,044357,60.151825N,24.208546E,15,19.1,324
362,T,220830,044358,60.151863N,24.208490E,15,19.2,324
363,T,220830,044359,60.151905N,24.208435E,15,19.1,324
364,T,220830,044400,60.151939N,24.208380E,16,19.0,324
365,T,220830,044401,60.151981N,24.208324E,16,18.7,324
366,T,220830,044402,60.152020N,24.208269E,16,18.6,324
367,T,220830,044403,60.152058N,24.208216E,16,18.3,323
368,T,220830,044404,60.152092N,24.208162E,16,18.2,323
369,T,220830,044405,60.152126N,24.208105E,16,18.2,323
370,T,220830,044406,60.152164N,24.208054E,16,18.1,323
371,T,220830,044407,60.152199N,24.208000E,16,18.1,323
372,T,220830,044408,60.152241N,24.207945E,17,18.1,324
373,T,220830,044409,60.152279N,24.207895E,17,18.1,325
374,T,220830,044410,60.152321N,24.207844E,17,18.2,327
375,T,220830,044411,60.152359N,24.207796E,17,18.3,327
376,T,220830,044412,60.152401N,24.207750E,17,18.3,329
377,T,220830,044413,60.152439N,24.207705E,17,18.0,330
378,T,220830,044414,60.152481N,24.207661E,17,18.0,330
379,T,220830,044415,60.152515N,24.207617E,17,18.5,331
380,T,220830,044416,60.152557N,24.207575E,18,18.5,332
381,T,220830,044417,60.152599N,24.207535E,18,18.6,333
382,T,220830,044418,60.152641N,24.207497E,18,18.7,335
383,T,220830,044419,60.152683N,24.207460E,18,19.3,338
384,T,220830,044420,60.152729N,24.207424E,18,19.4,339
385,T,220830,044421,60.152775N,24.207394E,18,19.4,341
386,T,220830,044422,60.152821N,24.207367E,18,19.6,343
387,T,220830,044423,60.152866N,24.207342E,18,20.1,344
388,T,220830,044424,60.152916N,24.207315E,18,20.1,345
389,T,220830,044425,60.152966N,24.207296E,18,20.5,346
390,T,220830,044426,60.153015N,24.207273E,18,20.4,347
391,T,220830,044427,60.153065N,24.207254E,17,20.5,348
392,T,220830,044428,60.153114N,24.207233E,17,20.6,349
393,T,220830,044429,60.153164N,24.207216E,17,20.8,350
394,T,220830,044430,60.153221N,24.207197E,17,21.3,351
395,T,220830,044431,60.153271N,24.207186E,17,21.4,353
396,T,220830,044432,60.153324N,24.207178E,18,21.5,355
397,T,220830,044433,60.153381N,24.207174E,18,21.9,357
398,T,220830,044434,60.153431N,24.207167E,18,21.5,358
399,T,220830,044435,60.153484N,24.207167E,18,21.0,0
400,T,220830,044436,60.153542N,24.207165E,18,20.9,358
401,T,220830,044437,60.153591N,24.207163E,18,20.6,359
402,T,220830,044438,60.153641N,24.207163E,18,20.0,0
403,T,220830,044439,60.153687N,24.207167E,19,19.7,1
404,T,220830,044440,60.153740N,24.207169E,19,19.7,358
405,T,220830,044441,60.153793N,24.207169E,19,19.6,359
406,T,220830,044442,60.153839N,24.207170E,19,19.6,359
407,T,220830,044443,60.153889N,24.207172E,19,19.6,0
408,T,220830,044444,60.153934N,24.207170E,19,19.2,359
409,T,220830,044445,60.153984N,24.207170E,19,19.3,0
410,T,220830,044446,60.154034N,24.207170E,19,18.7,359
411,T,220830,044447,60.154076N,24.207172E,19,18.4,0
412,T,220830,044448,60.154121N,24.207174E,19,18.5,1
413,T,220830,044449,60.154167N,24.207178E,20,18.5,2
414,T,220830,044450,60.154213N,24.207184E,20,18.5,3
415,T,220830,044451,60.154259N,24.207190E,20,18.6,3
416,T,220830,044452,60.154305N,24.207193E,20,18.7,2
417,T,220830,044453,60.154350N,24.207197E,20,18.7,4
418,T,220830,044454,60.154400N,24.207209E,20,18.7,4
419,T,220830,044455,60.154446N,24.207216E,20,18.7,5
420,T,220830,044456,60.154488N,24.207224E,20,18.6,5
421,T,220830,044457,60.154537N,24.207230E,20,18.2,4
422,T,220830,044458,60.154579N,24.207230E,20,18.2,359
423,T,220830,044459,60.154629N,24.207226E,20,18.2,357
424,T,220830,044500,60.154671N,24.207220E,20,18.1,356
425,T,220830,044501,60.154716N,24.207212E,20,18.2,354
426,T,220830,044502,60.154758N,24.207199E,20,18.3,353
427,T,220830,044503,60.154808N,24.207184E,20,18.3,350
428,T,220830,044504,60.154854N,24.207165E,20,18.8,348
429,T,220830,044505,60.154896N,24.207142E,20,18.9,346
430,T,220830,044506,60.154945N,24.207115E,20,19.0,344
431,T,220830,044507,60.154987N,24.207085E,20,19.4,342
432,T,220830,044508,60.155037N,24.207056E,20,19.5,341
433,T,220830,044509,60.155079N,24.207022E,20,19.6,341
434,T,220830,044510,60.155128N,24.206987E,20,19.7,340
435,T,220830,044511,60.155174N,24.206957E,20,20.2,340
436,T,220830,044512,60.155224N,24.206926E,20,20.5,341
437,T,220830,044513,60.155277N,24.206896E,20,21.0,341
438,T,220830,044514,60.155327N,24.206863E,20,21.4,341
439,T,220830,044515,60.155380N,24.206835E,20,21.5,342
440,T,220830,044516,60.155434N,24.206804E,20,22.1,343
441,T,220830,044517,60.155483N,24.206776E,20,22.2,345
442,T,220830,044518,60.155540N,24.206757E,20,22.2,347
443,T,220830,044519,60.155594N,24.206736E,20,22.1,349
444,T,220830,044520,60.155647N,24.206713E,20,22.1,350
445,T,220830,044521,60.155701N,24.206692E,19,22.1,350
446,T,220830,044522,60.155758N,24.206675E,19,22.1,351
447,T,220830,044523,60.155811N,24.206659E,19,22.2,353
448,T,220830,044524,60.155869N,24.206656E,19,22.2,354
449,T,220830,044525,60.155918N,24.206646E,19,22.2,355
450,T,220830,044526,60.155975N,24.206636E,18,23.3,356
451,T,220830,044527,60.156033N,24.206623E,18,23.3,356
452,T,220830,044528,60.156097N,24.206614E,17,24.5,356
453,T,220830,044529,60.156158N,24.206604E,17,25.5,355
454,T,220830,044530,60.156223N,24.206591E,17,26.6,355
455,T,220830,044531,60.156288N,24.206575E,16,26.9,354
456,T,220830,044532,60.156361N,24.206564E,16,27.0,354
457,T,220830,044533,60.156429N,24.206553E,15,27.4,354
458,T,220830,044534,60.156494N,24.206539E,15,27.4,354
459,T,220830,044535,60.156563N,24.206528E,15,27.4,354
460,T,220830,044536,60.156631N,24.206516E,15,27.4,354
461,T,220830,044537,60.156700N,24.206497E,14,27.4,354
462,T,220830,044538,60.156769N,24.206484E,14,27.4,353
463,T,220830,044539,60.156837N,24.206467E,14,27.4,352
464,T,220830,044540,60.156902N,24.206444E,13,27.3,352
465,T,220830,044541,60.156971N,24.206423E,13,26.9,351
466,T,220830,044542,60.157036N,24.206398E,13,26.7,350
467,T,220830,044543,60.157101N,24.206373E,12,26.6,348
468,T,220830,044544,60.157169N,24.206347E,12,26.5,347
469,T,220830,044545,60.157230N,24.206318E,12,26.4,347
470,T,220830,044546,60.157295N,24.206287E,11,26.3,346
471,T,220830,044547,60.157360N,24.206257E,11,26.2,345
472,T,220830,044548,60.157421N,24.206224E,11,26.1,345
473,T,220830,044549,60.157482N,24.206188E,10,26.0,344
474,T,220830,044550,60.157543N,24.206152E,10,25.9,343
475,T,220830,044551,60.157608N,24.206116E,10,26.3,342
476,T,220830,044552,60.157673N,24.206076E,9,26.4,342
477,T,220830,044553,60.157738N,24.206032E,9,26.9,341
478,T,220830,044554,60.157799N,24.205984E,9,27.3,340
479,T,220830,044555,60.157864N,24.205933E,9,27.9,338
480,T,220830,044556,60.157928N,24.205875E,8,28.0,337
481,T,220830,044557,60.157997N,24.205820E,8,28.3,336
482,T,220830,044558,60.158058N,24.205765E,8,28.4,336
483,T,220830,044559,60.158127N,24.205706E,8,28.8,335
484,T,220830,044600,60.158195N,24.205647E,7,28.9,335
485,T,220830,044601,60.158260N,24.205582E,7,29.3,334
486,T,220830,044602,60.158329N,24.205515E,7,29.4,332
487,T,220830,044603,60.158394N,24.205442E,6,29.9,331
488,T,220830,044604,60.158459N,24.205368E,6,30.0,330
489,T,220830,044605,60.158524N,24.205292E,6,30.3,329
490,T,220830,044606,60.158588N,24.205214E,5,30.4,328
491,T,220830,044607,60.158653N,24.205132E,5,30.5,327
492,T,220830,044608,60.158718N,24.205048E,5,30.6,326
493,T,220830,044609,60.158783N,24.204964E,4,30.7,326
494,T,220830,044610,60.158848N,24.204876E,4,30.8,325
495,T,220830,044611,60.158913N,24.204790E,4,30.4,325
496,T,220830,044612,60.158974N,24.204704E,4,29.9,324
497,T,220830,044613,60.159035N,24.204622E,3,29.6,324
498,T,220830,044614,60.159096N,24.204536E,3,29.3,324
499,T,220830,044615,60.159153N,24.204453E,3,28.7,324
500,T,220830,044616,60.159210N,24.204370E,3,28.4,325
501,T,220830,044617,60.159271N,24.204290E,3,28.4,325
502,T,220830,044618,60.159328N,24.204206E,3,28.4,324
503,T,220830,044619,60.159389N,24.204126E,2,28.5,325
504,T,220830,044620,60.159447N,24.204046E,2,28.5,326
505,T,220830,044621,60.159508N,24.203970E,2,28.0,326
506,T,220830,044622,60.159565N,24.203894E,2,27.2,326
507,T,220830,044623,60.159618N,24.203819E,2,26.7,326
508,T,220830,044624,60.159676N,24.203745E,2,26.3,326
509,T,220830,044625,60.159729N,24.203676E,2,26.0,327
510,T,220830,044626,60.159786N,24.203609E,2,25.7,328
511,T,220830,044627,60.159840N,24.203547E,2,25.3,329
512,T,220830,044628,60.159897N,24.203484E,2,25.2,330
513,T,220830,044629,60.159946N,24.203424E,2,24.9,330
514,T,220830,044630,60.160004N,24.203363E,2,24.8,331
515,T,220830,044631,60.160057N,24.203304E,2,24.5,331
516,T,220830,044632,60.160110N,24.203243E,2,24.5,332
517,T,220830,044633,60.160164N,24.203190E,1,24.4,332
518,T,220830,044634,60.160221N,24.203138E,1,24.3,333
519,T,220830,044635,60.160271N,24.203087E,1,24.0,334
520,T,220830,044636,60.160328N,24.203035E,1,23.9,335
521,T,220830,044637,60.160381N,24.202986E,1,23.8,335
522,T,220830,044638,60.160435N,24.202936E,1,23.7,334
523,T,220830,044639,60.160488N,24.202887E,1,23.3,335
524,T,220830,044640,60.160542N,24.202841E,1,22.9,335
525,T,220830,044641,60.160591N,24.202797E,1,22.8,336
526,T,220830,044642,60.160641N,24.202749E,1,22.7,336
527,T,220830,044643,60.160686N,24.202705E,1,22.4,336
528,T,220830,044644,60.160740N,24.202662E,1,22.3,336
529,T,220830,044645,60.160793N,24.202620E,1,22.0,337
530,T,220830,044646,60.160839N,24.202579E,1,21.9,338
531,T,220830,044647,60.160892N,24.202539E,1,21.8,339
532,T,220830,044648,60.160946N,24.202499E,1,21.7,339
533,T,220830,044649,60.160992N,24.202459E,1,21.7,339
534,T,220830,044650,60.161045N,24.202421E,1,21.7,339
535,T,220830,044651,60.161095N,24.202381E,1,21.6,339
536,T,220830,044652,60.161148N,24.202341E,1,21.6,338
537,T,220830,044653,60.161198N,24.202303E,1,21.6,339
538,T,220830,044654,60.161247N,24.202265E,1,21.6,339
539,T,220830,044655,60.161301N,24.202225E,1,21.6,339
540,T,220830,044656,60.161350N,24.202185E,1,21.7,339
541,T,220830,044657,60.161400N,24.202145E,1,21.7,338
542,T,220830,044658,60.161449N,24.202105E,1,21.7,338
543,T,220830,044659,60.161499N,24.202065E,1,21.8,338
544,T,220830,044700,60.161552N,24.202024E,1,21.8,338
545,T,220830,044701,60.161598N,24.201986E,1,21.9,338
546,T,220830,044702,60.161652N,24.201946E,1,21.9,338
547,T,220830,044703,60.161705N,24.201904E,1,21.9,338
548,T,220830,044704,60.161751N,24.201864E,1,21.9,338
549,T,220830,044705,60.161804N,24.201822E,1,21.9,337
550,T,220830,044706,60.161854N,24.201777E,1,21.8,336
551,T,220830,044707,60.161900N,24.201731E,1,21.7,335
552,T,220830,044708,60.161953N,24.201681E,1,21.7,333
553,T,220830,044709,60.161995N,24.201632E,1,21.6,332
554,T,220830,044710,60.162045N,24.201584E,1,21.6,332
555,T,220830,044711,60.162090N,24.201534E,1,21.6,332
556,T,220830,044712,60.162140N,24.201485E,1,22.0,331
557,T,220830,044713,60.162193N,24.201429E,1,22.4,330
558,T,220830,044714,60.162239N,24.201374E,1,22.8,330
559,T,220830,044715,60.162289N,24.201317E,1,22.3,329
560,T,220830,044716,60.162334N,24.201262E,1,21.9,329
561,T,220830,044717,60.162380N,24.201204E,1,21.9,328
562,T,220830,044718,60.162430N,24.201143E,1,21.8,328
563,T,220830,044719,60.162472N,24.201086E,1,21.7,327
564,T,220830,044720,60.162521N,24.201027E,1,21.6,326
565,T,220830,044721,60.162563N,24.200966E,1,21.3,326
566,T,220830,044722,60.162609N,24.200907E,1,21.2,326
567,T,220830,044723,60.162651N,24.200846E,1,21.2,325
568,T,220830,044724,60.162697N,24.200787E,1,21.1,325
569,T,220830,044725,60.162739N,24.200726E,1,21.0,325
570,T,220830,044726,60.162785N,24.200665E,1,20.9,324
571,T,220830,044727,60.162823N,24.200602E,1,20.8,323
572,T,220830,044728,60.162865N,24.200537E,1,20.8,322
573,T,220830,044729,60.162907N,24.200472E,2,20.8,321
574,T,220830,044730,60.162949N,24.200403E,2,21.1,320
575,T,220830,044731,60.162991N,24.200336E,2,21.1,320
576,T,220830,044732,60.163033N,24.200270E,2,21.0,320
577,T,220830,044733,60.163071N,24.200205E,2,20.8,320
578,T,220830,044734,60.163109N,24.200136E,2,20.8,319
579,T,220830,044735,60.163147N,24.200068E,2,20.6,319
580,T,220830,044736,60.163189N,24.200001E,2,20.6,318
581,T,220830,044737,60.163223N,24.199932E,2,20.5,317
582,T,220830,044738,60.163261N,24.199860E,2,20.5,316
583,T,220830,044739,60.163300N,24.199787E,2,20.6,316
584,T,220830,044740,60.163338N,24.199717E,2,20.9,315
585,T,220830,044741,60.163368N,24.199640E,2,20.9,314
586,T,220830,044742,60.163406N,24.199564E,2,20.9,314
587,T,220830,044743,60.163445N,24.199490E,2,21.0,314
588,T,220830,044744,60.163479N,24.199411E,2,21.0,314
589,T,220830,044745,60.163517N,24.199335E,2,21.0,313
590,T,220830,044746,60.163551N,24.199257E,3,21.0,313
591,T,220830,044747,60.163586N,24.199179E,3,21.0,313
592,T,220830,044748,60.163620N,24.199102E,3,20.9,313
593,T,220830,044749,60.163658N,24.199026E,3,20.9,314
594,T,220830,044750,60.163696N,24.198954E,3,20.9,314
595,T,220830,044751,60.163731N,24.198877E,3,20.9,315
596,T,220830,044752,60.163769N,24.198807E,3,20.9,315
597,T,220830,044753,60.163807N,24.198736E,3,20.9,316
598,T,220830,044754,60.163849N,24.198666E,3,20.9,318
599,T,220830,044755,60.163887N,24.198595E,3,20.8,318
600,T,220830,044756,60.163929N,24.198530E,3,20.8,320
601,T,220830,044757,60.163967N,24.198465E,3,20.7,321
602,T,220830,044758,60.164009N,24.198404E,3,20.6,322
603,T,220830,044759,60.164047N,24.198343E,3,20.6,323
604,T,220830,044800,60.164093N,24.198286E,3,20.5,325
605,T,220830,044801,60.164135N,24.198233E,3,20.5,326
606,T,220830,044802,60.164181N,24.198175E,3,20.4,327
607,T,220830,044803,60.164219N,24.198124E,3,20.0,328
608,T,220830,044804,60.164265N,24.198074E,3,20.0,328
609,T,220830,044805,60.164307N,24.198025E,3,19.3,329
610,T,220830,044806,60.164349N,24.197981E,3,18.3,331
611,T,220830,044807,60.164391N,24.197941E,3,17.4,333
612,T,220830,044808,60.164429N,24.197905E,3,16.3,334
613,T,220830,044809,60.164463N,24.197868E,3,15.9,335
614,T,220830,044810,60.164501N,24.197838E,3,15.1,336
615,T,220830,044811,60.164532N,24.197809E,4,14.6,336
616,T,220830,044812,60.164562N,24.197784E,4,12.5,337
617,T,220830,044813,60.164593N,24.197762E,4,12.5,338
618,T,220830,044814,60.164619N,24.197742E,4,12.4,338
619,T,220830,044815,60.164642N,24.197723E,4,12.0,338
620,T,220830,044816,60.164673N,24.197702E,4,11.1,338
621,T,220830,044817,60.164684N,24.197664E,4,11.8,335
622,T,220830,044818,60.164684N,24.197605E,4,12.4,331
623,T,220830,044819,60.164673N,24.197550E,4,11.4,325
624,T,220830,044820,60.164658N,24.197500E,4,11.5,232
625,T,220830,044821,60.164635N,24.197456E,4,12.6,231
626,T,220830,044822,60.164608N,24.197414E,4,14.7,229
627,T,220830,044823,60.164581N,24.197359E,4,16.4,228
628,T,220830,044824,60.164555N,24.197289E,4,17.4,230
629,T,220830,044825,60.164539N,24.197205E,4,17.7,232
630,T,220830,044826,60.164536N,24.197115E,4,17.7,234
631,T,220830,044827,60.164543N,24.197023E,4,17.9,238
632,T,220830,044828,60.164555N,24.196936E,4,18.5,242
633,T,220830,044829,60.164574N,24.196846E,4,18.6,246
634,T,220830,044830,60.164593N,24.196760E,4,18.7,251
635,T,220830,044831,60.164619N,24.196678E,4,18.8,302
636,T,220830,044832,60.164642N,24.196600E,4,18.7,305
637,T,220830,044833,60.164673N,24.196524E,4,18.6,307
638,T,220830,044834,60.164700N,24.196447E,4,18.3,306
639,T,220830,044835,60.164726N,24.196375E,5,18.2,305
640,T,220830,044836,60.164757N,24.196301E,5,18.1,306
641,T,220830,044837,60.164780N,24.196226E,5,18.0,306
642,T,220830,044838,60.164806N,24.196154E,5,17.9,304
643,T,220830,044839,60.164833N,24.196075E,5,18.0,304
644,T,220830,044840,60.164856N,24.195995E,5,18.0,304
645,T,220830,044841,60.164875N,24.195915E,5,18.0,303
646,T,220830,044842,60.164902N,24.195835E,5,18.1,301
647,T,220830,044843,60.164921N,24.195757E,5,18.2,299
648,T,220830,044844,60.164940N,24.195677E,6,18.1,298
649,T,220830,044845,60.164959N,24.195595E,6,18.1,297
650,T,220830,044846,60.164974N,24.195513E,6,18.0,296
651,T,220830,044847,60.164993N,24.195431E,6,17.6,295
652,T,220830,044848,60.165009N,24.195345E,6,17.3,295
653,T,220830,044849,60.165020N,24.195265E,7,16.6,294
654,T,220830,044850,60.165031N,24.195183E,7,16.5,293
655,T,220830,044851,60.165043N,24.195103E,7,16.0,292
656,T,220830,044852,60.165054N,24.195026E,7,14.6,291
657,T,220830,044853,60.165066N,24.194962E,8,12.2,291
658,T,220830,044854,60.165073N,24.194904E,8,11.5,290
659,T,220830,044855,60.165077N,24.194847E,8,11.5,276
660,T,220830,044856,60.165081N,24.194788E,8,12.3,278
661,T,220830,044857,60.165089N,24.194727E,8,12.8,279
662,T,220830,044858,60.165092N,24.194664E,9,12.9,281
663,T,220830,044859,60.165100N,24.194597E,9,13.0,280
664,T,220830,044900,60.165108N,24.194532E,9,13.0,282
665,T,220830,044901,60.165112N,24.194466E,9,13.1,281
666,T,220830,044902,60.165119N,24.194401E,10,13.1,281
667,T,220830,044903,60.165123N,24.194336E,10,13.1,280
668,T,220830,044904,60.165127N,24.194269E,10,12.8,280
669,T,220830,044905,60.165134N,24.194208E,11,12.4,281
670,T,220830,044906,60.165138N,24.194147E,11,12.0,281
671,T,220830,044907,60.165150N,24.194088E,11,11.7,281
672,T,220830,044908,60.165154N,24.194035E,12,11.2,280
673,T,220830,044909,60.165157N,24.193977E,12,10.7,280
674,T,220830,044910,60.165161N,24.193928E,12,10.2,280
675,T,220830,044911,60.165169N,24.193876E,13,10.2,279
676,T,220830,044912,60.165169N,24.193827E,13,9.6,278
677,T,220830,044913,60.165173N,24.193781E,13,9.3,277
678,T,220830,044914,60.165176N,24.193733E,13,9.4,276
679,T,220830,044915,60.165180N,24.193686E,14,9.0,276
680,T,220830,044916,60.165180N,24.193642E,14,9.4,277
681,T,220830,044917,60.165184N,24.193596E,14,8.9,278
682,T,220830,044918,60.165188N,24.193552E,15,9.0,284
683,T,220830,044919,60.165195N,24.193508E,15,8.0,291
684,T,220830,044920,60.165207N,24.193464E,15,9.9,298
685,T,220830,044921,60.165211N,24.193417E,16,10.0,296
686,T,220830,044922,60.165215N,24.193363E,16,9.7,295
687,T,220830,044923,60.165218N,24.193316E,16,10.0,293
688,T,220830,044924,60.165230N,24.193266E,16,9.6,293
689,T,220830,044925,60.165234N,24.193220E,16,9.7,292
690,T,220830,044926,60.165237N,24.193171E,17,9.8,291
691,T,220830,044927,60.165241N,24.193123E,18,9.8,290
692,T,220830,044928,60.165249N,24.193075E,18,9.1,288
693,T,220830,044929,60.165257N,24.193029E,18,9.9,288
694,T,220830,044930,60.165268N,24.192982E,19,10.5,300
695,T,220830,044931,60.165276N,24.192940E,19,8.6,299
696,T,220830,044932,60.165287N,24.192898E,19,9.8,297
697,T,220830,044933,60.165298N,24.192856E,19,9.7,296
698,T,220830,044934,60.165314N,24.192812E,20,9.2,298
699,T,220830,044935,60.165325N,24.192772E,20,9.1,301
700,T,220830,044936,60.165340N,24.192734E,20,9.7,307
701,T,220830,044937,60.165356N,24.192696E,20,8.9,311
702,T,220830,044938,60.165371N,24.192663E,21,9.5,314
703,T,220830,044939,60.165394N,24.192629E,21,9.4,314
704,T,220830,044940,60.165409N,24.192591E,21,9.3,309
705,T,220830,044941,60.165428N,24.192554E,21,9.5,309
706,T,220830,044942,60.165443N,24.192520E,21,9.5,310
707,T,220830,044943,60.165462N,24.192486E,21,9.5,311
708,T,220830,044944,60.165478N,24.192442E,22,9.4,312
709,T,220830,044945,60.165493N,24.192398E,22,10.2,314
710,T,220830,044946,60.165504N,24.192347E,22,9.9,314
711,T,220830,044947,60.165520N,24.192308E,23,8.6,316
712,T,220830,044948,60.165539N,24.192265E,23,10.6,318
713,T,220830,044949,60.165562N,24.192217E,23,9.9,319
714,T,220830,044950,60.165581N,24.192169E,23,10.0,320
715,T,220830,044951,60.165600N,24.192135E,23,9.9,314
716,T,220830,044952,60.165615N,24.192089E,24,10.3,317
717,T,220830,044953,60.165630N,24.192051E,24,10.3,317
718,T,220830,044954,60.165649N,24.192007E,24,10.4,317
719,T,220830,044955,60.165672N,24.191971E,24,11.0,318
720,T,220830,044956,60.165695N,24.191933E,25,11.8,318
721,T,220830,044957,60.165714N,24.191891E,25,11.2,317
722,T,220830,044958,60.165741N,24.191847E,25,11.7,316
723,T,220830,044959,60.165760N,24.191805E,25,12.3,315
724,T,220830,045000,60.165779N,24.191755E,25,12.3,313
725,T,220830,045001,60.165798N,24.191708E,25,12.2,311
726,T,220830,045002,60.165821N,24.191660E,25,12.7,312
727,T,220830,045003,60.165840N,24.191614E,26,12.8,312
728,T,220830,045004,60.165863N,24.191566E,26,12.9,312
729,T,220830,045005,60.165890N,24.191519E,26,13.0,312
730,T,220830,045006,60.165913N,24.191467E,26,13.1,310
731,T,220830,045007,60.165928N,24.191418E,26,13.0,309
732,T,220830,045008,60.165951N,24.191366E,26,13.0,307
733,T,220830,045009,60.165974N,24.191317E,27,13.0,308
734,T,220830,045010,60.165993N,24.191269E,27,13.0,308
735,T,220830,045011,60.166012N,24.191204E,28,13.8,307
736,T,220830,045012,60.166031N,24.191151E,28,13.2,307
737,T,220830,045013,60.166054N,24.191095E,28,13.6,307
738,T,220830,045014,60.166073N,24.191044E,28,12.5,307
739,T,220830,045015,60.166096N,24.190992E,29,13.8,308
740,T,220830,045016,60.166119N,24.190935E,29,14.5,310
741,T,220830,045017,60.166145N,24.190880E,29,14.5,310
742,T,220830,045018,60.166168N,24.190825E,29,14.5,309
743,T,220830,045019,60.166195N,24.190765E,29,14.4,309
744,T,220830,045020,60.166222N,24.190706E,29,14.8,309
745,T,220830,045021,60.166245N,24.190643E,29,15.4,309
746,T,220830,045022,60.166275N,24.190586E,29,14.5,310
747,T,220830,045023,60.166302N,24.190533E,30,14.8,310
748,T,220830,045024,60.166328N,24.190474E,30,15.5,312
749,T,220830,045025,60.166351N,24.190414E,30,15.0,313
750,T,220830,045026,60.166382N,24.190357E,30,15.1,314
751,T,220830,045027,60.166409N,24.190302E,30,14.6,314
752,T,220830,045028,60.166431N,24.190245E,30,14.7,315
753,T,220830,045029,60.166458N,24.190189E,30,15.4,316
754,T,220830,045030,60.166489N,24.190138E,31,14.5,316
755,T,220830,045031,60.166512N,24.190090E,31,14.7,317
756,T,220830,045032,60.166538N,24.190042E,31,14.0,317
757,T,220830,045033,60.166565N,24.189993E,31,13.4,316
758,T,220830,045034,60.166592N,24.189945E,31,14.2,323
759,T,220830,045035,60.166618N,24.189903E,31,13.2,323
760,T,220830,045036,60.166649N,24.189863E,32,14.0,324
761,T,220830,045037,60.166676N,24.189823E,32,13.6,324
762,T,220830,045038,60.166710N,24.189787E,32,13.5,327
763,T,220830,045039,60.166737N,24.189749E,32,13.9,329
764,T,220830,045040,60.166763N,24.189711E,33,14.2,329
765,T,220830,045041,60.166798N,24.189676E,33,14.2,330
766,T,220830,045042,60.166828N,24.189636E,33,14.8,331
767,T,220830,045043,60.166859N,24.189596E,33,15.0,331
768,T,220830,045044,60.166893N,24.189560E,34,15.3,332
769,T,220830,045045,60.166927N,24.189522E,34,16.2,332
770,T,220830,045046,60.166965N,24.189484E,34,16.2,332
771,T,220830,045047,60.167000N,24.189445E,34,15.9,332
772,T,220830,045048,60.167034N,24.189409E,34,16.2,332
773,T,220830,045049,60.167072N,24.189367E,34,16.6,331
774,T,220830,045050,60.167103N,24.189316E,34,16.5,330
775,T,220830,045051,60.167141N,24.189274E,34,16.5,329
776,T,220830,045052,60.167175N,24.189234E,34,17.2,330
777,T,220830,045053,60.167213N,24.189192E,34,17.5,330
778,T,220830,045054,60.167252N,24.189148E,34,18.1,331
779,T,220830,045055,60.167290N,24.189104E,34,18.1,332
780,T,220830,045056,60.167328N,24.189056E,34,19.2,332
781,T,220830,045057,60.167374N,24.189011E,34,19.2,331
782,T,220830,045058,60.167412N,24.188963E,34,19.4,331
783,T,220830,045059,60.167458N,24.188911E,34,19.4,330
784,T,220830,045100,60.167496N,24.188862E,34,19.5,330
785,T,220830,045101,60.167538N,24.188816E,34,20.2,329
786,T,220830,045102,60.167580N,24.188765E,34,20.2,329
787,T,220830,045103,60.167629N,24.188711E,34,20.3,329
788,T,220830,045104,60.167671N,24.188663E,34,20.3,330
789,T,220830,045105,60.167717N,24.188614E,34,20.3,330
790,T,220830,045106,60.167759N,24.188560E,35,20.3,330
791,T,220830,045107,60.167805N,24.188505E,35,20.3,330
792,T,220830,045108,60.167847N,24.188456E,35,20.3,330
793,T,220830,045109,60.167892N,24.188404E,35,20.3,329
794,T,220830,045110,60.167934N,24.188353E,35,20.3,328
795,T,220830,045111,60.167980N,24.188295E,34,20.3,327
796,T,220830,045112,60.168022N,24.188238E,34,20.2,325
797,T,220830,045113,60.168064N,24.188177E,34,19.9,323
798,T,220830,045114,60.168102N,24.188116E,34,19.9,321
799,T,220830,045115,60.168140N,24.188044E,34,19.8,318
800,T,220830,045116,60.168175N,24.187977E,34,20.0,315
801,T,220830,045117,60.168213N,24.187902E,34,19.9,314
802,T,220830,045118,60.168243N,24.187824E,34,20.3,313
803,T,220830,045119,60.168278N,24.187742E,34,20.3,312
804,T,220830,045120,60.168304N,24.187656E,35,20.4,311
805,T,220830,045121,60.168335N,24.187571E,35,20.7,309
806,T,220830,045122,60.168365N,24.187473E,35,21.7,308
807,T,220830,045123,60.168388N,24.187376E,35,21.4,307
808,T,220830,045124,60.168407N,24.187284E,34,20.6,292
809,T,220830,045125,60.168423N,24.187193E,34,20.6,289
810,T,220830,045126,60.168434N,24.187090E,34,20.8,286
811,T,220830,045127,60.168449N,24.186993E,34,20.7,284
812,T,220830,045128,60.168461N,24.186890E,34,20.8,284
813,T,220830,045129,60.168472N,24.186789E,33,20.9,284
814,T,220830,045130,60.168488N,24.186684E,33,20.9,284
815,T,220830,045131,60.168495N,24.186583E,33,21.4,282
816,T,220830,045132,60.168507N,24.186476E,33,22.2,282
817,T,220830,045133,60.168522N,24.186363E,33,23.0,283
818,T,220830,045134,60.168537N,24.186253E,32,24.1,282
819,T,220830,045135,60.168549N,24.186131E,32,25.3,282
820,T,220830,045136,60.168560N,24.186001E,31,26.7,282
821,T,220830,045137,60.168575N,24.185865E,30,28.1,282
822,T,220830,045138,60.168591N,24.185730E,30,28.9,283
823,T,220830,045139,60.168610N,24.185583E,29,30.1,283
824,T,220830,045140,60.168629N,24.185436E,29,31.1,284
825,T,220830,045141,60.168648N,24.185282E,28,31.9,285
826,T,220830,045142,60.168667N,24.185123E,28,32.4,285
827,T,220830,045143,60.168694N,24.184969E,27,32.5,286
828,T,220830,045144,60.168716N,24.184813E,27,32.0,287
829,T,220830,045145,60.168739N,24.184662E,27,31.0,289
830,T,220830,045146,60.168774N,24.184521E,27,29.8,291
831,T,220830,045147,60.168804N,24.184385E,27,28.6,292
832,T,220830,045148,60.168839N,24.184263E,27,27.5,294
833,T,220830,045149,60.168880N,24.184155E,27,26.5,295
834,T,220830,045150,60.168919N,24.184048E,27,25.5,296
835,T,220830,045151,60.168961N,24.183950E,27,25.1,298
836,T,220830,045152,60.169003N,24.183861E,27,24.6,299
837,T,220830,045153,60.169048N,24.183777E,27,23.8,301
838,T,220830,045154,60.169098N,24.183701E,27,23.1,303
839,T,220830,045155,60.169140N,24.183632E,27,21.8,304
840,T,220830,045156,60.169186N,24.183567E,27,21.0,306
841,T,220830,045157,60.169228N,24.183516E,28,19.8,308
842,T,220830,045158,60.169273N,24.183474E,28,18.7,311
843,T,220830,045159,60.169315N,24.183434E,28,18.1,313
844,T,220830,045200,60.169357N,24.183397E,28,17.4,315
845,T,220830,045201,60.169395N,24.183371E,28,16.9,317
846,T,220830,045202,60.169437N,24.183348E,28,16.3,320
847,T,220830,045203,60.169472N,24.183334E,28,14.9,322
848,T,220830,045204,60.169510N,24.183315E,28,14.8,325
849,T,220830,045205,60.169544N,24.183290E,28,14.9,336
850,T,220830,045206,60.169575N,24.183256E,28,15.5,325
851,T,220830,045207,60.169609N,24.183205E,28,15.6,314
852,T,220830,045208,60.169632N,24.183142E,29,16.1,303
853,T,220830,045209,60.169647N,24.183069E,29,16.7,297
854,T,220830,045210,60.169662N,24.182989E,29,17.3,290
855,T,220830,045211,60.169682N,24.182905E,28,17.9,286
856,T,220830,045212,60.169693N,24.182817E,28,18.2,285
857,T,220830,045213,60.169701N,24.182728E,28,18.2,282
858,T,220830,045214,60.169712N,24.182638E,28,18.3,278
859,T,220830,045215,60.169716N,24.182547E,28,18.5,279
860,T,220830,045216,60.169724N,24.182455E,28,18.5,278
861,T,220830,045217,60.169727N,24.182362E,28,18.5,278
862,T,220830,045218,60.169735N,24.182268E,29,18.6,278
863,T,220830,045219,60.169743N,24.182178E,29,18.5,278
864,T,220830,045220,60.169746N,24.182087E,29,18.5,278
865,T,220830,045221,60.169750N,24.181993E,29,18.4,278
866,T,220830,045222,60.169762N,24.181902E,29,18.4,278
867,T,220830,045223,60.169765N,24.181808E,29,18.4,278
868,T,220830,045224,60.169769N,24.181717E,29,18.4,278
869,T,220830,045225,60.169777N,24.181623E,29,18.8,277
870,T,220830,045226,60.169781N,24.181530E,29,18.8,278
871,T,220830,045227,60.169785N,24.181437E,29,18.7,278
872,T,220830,045228,60.169792N,24.181343E,29,18.4,278
873,T,220830,045229,60.169800N,24.181252E,29,18.4,278
874,T,220830,045230,60.169804N,24.181160E,30,18.4,278
875,T,220830,045231,60.169811N,24.181070E,30,18.4,278
876,T,220830,045232,60.169819N,24.180979E,30,18.3,278
877,T,220830,045233,60.169823N,24.180889E,30,18.2,278
878,T,220830,045234,60.169830N,24.180799E,30,17.8,277
879,T,220830,045235,60.169834N,24.180714E,30,17.7,276
880,T,220830,045236,60.169842N,24.180624E,30,17.4,276
881,T,220830,045237,60.169846N,24.180538E,30,17.2,275
882,T,220830,045238,60.169849N,24.180454E,30,17.0,274
883,T,220830,045239,60.169849N,24.180370E,30,16.7,274
884,T,220830,045240,60.169853N,24.180286E,30,16.7,274
885,T,220830,045241,60.169857N,24.180201E,31,16.9,274
886,T,220830,045242,60.169861N,24.180115E,31,17.2,273
887,T,220830,045243,60.169861N,24.180023E,31,17.5,272
888,T,220830,045244,60.169861N,24.179934E,31,17.8,271
889,T,220830,045245,60.169865N,24.179842E,31,17.9,271
890,T,220830,045246,60.169865N,24.179750E,31,18.0,271
891,T,220830,045247,60.169868N,24.179655E,31,18.4,270
892,T,220830,045248,60.169868N,24.179564E,31,18.5,270
893,T,220830,045249,60.169868N,24.179468E,31,18.8,270
894,T,220830,045250,60.169868N,24.179373E,31,19.1,269
895,T,220830,045251,60.169868N,24.179274E,31,19.7,269
896,T,220830,045252,60.169868N,24.179173E,31,19.8,269
897,T,220830,045253,60.169868N,24.179070E,31,20.3,269
898,T,220830,045254,60.169872N,24.178961E,31,20.9,269
899,T,220830,045255,60.169880N,24.178850E,31,21.0,270
900,T,220830,045256,60.169880N,24.178736E,30,21.9,270
901,T,220830,045257,60.169880N,24.178621E,30,22.5,270
902,T,220830,045258,60.169880N,24.178505E,30,23.4,270
903,T,220830,045259,60.169880N,24.178385E,30,23.9,269
904,T,220830,045300,60.169880N,24.178263E,30,24.5,268
905,T,220830,045301,60.169876N,24.178137E,29,25.1,268
906,T,220830,045302,60.169872N,24.178011E,29,25.6,269
907,T,220830,045303,60.169872N,24.177877E,29,26.2,269
908,T,220830,045304,60.169876N,24.177744E,29,26.7,270
909,T,220830,045305,60.169876N,24.177607E,29,27.4,271
910,T,220830,045306,60.169876N,24.177465E,29,27.9,271
911,T,220830,045307,60.169880N,24.177324E,28,28.0,272
912,T,220830,045308,60.169888N,24.177183E,28,28.4,273
913,T,220830,045309,60.169899N,24.177042E,28,28.8,274
914,T,220830,045310,60.169914N,24.176901E,28,28.9,275
915,T,220830,045311,60.169937N,24.176756E,28,28.9,276
916,T,220830,045312,60.169960N,24.176620E,27,28.4,277
917,T,220830,045313,60.169979N,24.176485E,27,27.7,278
918,T,220830,045314,60.170006N,24.176355E,27,27.0,279
919,T,220830,045315,60.170029N,24.176229E,27,25.9,280
920,T,220830,045316,60.170048N,24.176109E,28,24.8,281
921,T,220830,045317,60.170071N,24.175999E,28,23.9,282
922,T,220830,045318,60.170097N,24.175890E,27,23.4,283
923,T,220830,045319,60.170120N,24.175783E,27,22.5,284
924,T,220830,045320,60.170139N,24.175684E,27,22.4,285
925,T,220830,045321,60.170162N,24.175583E,28,21.8,286
926,T,220830,045322,60.170189N,24.175484E,28,21.3,287
927,T,220830,045323,60.170208N,24.175388E,28,21.2,287
928,T,220830,045324,60.170231N,24.175297E,27,20.1,288
929,T,220830,045325,60.170254N,24.175215E,27,19.3,289
930,T,220830,045326,60.170273N,24.175135E,27,18.9,290
931,T,220830,045327,60.170296N,24.175056E,28,18.9,291
932,T,220830,045328,60.170315N,24.174976E,28,18.7,291
933,T,220830,045329,60.170338N,24.174896E,28,18.3,292
934,T,220830,045330,60.170361N,24.174818E,27,17.9,293
935,T,220830,045331,60.170380N,24.174740E,28,17.8,293
936,T,220830,045332,60.170403N,24.174664E,27,17.7,294
937,T,220830,045333,60.170425N,24.174587E,27,17.3,296
938,T,220830,045334,60.170444N,24.174515E,27,17.2,297
939,T,220830,045335,60.170464N,24.174438E,27,17.2,298
940,T,220830,045336,60.170483N,24.174364E,27,17.2,300
941,T,220830,045337,60.170509N,24.174290E,27,17.8,301
942,T,220830,045338,60.170532N,24.174215E,27,17.9,302
943,T,220830,045339,60.170555N,24.174143E,26,17.6,302
944,T,220830,045340,60.170582N,24.174070E,26,17.3,303
945,T,220830,045341,60.170605N,24.173998E,26,17.2,303
946,T,220830,045342,60.170628N,24.173927E,26,17.2,303
947,T,220830,045343,60.170650N,24.173857E,26,17.2,303
948,T,220830,045344,60.170677N,24.173784E,26,17.4,303
949,T,220830,045345,60.170700N,24.173710E,26,17.8,302
950,T,220830,045346,60.170723N,24.173634E,26,18.3,301
951,T,220830,045347,60.170750N,24.173555E,26,18.7,301
952,T,220830,045348,60.170773N,24.173471E,26,19.5,300
953,T,220830,045349,60.170795N,24.173384E,25,20.4,299
954,T,220830,045350,60.170818N,24.173292E,25,21.3,298
955,T,220830,045351,60.170845N,24.173195E,25,22.5,296
956,T,220830,045352,60.170868N,24.173086E,24,23.4,295
957,T,220830,045353,60.170891N,24.172976E,23,24.7,294
958,T,220830,045354,60.170918N,24.172855E,23,26.4,292
959,T,220830,045355,60.170940N,24.172726E,22,27.5,290
960,T,220830,045356,60.170959N,24.172586E,22,28.6,288
961,T,220830,045357,60.170979N,24.172443E,21,29.4,286
962,T,220830,045358,60.171001N,24.172297E,20,30.5,284
963,T,220830,045359,60.171017N,24.172140E,20,31.6,282
964,T,220830,045400,60.171032N,24.171982E,19,32.6,281
965,T,220830,045401,60.171047N,24.171816E,18,33.9,280
966,T,220830,045402,60.171062N,24.171644E,18,35.0,280
967,T,220830,045403,60.171082N,24.171465E,17,35.7,279
968,T,220830,045404,60.171093N,24.171284E,17,36.2,279
969,T,220830,045405,60.171108N,24.171104E,16,35.9,279
970,T,220830,045406,60.171124N,24.170925E,16,35.5,279
971,T,220830,045407,60.171139N,24.170752E,15,34.9,279
972,T,220830,045408,60.171150N,24.170578E,15,34.1,279
973,T,220830,045409,60.171165N,24.170412E,15,33.0,279
974,T,220830,045410,60.171181N,24.170250E,15,31.5,279
975,T,220830,045411,60.171192N,24.170099E,15,30.0,280
976,T,220830,045412,60.171207N,24.169956E,15,28.5,280
977,T,220830,045413,60.171219N,24.169823E,15,26.7,280
978,T,220830,045414,60.171227N,24.169697E,15,24.8,279
979,T,220830,045415,60.171234N,24.169577E,15,24.1,278
980,T,220830,045416,60.171246N,24.169456E,15,24.0,277
981,T,220830,045417,60.171253N,24.169338E,16,23.7,276
982,T,220830,045418,60.171257N,24.169222E,15,23.6,274
983,T,220830,045419,60.171257N,24.169104E,15,23.6,272
984,T,220830,045420,60.171257N,24.168985E,16,23.6,270
985,T,220830,045421,60.171253N,24.168871E,16,23.5,269
986,T,220830,045422,60.171246N,24.168755E,16,23.4,268
987,T,220830,045423,60.171234N,24.168640E,16,23.4,267
988,T,220830,045424,60.171223N,24.168524E,16,23.3,267
989,T,220830,045425,60.171211N,24.168407E,16,23.3,265
990,T,220830,045426,60.171200N,24.168291E,16,23.7,265
991,T,220830,045427,60.171185N,24.168175E,16,23.7,264
992,T,220830,045428,60.171173N,24.168062E,16,23.6,263
993,T,220830,045429,60.171158N,24.167942E,16,23.6,262
994,T,220830,045430,60.171139N,24.167828E,16,23.6,261
995,T,220830,045431,60.171124N,24.167715E,16,23.2,260
996,T,220830,045432,60.171108N,24.167604E,16,23.2,259
997,T,220830,045433,60.171089N,24.167494E,16,23.2,259
998,T,220830,045434,60.171078N,24.167379E,16,23.3,256
999,T,220830,045435,60.171059N,24.167271E,16,22.9,255
1000,T,220830,045436,60.171043N,24.167158E,16,22.8,254
1001,T,220830,045437,60.171032N,24.167048E,16,22.8,253
1002,T,220830,045438,60.171017N,24.166937E,16,22.7,253
1003,T,220830,045439,60.171005N,24.166824E,16,22.7,254
1004,T,220830,045440,60.170994N,24.166714E,17,22.6,255
1005,T,220830,045441,60.170979N,24.166601E,16,22.6,256
1006,T,220830,045442,60.170967N,24.166492E,16,22.3,257
1007,T,220830,045443,60.170956N,24.166384E,16,22.3,257
1008,T,220830,045444,60.170948N,24.166273E,16,22.3,259
1009,T,220830,045445,60.170940N,24.166164E,16,22.3,260
1010,T,220830,045446,60.170933N,24.166056E,17,21.8,262
1011,T,220830,045447,60.170925N,24.165943E,17,22.8,264
1012,T,220830,045448,60.170925N,24.165831E,17,22.7,266
1013,T,220830,045449,60.170921N,24.165718E,17,22.1,269
1014,T,220830,045450,60.170925N,24.165606E,17,22.5,271
1015,T,220830,045451,60.170929N,24.165497E,17,22.2,273
1016,T,220830,045452,60.170933N,24.165384E,17,22.2,275
1017,T,220830,045453,60.170940N,24.165276E,17,22.2,276
1018,T,220830,045454,60.170948N,24.165165E,17,22.1,278
1019,T,220830,045455,60.170959N,24.165058E,17,22.0,280
1020,T,220830,045456,60.170967N,24.164951E,17,21.7,282
1021,T,220830,045457,60.170982N,24.164846E,17,21.3,283
1022,T,220830,045458,60.171001N,24.164749E,17,21.2,285
1023,T,220830,045459,60.171017N,24.164654E,17,20.9,286
1024,T,220830,045500,60.171036N,24.164555E,18,20.8,288
1025,T,220830,045501,60.171055N,24.164459E,18,20.8,290
1026,T,220830,045502,60.171078N,24.164364E,18,20.9,292
1027,T,220830,045503,60.171101N,24.164267E,18,21.0,294
1028,T,220830,045504,60.171124N,24.164171E,18,21.4,295
1029,T,220830,045505,60.171146N,24.164076E,18,21.7,297
1030,T,220830,045506,60.171177N,24.163982E,18,22.1,298
1031,T,220830,045507,60.171204N,24.163885E,18,22.6,300
1032,T,220830,045508,60.171230N,24.163790E,18,22.6,301
1033,T,220830,045509,60.171265N,24.163696E,18,22.7,303
1034,T,220830,045510,60.171295N,24.163605E,18,23.0,305
1035,T,220830,045511,60.171337N,24.163515E,18,23.4,306
1036,T,220830,045512,60.171375N,24.163431E,17,23.5,308
1037,T,220830,045513,60.171421N,24.163347E,17,23.6,309
1038,T,220830,045514,60.171463N,24.163275E,17,23.5,310
1039,T,220830,045515,60.171513N,24.163202E,17,23.4,311
1040,T,220830,045516,60.171558N,24.163136E,17,23.3,312
1041,T,220830,045517,60.171608N,24.163076E,17,23.0,314
1042,T,220830,045518,60.171658N,24.163015E,17,23.0,315
1043,T,220830,045519,60.171707N,24.162960E,17,23.2,317
1044,T,220830,045520,60.171761N,24.162909E,17,23.2,318
1045,T,220830,045521,60.171810N,24.162863E,17,23.4,320
1046,T,220830,045522,60.171867N,24.162823E,17,23.4,322
1047,T,220830,045523,60.171925N,24.162788E,17,23.4,324
1048,T,220830,045524,60.171986N,24.162758E,17,23.4,326
1049,T,220830,045525,60.172039N,24.162733E,17,23.4,328
1050,T,220830,045526,60.172096N,24.162710E,17,23.4,330
1051,T,220830,045527,60.172157N,24.162685E,17,23.4,332
1052,T,220830,045528,60.172211N,24.162663E,16,23.4,334
1053,T,220830,045529,60.172268N,24.162642E,16,23.4,335
1054,T,220830,045530,60.172325N,24.162624E,16,23.4,337
1055,T,220830,045531,60.172379N,24.162605E,16,23.4,338
1056,T,220830,045532,60.172440N,24.162582E,16,23.8,339
1057,T,220830,045533,60.172501N,24.162556E,16,23.9,340
1058,T,220830,045534,60.172562N,24.162533E,16,24.2,341
1059,T,220830,045535,60.172615N,24.162504E,15,24.5,343
1060,T,220830,045536,60.172676N,24.162476E,15,25.0,345
1061,T,220830,045537,60.172741N,24.162439E,15,25.5,345
1062,T,220830,045538,60.172798N,24.162401E,15,26.3,345
1063,T,220830,045539,60.172863N,24.162357E,14,27.1,344
1064,T,220830,045540,60.172928N,24.162308E,14,27.7,343
1065,T,220830,045541,60.172993N,24.162249E,13,28.2,343
1066,T,220830,045542,60.173058N,24.162180E,13,28.8,342
1067,T,220830,045543,60.173115N,24.162104E,12,29.4,341
1068,T,220830,045544,60.173180N,24.162024E,12,29.8,339
1069,T,220830,045545,60.173241N,24.161932E,11,30.4,338
1070,T,220830,045546,60.173302N,24.161835E,11,31.1,336
1071,T,220830,045547,60.173359N,24.161728E,10,31.5,335
1072,T,220830,045548,60.173420N,24.161619E,10,32.1,333
1073,T,220830,045549,60.173477N,24.161509E,9,32.6,331
1074,T,220830,045550,60.173534N,24.161392E,9,32.7,330
1075,T,220830,045551,60.173592N,24.161276E,9,32.6,328
1076,T,220830,045552,60.173649N,24.161156E,8,31.9,326
1077,T,220830,045553,60.173702N,24.161039E,8,31.4,325
1078,T,220830,045554,60.173756N,24.160925E,8,30.7,324
1079,T,220830,045555,60.173805N,24.160810E,8,30.0,322
1080,T,220830,045556,60.173851N,24.160696E,8,29.6,321
1081,T,220830,045557,60.173901N,24.160583E,8,29.1,320
1082,T,220830,045558,60.173946N,24.160469E,8,28.4,318
1083,T,220830,045559,60.173992N,24.160360E,8,27.9,317
1084,T,220830,045600,60.174030N,24.160248E,7,27.5,316
1085,T,220830,045601,60.174072N,24.160139E,7,27.0,315
1086,T,220830,045602,60.174110N,24.160036E,7,26.6,314
1087,T,220830,045603,60.174152N,24.159924E,7,26.5,313
1088,T,220830,045604,60.174187N,24.159817E,7,26.4,312
1089,T,220830,045605,60.174221N,24.159706E,7,26.0,311
1090,T,220830,045606,60.174255N,24.159599E,7,25.9,310
1091,T,220830,045607,60.174294N,24.159492E,7,25.4,309
1092,T,220830,045608,60.174324N,24.159384E,7,25.1,309
1093,T,220830,045609,60.174355N,24.159275E,7,25.1,308
1094,T,220830,045610,60.174389N,24.159166E,7,25.1,307
1095,T,220830,045611,60.174419N,24.159060E,7,25.1,306
1096,T,220830,045612,60.174446N,24.158953E,7,25.1,305
1097,T,220830,045613,60.174480N,24.158844E,7,25.0,305
1098,T,220830,045614,60.174511N,24.158735E,7,25.0,304
1099,T,220830,045615,60.174541N,24.158627E,7,24.9,303
1100,T,220830,045616,60.174568N,24.158518E,6,24.6,303
1101,T,220830,045617,60.174595N,24.158409E,6,24.5,302
1102,T,220830,045618,60.174625N,24.158300E,6,24.4,300
1103,T,220830,045619,60.174652N,24.158192E,6,24.1,299
1104,T,220830,045620,60.174679N,24.158085E,6,24.0,298
1105,T,220830,045621,60.174709N,24.157976E,6,24.0,297
1106,T,220830,045622,60.174736N,24.157867E,6,24.0,296
1107,T,220830,045623,60.174759N,24.157761E,6,24.2,296
1108,T,220830,045624,60.174789N,24.157650E,6,24.2,296
1109,T,220830,045625,60.174816N,24.157541E,6,24.1,296
1110,T,220830,045626,60.174839N,24.157438E,6,23.5,297
1111,T,220830,045627,60.174870N,24.157335E,6,23.2,296
1112,T,220830,045628,60.174892N,24.157230E,6,22.9,296
1113,T,220830,045629,60.174919N,24.157127E,6,22.8,296
1114,T,220830,045630,60.174938N,24.157024E,6,22.7,295
1115,T,220830,045631,60.174965N,24.156918E,6,22.7,295
1116,T,220830,045632,60.174988N,24.156816E,6,22.6,295
1117,T,220830,045633,60.175007N,24.156715E,6,22.6,295
1118,T,220830,045634,60.175037N,24.156618E,6,22.5,295
1119,T,220830,045635,60.175056N,24.156515E,6,22.5,294
1120,T,220830,045636,60.175076N,24.156416E,6,22.5,293
1121,T,220830,045637,60.175098N,24.156313E,6,22.6,292
1122,T,220830,045638,60.175121N,24.156206E,6,23.0,292
1123,T,220830,045639,60.175140N,24.156097E,6,23.1,291
1124,T,220830,045640,60.175163N,24.155991E,6,23.2,291
1125,T,220830,045641,60.175182N,24.155884E,6,23.2,291
1126,T,220830,045642,60.175205N,24.155775E,6,23.3,290
1127,T,220830,045643,60.175224N,24.155664E,6,23.0,289
1128,T,220830,045644,60.175243N,24.155556E,6,23.0,289
1129,T,220830,045645,60.175262N,24.155445E,6,22.8,289
1130,T,220830,045646,60.175282N,24.155338E,6,22.7,289
1131,T,220830,045647,60.175301N,24.155228E,6,22.7,288
1132,T,220830,045648,60.175316N,24.155123E,6,22.7,288
1133,T,220830,045649,60.175331N,24.155014E,6,22.7,287
1134,T,220830,045650,60.175350N,24.154903E,6,23.4,286
1135,T,220830,045651,60.175365N,24.154793E,6,22.6,285
1136,T,220830,045652,60.175381N,24.154680E,6,23.2,284
1137,T,220830,045653,60.175392N,24.154564E,6,23.2,283
1138,T,220830,045654,60.175407N,24.154449E,6,22.8,282
1139,T,220830,045655,60.175415N,24.154339E,7,22.2,281
1140,T,220830,045656,60.175423N,24.154230E,7,22.1,279
1141,T,220830,045657,60.175430N,24.154119E,7,22.0,278
1142,T,220830,045658,60.175442N,24.154013E,7,22.1,277
1143,T,220830,045659,60.175446N,24.153902E,7,22.1,275
1144,T,220830,045700,60.175449N,24.153791E,7,22.1,274
1145,T,220830,045701,60.175449N,24.153681E,7,22.2,273
1146,T,220830,045702,60.175449N,24.153563E,7,22.2,272
1147,T,220830,045703,60.175449N,24.153444E,7,22.2,271
1148,T,220830,045704,60.175453N,24.153332E,7,22.1,271
1149,T,220830,045705,60.175453N,24.153225E,7,21.8,270
1150,T,220830,045706,60.175449N,24.153118E,7,21.8,270
1151,T,220830,045707,60.175449N,24.153013E,7,21.8,270
1152,T,220830,045708,60.175449N,24.152906E,7,21.9,270
1153,T,220830,045709,60.175449N,24.152798E,7,22.0,270
1154,T,220830,045710,60.175449N,24.152687E,7,22.1,270
1155,T,220830,045711,60.175449N,24.152578E,7,22.1,270
1156,T,220830,045712,60.175449N,24.152464E,7,22.2,269
1157,T,220830,045713,60.175449N,24.152351E,7,22.2,269
1158,T,220830,045714,60.175449N,24.152239E,7,22.2,269
1159,T,220830,045715,60.175449N,24.152124E,7,22.3,269
1160,T,220830,045716,60.175449N,24.152012E,7,22.3,269
1161,T,220830,045717,60.175449N,24.151901E,7,22.2,269
1162,T,220830,045718,60.175449N,24.151793E,7,22.2,268
1163,T,220830,045719,60.175446N,24.151684E,7,21.7,269
1164,T,220830,045720,60.175446N,24.151575E,7,21.6,269
1165,T,220830,045721,60.175446N,24.151472E,7,21.2,269
1166,T,220830,045722,60.175446N,24.151367E,7,21.1,270
1167,T,220830,045723,60.175446N,24.151264E,7,20.5,271
1168,T,220830,045724,60.175449N,24.151163E,8,20.2,271
1169,T,220830,045725,60.175449N,24.151064E,8,19.6,272
1170,T,220830,045726,60.175449N,24.150967E,8,19.5,272
1171,T,220830,045727,60.175453N,24.150869E,8,19.4,272
1172,T,220830,045728,60.175457N,24.150772E,8,19.3,272
1173,T,220830,045729,60.175457N,24.150675E,8,19.2,272
1174,T,220830,045730,60.175461N,24.150576E,9,19.1,272
1175,T,220830,045731,60.175461N,24.150478E,9,19.1,272
1176,T,220830,045732,60.175465N,24.150381E,9,19.0,273
1177,T,220830,045733,60.175468N,24.150284E,10,18.7,273
1178,T,220830,045734,60.175472N,24.150190E,10,18.4,273
1179,T,220830,045735,60.175472N,24.150101E,10,18.3,273
1180,T,220830,045736,60.175472N,24.150015E,10,17.9,272
1181,T,220830,045737,60.175476N,24.149927E,10,17.6,272
1182,T,220830,045738,60.175480N,24.149843E,11,17.2,273
1183,T,220830,045739,60.175480N,24.149763E,11,17.1,273
1184,T,220830,045740,60.175484N,24.149681E,11,16.8,273
1185,T,220830,045741,60.175488N,24.149603E,11,16.7,273
1186,T,220830,045742,60.175488N,24.149521E,11,16.7,273
1187,T,220830,045743,60.175491N,24.149441E,11,16.8,273
1188,T,220830,045744,60.175491N,24.149357E,11,16.9,273
1189,T,220830,045745,60.175495N,24.149277E,11,17.0,273
1190,T,220830,045746,60.175495N,24.149191E,11,17.5,273
1191,T,220830,045747,60.175499N,24.149103E,11,17.7,272
1192,T,220830,045748,60.175499N,24.149015E,12,17.7,273
1193,T,220830,045749,60.175503N,24.148926E,12,17.8,273
1194,T,220830,045750,60.175503N,24.148838E,12,17.8,272
1195,T,220830,045751,60.175507N,24.148752E,12,17.8,272
1196,T,220830,045752,60.175507N,24.148663E,12,17.8,272
1197,T,220830,045753,60.175510N,24.148575E,12,17.8,272
1198,T,220830,045754,60.175510N,24.148483E,12,17.7,272
1199,T,220830,045755,60.175514N,24.148396E,12,17.7,273
1200,T,220830,045756,60.175522N,24.148308E,13,17.8,273
1201,T,220830,045757,60.175522N,24.148220E,13,17.8,273
1202,T,220830,045758,60.175526N,24.148130E,13,17.9,273
1203,T,220830,045759,60.175526N,24.148041E,13,18.6,273
1204,T,220830,045800,60.175529N,24.147945E,13,18.6,272
1205,T,220830,045801,60.175529N,24.147854E,13,18.7,272
1206,T,220830,045802,60.175529N,24.147760E,13,18.8,272
1207,T,220830,045803,60.175533N,24.147663E,13,18.9,272
1208,T,220830,045804,60.175533N,24.147570E,13,19.0,272
1209,T,220830,045805,60.175537N,24.147476E,13,19.1,272
1210,T,220830,045806,60.175537N,24.147379E,13,19.1,272
1211,T,220830,045807,60.175537N,24.147278E,13,19.2,272
1212,T,220830,045808,60.175541N,24.147179E,13,19.2,272
1213,T,220830,045809,60.175541N,24.147078E,13,19.2,272
1214,T,220830,045810,60.175545N,24.146976E,13,19.2,272
1215,T,220830,045811,60.175549N,24.146875E,14,19.3,272
1216,T,220830,045812,60.175549N,24.146776E,14,19.6,273
1217,T,220830,045813,60.175552N,24.146673E,14,19.6,273
1218,T,220830,045814,60.175552N,24.146574E,14,19.5,272
1219,T,220830,045815,60.175556N,24.146475E,14,19.3,272
1220,T,220830,045816,60.175560N,24.146376E,14,18.9,272
1221,T,220830,045817,60.175560N,24.146280E,15,18.5,272
1222,T,220830,045818,60.175564N,24.146185E,15,18.0,271
1223,T,220830,045819,60.175564N,24.146093E,15,17.7,272
1224,T,220830,045820,60.175568N,24.146004E,15,17.2,273
1225,T,220830,045821,60.175575N,24.145924E,15,16.2,288
1226,T,220830,045822,60.175598N,24.145864E,15,16.2,329
1227,T,220830,045823,60.175640N,24.145832E,15,17.3,345
1228,T,220830,045824,60.175690N,24.145815E,15,18.5,348
1229,T,220830,045825,60.175732N,24.145794E,14,18.4,346
1230,T,220830,045826,60.175781N,24.145773E,14,18.7,345
1231,T,220830,045827,60.175823N,24.145744E,14,19.1,343
1232,T,220830,045828,60.175873N,24.145716E,14,19.1,341
1233,T,220830,045829,60.175919N,24.145683E,14,19.2,342
1234,T,220830,045830,60.175964N,24.145655E,15,19.2,341
1235,T,220830,045831,60.176010N,24.145624E,15,19.3,341
1236,T,220830,045832,60.176056N,24.145594E,15,19.3,342
1237,T,220830,045833,60.176105N,24.145563E,15,19.3,342
1238,T,220830,045834,60.176151N,24.145536E,15,19.3,342
1239,T,220830,045835,60.176197N,24.145510E,15,19.3,341
1240,T,220830,045836,60.176243N,24.145479E,15,19.3,341
1241,T,220830,045837,60.176289N,24.145445E,15,19.0,340
1242,T,220830,045838,60.176334N,24.145414E,15,18.9,340
1243,T,220830,045839,60.176380N,24.145384E,15,18.6,341
1244,T,220830,045840,60.176430N,24.145353E,15,18.6,341
1245,T,220830,045841,60.176472N,24.145325E,15,18.7,341
1246,T,220830,045842,60.176521N,24.145294E,15,19.2,342
1247,T,220830,045843,60.176563N,24.145264E,15,19.2,341
1248,T,220830,045844,60.176613N,24.145233E,15,19.3,340
1249,T,220830,045845,60.176659N,24.145203E,15,19.3,341
1250,T,220830,045846,60.176704N,24.145172E,15,19.3,341
1251,T,220830,045847,60.176750N,24.145140E,15,19.4,341
1252,T,220830,045848,60.176800N,24.145109E,15,19.7,342
1253,T,220830,045849,60.176846N,24.145082E,15,20.4,342
1254,T,220830,045850,60.176891N,24.145046E,15,20.9,341
1255,T,220830,045851,60.176945N,24.145014E,14,20.9,341
1256,T,220830,045852,60.176994N,24.144983E,14,20.9,342
1257,T,220830,045853,60.177044N,24.144951E,14,21.0,341
1258,T,220830,045854,60.177097N,24.144917E,14,21.6,342
1259,T,220830,045855,60.177147N,24.144878E,13,22.0,341
1260,T,220830,045856,60.177200N,24.144844E,13,22.7,341
1261,T,220830,045857,60.177258N,24.144808E,13,23.1,341
1262,T,220830,045858,60.177311N,24.144773E,12,23.1,341
1263,T,220830,045859,60.177368N,24.144737E,12,23.2,341
1264,T,220830,045900,60.177422N,24.144699E,12,23.5,341
1265,T,220830,045901,60.177479N,24.144665E,12,23.4,341
1266,T,220830,045902,60.177536N,24.144627E,12,23.1,341
1267,T,220830,045903,60.177589N,24.144590E,12,22.7,341
1268,T,220830,045904,60.177643N,24.144556E,12,22.4,342
1269,T,220830,045905,60.177696N,24.144524E,12,22.3,342
1270,T,220830,045906,60.177753N,24.144480E,12,22.4,341
1271,T,220830,045907,60.177803N,24.144440E,12,22.3,341
1272,T,220830,045908,60.177856N,24.144402E,12,22.3,340
1273,T,220830,045909,60.177914N,24.144360E,12,22.4,338
1274,T,220830,045910,60.177959N,24.144316E,11,22.7,338
1275,T,220830,045911,60.178013N,24.144264E,11,22.7,337
1276,T,220830,045912,60.178059N,24.144203E,11,22.8,336
1277,T,220830,045913,60.178112N,24.144136E,11,23.4,335
1278,T,220830,045914,60.178162N,24.144064E,11,23.8,334
1279,T,220830,045915,60.178204N,24.143984E,11,23.9,332
1280,T,220830,045916,60.178249N,24.143902E,11,24.0,331
1281,T,220830,045917,60.178284N,24.143812E,10,23.9,329
1282,T,220830,045918,60.178322N,24.143721E,10,23.8,327
1283,T,220830,045919,60.178360N,24.143623E,10,23.7,325
1284,T,220830,045920,60.178394N,24.143532E,10,23.2,324
1285,T,220830,045921,60.178432N,24.143442E,10,22.8,322
1286,T,220830,045922,60.178467N,24.143354E,10,22.7,320
1287,T,220830,045923,60.178501N,24.143265E,10,22.5,319
1288,T,220830,045924,60.178532N,24.143175E,10,22.4,318
1289,T,220830,045925,60.178570N,24.143085E,10,22.3,316
1290,T,220830,045926,60.178600N,24.142998E,10,22.2,315
1291,T,220830,045927,60.178631N,24.142912E,10,21.8,314
1292,T,220830,045928,60.178665N,24.142824E,10,21.7,314
1293,T,220830,045929,60.178699N,24.142740E,10,21.7,313
1294,T,220830,045930,60.178734N,24.142656E,10,21.4,312
1295,T,220830,045931,60.178764N,24.142572E,10,20.9,310
1296,T,220830,045932,60.178795N,24.142492E,10,20.4,308
1297,T,220830,045933,60.178825N,24.142414E,10,20.3,307
1298,T,220830,045934,60.178856N,24.142336E,10,19.9,307
1299,T,220830,045935,60.178886N,24.142256E,11,19.8,307
1300,T,220830,045936,60.178917N,24.142178E,11,19.4,306
1301,T,220830,045937,60.178944N,24.142103E,11,19.2,307
1302,T,220830,045938,60.178970N,24.142038E,11,18.6,307
1303,T,220830,045939,60.179001N,24.141966E,11,18.5,307
1304,T,220830,045940,60.179028N,24.141893E,11,18.0,307
1305,T,220830,045941,60.179050N,24.141823E,11,17.8,308
1306,T,220830,045942,60.179081N,24.141754E,12,17.2,307
1307,T,220830,045943,60.179108N,24.141685E,12,16.9,307
1308,T,220830,045944,60.179131N,24.141623E,12,16.5,307
1309,T,220830,045945,60.179157N,24.141554E,12,16.2,308
1310,T,220830,045946,60.179180N,24.141487E,12,16.2,308
1311,T,220830,045947,60.179207N,24.141424E,12,16.3,307
1312,T,220830,045948,60.179234N,24.141356E,12,16.7,307
1313,T,220830,045949,60.179256N,24.141287E,12,17.0,307
1314,T,220830,045950,60.179279N,24.141216E,12,17.6,306
1315,T,220830,045951,60.179310N,24.141144E,12,17.7,307
1316,T,220830,045952,60.179337N,24.141073E,12,18.2,307
1317,T,220830,045953,60.179363N,24.141001E,12,18.3,308
1318,T,220830,045954,60.179394N,24.140924E,11,18.4,307
1319,T,220830,045955,60.179420N,24.140850E,11,18.0,307
1320,T,220830,045956,60.179447N,24.140783E,11,17.2,315
1321,T,220830,045957,60.179485N,24.140736E,11,16.5,330
1322,T,220830,045958,60.179523N,24.140703E,11,16.5,344
1323,T,220830,045959,60.179565N,24.140696E,11,17.5,2
1324,T,220830,050000,60.179607N,24.140717E,11,17.9,21
1325,T,220830,050001,60.179649N,24.140757E,10,18.0,30
1326,T,220830,050002,60.179688N,24.140806E,10,18.7,33
1327,T,220830,050003,60.179722N,24.140865E,10,18.7,41
1328,T,220830,050004,60.179756N,24.140934E,10,19.0,43
1329,T,220830,050005,60.179790N,24.141001E,10,19.1,40
1330,T,220830,050006,60.179829N,24.141064E,9,19.7,40
1331,T,220830,050007,60.179863N,24.141132E,10,20.5,40
1332,T,220830,050008,60.179905N,24.141211E,9,21.1,40
1333,T,220830,050009,60.179939N,24.141287E,9,21.7,40
1334,T,220830,050010,60.179981N,24.141363E,9,22.2,41
1335,T,220830,050011,60.180023N,24.141441E,9,22.7,42
1336,T,220830,050012,60.180065N,24.141516E,9,22.1,41
1337,T,220830,050013,60.180103N,24.141590E,9,21.5,41
1338,T,220830,050014,60.180149N,24.141663E,9,21.2,40
1339,T,220830,050015,60.180183N,24.141731E,9,20.5,41
1340,T,220830,050016,60.180225N,24.141802E,9,20.9,41
1341,T,220830,050017,60.180271N,24.141890E,8,21.3,41
1342,T,220830,050018,60.180309N,24.141960E,8,21.3,41
1343,T,220830,050019,60.180347N,24.142027E,8,21.3,41
1344,T,220830,050020,60.180389N,24.142096E,7,21.3,40
1345,T,220830,050021,60.180431N,24.142160E,8,21.4,39
1346,T,220830,050022,60.180477N,24.142220E,8,21.5,38
1347,T,220830,050023,60.180519N,24.142275E,7,21.5,27
1348,T,220830,050024,60.180573N,24.142309E,7,22.0,16
1349,T,220830,050025,60.180630N,24.142326E,7,22.4,5
1350,T,220830,050026,60.180683N,24.142321E,7,23.4,352
1351,T,220830,050027,60.180744N,24.142290E,7,23.5,342
1352,T,220830,050028,60.180801N,24.142244E,6,23.4,334
1353,T,220830,050029,60.180855N,24.142183E,6,24.0,330
1354,T,220830,050030,60.180908N,24.142122E,6,23.7,331
1355,T,220830,050031,60.180965N,24.142063E,6,23.3,332
1356,T,220830,050032,60.181015N,24.142017E,6,23.3,340
1357,T,220830,050033,60.181076N,24.141981E,6,24.0,346
1358,T,220830,050034,60.181137N,24.141954E,6,24.1,349
1359,T,220830,050035,60.181194N,24.141935E,6,23.5,353
1360,T,220830,050036,60.181252N,24.141924E,6,22.7,356
1361,T,220830,050037,60.181309N,24.141916E,6,22.0,356
1362,T,220830,050038,60.181362N,24.141911E,6,21.5,355
1363,T,220830,050039,60.181416N,24.141903E,6,21.1,356
1364,T,220830,050040,60.181473N,24.141895E,6,21.0,356
1365,T,220830,050041,60.181519N,24.141888E,6,20.9,356
1366,T,220830,050042,60.181572N,24.141882E,6,20.8,356
1367,T,220830,050043,60.181629N,24.141876E,6,20.8,356
1368,T,220830,050044,60.181679N,24.141869E,6,20.6,356
1369,T,220830,050045,60.181728N,24.141863E,6,20.6,356
1370,T,220830,050046,60.181782N,24.141855E,6,20.5,356
1371,T,220830,050047,60.181831N,24.141848E,6,20.4,356
1372,T,220830,050048,60.181885N,24.141840E,6,20.3,355
1373,T,220830,050049,60.181931N,24.141836E,7,20.3,356
1374,T,220830,050050,60.181984N,24.141825E,7,20.3,355
1375,T,220830,050051,60.182037N,24.141815E,7,20.3,355
1376,T,220830,050052,60.182087N,24.141809E,7,20.3,356
1377,T,220830,050053,60.182140N,24.141804E,7,20.2,356
1378,T,220830,050054,60.182194N,24.141796E,7,19.8,355
1379,T,220830,050055,60.182240N,24.141787E,7,19.9,355
1380,T,220830,050056,60.182289N,24.141783E,7,19.0,356
1381,T,220830,050057,60.182331N,24.141781E,7,17.5,357
1382,T,220830,050058,60.182373N,24.141775E,7,15.7,357
1383,T,220830,050059,60.182411N,24.141771E,7,15.6,357
1384,T,220830,050100,60.182453N,24.141760E,7,17.1,344
1385,T,220830,050101,60.182491N,24.141743E,7,17.5,345
1386,T,220830,050102,60.182537N,24.141731E,7,18.3,346
1387,T,220830,050103,60.182583N,24.141722E,7,19.6,347
1388,T,220830,050104,60.182632N,24.141712E,7,20.3,348
1389,T,220830,050105,60.182686N,24.141705E,7,20.5,348
1390,T,220830,050106,60.182735N,24.141697E,7,20.9,349
1391,T,220830,050107,60.182789N,24.141685E,7,21.0,350
1392,T,220830,050108,60.182838N,24.141680E,7,21.5,350
1393,T,220830,050109,60.182896N,24.141676E,7,21.5,351
1394,T,220830,050110,60.182953N,24.141670E,7,21.5,352
1395,T,220830,050111,60.183002N,24.141670E,8,21.6,1
1396,T,220830,050112,60.183056N,24.141676E,8,21.1,4
1397,T,220830,050113,60.183109N,24.141687E,8,20.7,6
1398,T,220830,050114,60.183159N,24.141705E,8,19.8,6
1399,T,220830,050115,60.183205N,24.141726E,8,19.1,7
1400,T,220830,050116,60.183247N,24.141752E,9,18.3,8
1401,T,220830,050117,60.183292N,24.141779E,9,17.4,9
1402,T,220830,050118,60.183327N,24.141809E,9,16.5,10
1403,T,220830,050119,60.183369N,24.141840E,10,15.5,11
1404,T,220830,050120,60.183399N,24.141869E,10,14.7,12
1405,T,220830,050121,60.183434N,24.141899E,10,14.1,13
1406,T,220830,050122,60.183460N,24.141928E,11,13.5,14
1407,T,220830,050123,60.183487N,24.141958E,11,13.3,15
1408,T,220830,050124,60.183517N,24.141985E,11,12.8,16
1409,T,220830,050125,60.183544N,24.142012E,12,12.7,17
1410,T,220830,050126,60.183571N,24.142036E,12,12.2,18
1411,T,220830,050127,60.183601N,24.142059E,13,11.7,19
1412,T,220830,050128,60.183624N,24.142082E,13,11.7,21
1413,T,220830,050129,60.183651N,24.142103E,14,11.6,22
1414,T,220830,050130,60.183678N,24.142128E,14,11.5,23
1415,T,220830,050131,60.183704N,24.142147E,14,11.0,22
1416,T,220830,050132,60.183727N,24.142168E,15,10.9,21
1417,T,220830,050133,60.183758N,24.142187E,15,10.5,21
1418,T,220830,050134,60.183781N,24.142208E,16,10.5,20
1419,T,220830,050135,60.183804N,24.142225E,16,10.2,19
1420,T,220830,050136,60.183826N,24.142244E,16,9.8,19
1421,T,220830,050137,60.183853N,24.142258E,17,9.5,13
1422,T,220830,050138,60.183876N,24.142267E,17,9.2,9
1423,T,220830,050139,60.183899N,24.142279E,18,8.9,11
1424,T,220830,050140,60.183922N,24.142288E,18,8.9,13
1425,T,220830,050141,60.183941N,24.142296E,18,8.2,11
1426,T,220830,050142,60.183964N,24.142303E,19,8.5,10
1427,T,220830,050143,60.183983N,24.142307E,19,8.1,8
1428,T,220830,050144,60.184010N,24.142315E,19,8.0,7
1429,T,220830,050145,60.184032N,24.142317E,20,9.0,5
1430,T,220830,050146,60.184052N,24.142317E,20,8.9,359
1431,T,220830,050147,60.184071N,24.142317E,21,8.5,1
1432,T,220830,050148,60.184097N,24.142317E,21,8.6,356
1433,T,220830,050149,60.184116N,24.142315E,21,8.5,356
1434,T,220830,050150,60.184139N,24.142309E,21,8.7,356
1435,T,220830,050151,60.184158N,24.142303E,21,9.4,353
1436,T,220830,050152,60.184189N,24.142296E,21,10.1,353
1437,T,220830,050153,60.184212N,24.142290E,21,10.5,353
1438,T,220830,050154,60.184238N,24.142282E,21,10.7,352
1439,T,220830,050155,60.184273N,24.142277E,21,11.4,351
1440,T,220830,050156,60.184299N,24.142265E,21,13.0,353
1441,T,220830,050157,60.184334N,24.142262E,21,13.0,352
1442,T,220830,050158,60.184368N,24.142256E,21,13.0,352
1443,T,220830,050159,60.184399N,24.142248E,21,13.4,354
1444,T,220830,050200,60.184437N,24.142246E,21,13.5,1
1445,T,220830,050201,60.184467N,24.142252E,21,14.0,6
1446,T,220830,050202,60.184505N,24.142262E,21,14.4,7
1447,T,220830,050203,60.184540N,24.142277E,21,14.5,11
1448,T,220830,050204,60.184574N,24.142292E,21,15.1,15
1449,T,220830,050205,60.184612N,24.142317E,20,15.7,17
1450,T,220830,050206,60.184647N,24.142342E,20,15.8,19
1451,T,220830,050207,60.184681N,24.142370E,20,14.7,20
1452,T,220830,050208,60.184715N,24.142397E,20,14.1,23
1453,T,220830,050209,60.184746N,24.142426E,20,13.6,24
1454,T,220830,050210,60.184776N,24.142456E,20,13.5,27
1455,T,220830,050211,60.184803N,24.142490E,19,13.9,29
1456,T,220830,050212,60.184837N,24.142527E,19,14.7,31
1457,T,220830,050213,60.184868N,24.142569E,19,15.4,34
1458,T,220830,050214,60.184898N,24.142616E,19,15.5,36
1459,T,220830,050215,60.184929N,24.142662E,18,15.5,37
1460,T,220830,050216,60.184959N,24.142714E,18,15.2,42
1461,T,220830,050217,60.184982N,24.142759E,18,13.0,41
1462,T,220830,050218,60.185005N,24.142796E,18,9.0,41
1463,T,220830,050219,60.185020N,24.142824E,18,5.6,51
1464,T,220830,050220,60.185024N,24.142851E,18,5.6,69
1465,T,220830,050221,60.185028N,24.142874E,18,4.5,69
1466,T,220830,050222,60.185032N,24.142897E,18,0.0,69
1467,T,220830,050223,60.185036N,24.142904E,18,0.0,69
1468,T,220830,050224,60.185032N,24.142908E,17,0.0,69
1469,T,220830,050225,60.185028N,24.142923E,17,0.0,69
1470,T,220830,050226,60.185024N,24.142937E,17,0.0,69
1471,T,220830,050227,60.185024N,24.142942E,17,0.0,69
1472,T,220830,050228,60.185017N,24.142956E,17,0.0,69
1473,T,220830,050229,60.185009N,24.142969E,17,0.0,69
1474,T,220830,050230,60.185001N,24.142994E,17,0.0,69
1475,T,220830,050231,60.184998N,24.143023E,17,0.0,69
1476,T,220830,050232,60.184994N,24.143057E,17,6.8,73
1477,T,220830,050233,60.184982N,24.143089E,17,8.0,77
1478,T,220830,050234,60.184971N,24.143129E,17,8.7,79
1479,T,220830,050235,60.184963N,24.143175E,17,9.7,83
1480,T,220830,050236,60.184952N,24.143223E,17,10.1,87
1481,T,220830,050237,60.184940N,24.143269E,17,9.6,90
1482,T,220830,050238,60.184929N,24.143314E,17,9.7,92
1483,T,220830,050239,60.184917N,24.143351E,17,7.8,125
1484,T,220830,050240,60.184910N,24.143379E,17,5.8,124
1485,T,220830,050241,60.184898N,24.143404E,18,4.3,122
1486,T,220830,050242,60.184895N,24.143431E,18,5.8,120
1487,T,220830,050243,60.184887N,24.143461E,18,7.7,120
1488,T,220830,050244,60.184883N,24.143497E,18,7.8,118
1489,T,220830,050245,60.184875N,24.143534E,18,7.3,118
1490,T,220830,050246,60.184864N,24.143564E,18,6.9,118
1491,T,220830,050247,60.184853N,24.143604E,18,8.8,118
1492,T,220830,050248,60.184845N,24.143642E,18,7.0,117
1493,T,220830,050249,60.184841N,24.143677E,18,7.0,118
1494,T,220830,050250,60.184834N,24.143709E,18,7.4,118
1495,T,220830,050251,60.184830N,24.143744E,18,5.6,117
1496,T,220830,050252,60.184826N,24.143770E,18,5.5,116
1497,T,220830,050253,60.184818N,24.143806E,19,4.9,115
1498,T,220830,050254,60.184818N,24.143845E,19,5.4,113
1499,T,220830,050255,60.184818N,24.143885E,19,6.3,111
1500,T,220830,050256,60.184818N,24.143913E,19,5.9,109
1501,T,220830,050257,60.184814N,24.143942E,19,5.1,108
1502,T,220830,050258,60.184807N,24.143967E,19,6.3,108
1503,T,220830,050259,60.184799N,24.143997E,19,7.3,108
1504,T,220830,050300,60.184799N,24.144035E,20,6.9,107
1505,T,220830,050301,60.184795N,24.144077E,20,8.2,105
1506,T,220830,050302,60.184795N,24.144129E,20,9.4,104
1507,T,220830,050303,60.184792N,24.144176E,19,9.3,101
1508,T,220830,050304,60.184784N,24.144217E,19,7.8,102
1509,T,220830,050305,60.184780N,24.144260E,19,8.0,101
1510,T,220830,050306,60.184772N,24.144299E,19,7.4,103
1511,T,220830,050307,60.184765N,24.144341E,19,8.1,110
1512,T,220830,050308,60.184761N,24.144379E,19,7.2,109
1513,T,220830,050309,60.184753N,24.144421E,20,8.7,109
1514,T,220830,050310,60.184738N,24.144464E,20,8.6,109
1515,T,220830,050311,60.184734N,24.144505E,20,8.3,106
1516,T,220830,050312,60.184727N,24.144547E,20,8.4,104
1517,T,220830,050313,60.184719N,24.144588E,20,7.7,103
1518,T,220830,050314,60.184715N,24.144629E,20,7.8,102
1519,T,220830,050315,60.184711N,24.144672E,20,8.9,93
1520,T,220830,050316,60.184708N,24.144712E,20,7.6,94
1521,T,220830,050317,60.184704N,24.144753E,20,7.1,96
1522,T,220830,050318,60.184700N,24.144787E,21,7.1,93
1523,T,220830,050319,60.184700N,24.144829E,21,7.7,92
1524,T,220830,050320,60.184704N,24.144869E,21,8.2,91
1525,T,220830,050321,60.184704N,24.144911E,21,7.6,89
1526,T,220830,050322,60.184708N,24.144947E,22,7.5,79
1527,T,220830,050323,60.184711N,24.144983E,22,7.6,80
1528,T,220830,050324,60.184715N,24.145018E,22,7.2,79
1529,T,220830,050325,60.184719N,24.145052E,22,7.2,82
1530,T,220830,050326,60.184719N,24.145084E,22,6.5,80
1531,T,220830,050327,60.184727N,24.145115E,23,5.4,78
1532,T,220830,050328,60.184731N,24.145138E,23,5.1,78
1533,T,220830,050329,60.184734N,24.145170E,23,6.9,77
1534,T,220830,050330,60.184738N,24.145205E,23,6.4,77
1535,T,220830,050331,60.184738N,24.145239E,23,6.7,78
1536,T,220830,050332,60.184738N,24.145275E,24,6.7,79
1537,T,220830,050333,60.184746N,24.145309E,24,6.7,80
1538,T,220830,050334,60.184750N,24.145346E,24,6.9,80
1539,T,220830,050335,60.184753N,24.145380E,24,6.8,80
1540,T,220830,050336,60.184753N,24.145416E,24,6.8,82
1541,T,220830,050337,60.184757N,24.145452E,25,6.4,74
1542,T,220830,050338,60.184761N,24.145479E,25,5.6,75
1543,T,220830,050339,60.184769N,24.145508E,25,5.7,77
1544,T,220830,050340,60.184769N,24.145536E,25,5.0,77
1545,T,220830,050341,60.184772N,24.145559E,26,4.8,83
1546,T,220830,050342,60.184772N,24.145582E,26,3.8,90
1547,T,220830,050343,60.184776N,24.145601E,26,4.4,89
1548,T,220830,050344,60.184780N,24.145624E,26,4.8,87
1549,T,220830,050345,60.184784N,24.145643E,27,4.9,84
1550,T,220830,050346,60.184792N,24.145670E,27,6.1,82
1551,T,220830,050347,60.184799N,24.145699E,27,7.2,57
1552,T,220830,050348,60.184807N,24.145733E,27,7.7,57
1553,T,220830,050349,60.184814N,24.145763E,27,6.9,57
1554,T,220830,050350,60.184826N,24.145790E,28,6.0,57
1555,T,220830,050351,60.184834N,24.145809E,28,4.8,56
1556,T,220830,050352,60.184841N,24.145824E,28,3.8,55
1557,T,220830,050353,60.184849N,24.145834E,28,0.0,55
1558,T,220830,050354,60.184856N,24.145844E,29,4.2,33
1559,T,220830,050355,60.184860N,24.145863E,29,4.3,34
1560,T,220830,050356,60.184875N,24.145876E,29,0.0,34
1561,T,220830,050357,60.184883N,24.145884E,29,0.0,34
1562,T,220830,050358,60.184887N,24.145891E,29,0.0,34
1563,T,220830,050359,60.184891N,24.145897E,30,0.0,34
1564,T,220830,050400,60.184898N,24.145905E,30,0.0,34
1565,T,220830,050401,60.184898N,24.145914E,30,0.0,34
1566,T,220830,050402,60.184902N,24.145924E,30,0.0,34
1567,T,220830,050403,60.184910N,24.145931E,31,0.0,34
1568,T,220830,050404,60.184914N,24.145935E,31,0.0,34
1569,T,220830,050405,60.184914N,24.145945E,31,0.0,34
1570,T,220830,050406,60.184917N,24.145956E,31,0.0,34
1571,T,220830,050407,60.184917N,24.145966E,31,0.0,34
1572,T,220830,050408,60.184917N,24.145979E,32,0.0,34
1573,T,220830,050409,60.184917N,24.145992E,32,0.0,34
1574,T,220830,050410,60.184914N,24.146004E,32,0.0,34
1575,T,220830,050411,60.184917N,24.146015E,32,0.0,34
1576,T,220830,050412,60.184917N,24.146030E,32,0.0,34
1577,T,220830,050413,60.184917N,24.146051E,32,0.0,34
1578,T,220830,050414,60.184917N,24.146076E,33,0.0,34
1579,T,220830,050415,60.184917N,24.146093E,33,0.0,34
1580,T,220830,050416,60.184921N,24.146112E,33,0.0,34
1581,T,220830,050417,60.184921N,24.146126E,33,0.0,34
1582,T,220830,050418,60.184921N,24.146145E,34,0.0,34
1583,T,220830,050419,60.184921N,24.146158E,34,0.0,34
1584,T,220830,050420,60.184921N,24.146175E,34,0.0,34
1585,T,220830,050421,60.184921N,24.146191E,34,0.0,34
1586,T,220830,050422,60.184921N,24.146206E,34,0.0,34
1587,T,220830,050423,60.184921N,24.146219E,35,0.0,34
1588,T,220830,050424,60.184925N,24.146236E,35,0.0,34
1589,T,220830,050425,60.184925N,24.146248E,35,0.0,34
1590,T,220830,050426,60.184925N,24.146263E,35,0.0,34
1591,T,220830,050427,60.184929N,24.146280E,36,0.0,34
1592,T,220830,050428,60.184925N,24.146296E,36,0.0,34
1593,T,220830,050429,60.184929N,24.146315E,36,0.0,34
1594,T,220830,050430,60.184933N,24.146330E,36,0.0,34
1595,T,220830,050431,60.184933N,24.146338E,36,0.0,34
1596,T,220830,050432,60.184937N,24.146351E,37,0.0,34
1597,T,220830,050433,60.184940N,24.146364E,37,0.0,34
1598,T,220830,050434,60.184940N,24.146376E,37,0.0,34
1599,T,220830,050435,60.184940N,24.146387E,37,0.0,34
1600,T,220830,050436,60.184940N,24.146406E,37,0.0,34
1601,T,220830,050437,60.184944N,24.146421E,38,0.0,34
1602,T,220830,050438,60.184944N,24.146437E,38,0.0,34
1603,T,220830,050439,60.184948N,24.146448E,38,0.0,34
1604,T,220830,050440,60.184948N,24.146461E,38,0.0,34
1605,T,220830,050441,60.184948N,24.146473E,39,0.0,34
1606,T,220830,050442,60.184944N,24.146473E,39,0.0,34
1607,T,220830,050443,60.184940N,24.146469E,39,0.0,34
1608,T,220830,050444,60.184940N,24.146469E,39,0.0,34
1609,T,220830,050445,60.184940N,24.146469E,38,0.0,34
1610,T,220830,050446,60.184940N,24.146469E,39,0.0,34
1611,T,220830,050447,60.184940N,24.146473E,39,0.0,34
1612,T,220830,050448,60.184940N,24.146469E,39,0.0,34
1613,T,220830,050449,60.184940N,24.146469E,39,0.0,34
1614,T,220830,050450,60.184937N,24.146469E,39,0.0,34
1615,T,220830,050451,60.184937N,24.146473E,39,0.0,34
1616,T,220830,050452,60.184937N,24.146477E,39,0.0,34
1617,T,220830,050453,60.184940N,24.146490E,39,0.0,34
1618,T,220830,050454,60.184937N,24.146509E,39,3.6,86
1619,T,220830,050455,60.184933N,24.146530E,39,3.6,88
1620,T,220830,050456,60.184933N,24.146551E,39,0.0,88
1621,T,220830,050457,60.184929N,24.146578E,39,3.6,116
1622,T,220830,050458,60.184921N,24.146597E,39,3.6,120
1623,T,220830,050459,60.184914N,24.146618E,39,3.7,120
1624,T,220830,050500,60.184914N,24.146635E,39,3.6,113
1625,T,220830,050501,60.184910N,24.146656E,39,3.7,109
1626,T,220830,050502,60.184910N,24.146673E,39,3.7,106
1627,T,220830,050503,60.184910N,24.146692E,39,3.7,99
1628,T,220830,050504,60.184910N,24.146713E,39,3.7,87
1629,T,220830,050505,60.184914N,24.146732E,40,0.0,87
1630,T,220830,050506,60.184917N,24.146749E,40,0.0,87
1631,T,220830,050507,60.184914N,24.146769E,40,0.0,87
1632,T,220830,050508,60.184914N,24.146784E,40,0.0,87
1633,T,220830,050509,60.184914N,24.146807E,40,3.8,78
1634,T,220830,050510,60.184914N,24.146826E,40,4.2,81
1635,T,220830,050511,60.184910N,24.146851E,40,5.3,83
1636,T,220830,050512,60.184898N,24.146875E,40,4.7,85
1637,T,220830,050513,60.184898N,24.146900E,40,4.3,87
1638,T,220830,050514,60.184895N,24.146923E,40,4.0,89
1639,T,220830,050515,60.184895N,24.146952E,39,4.7,91
1640,T,220830,050516,60.184891N,24.146976E,39,5.1,92
1641,T,220830,050517,60.184887N,24.147001E,40,5.2,94
1642,T,220830,050518,60.184887N,24.147024E,40,0.0,94
1643,T,220830,050519,60.184887N,24.147043E,40,5.4,94
1644,T,220830,050520,60.184891N,24.147068E,40,4.6,93
1645,T,220830,050521,60.184895N,24.147085E,40,0.0,93
1646,T,220830,050522,60.184898N,24.147104E,40,4.1,89
1647,T,220830,050523,60.184898N,24.147123E,40,4.0,88
1648,T,220830,050524,60.184902N,24.147141E,40,4.0,55
1649,T,220830,050525,60.184910N,24.147156E,40,3.8,55
1650,T,220830,050526,60.184914N,24.147173E,40,0.0,55
1651,T,220830,050527,60.184917N,24.147186E,40,0.0,55
1652,T,220830,050528,60.184917N,24.147205E,40,0.0,55
1653,T,220830,050529,60.184914N,24.147228E,40,0.0,55
1654,T,220830,050530,60.184910N,24.147240E,40,0.0,55
1655,T,220830,050531,60.184902N,24.147247E,40,0.0,55
1656,T,220830,050532,60.184898N,24.147259E,40,0.0,55
1657,T,220830,050533,60.184902N,24.147264E,40,0.0,55
1658,T,220830,050534,60.184910N,24.147272E,40,0.0,55
1659,T,220830,050535,60.184914N,24.147284E,40,0.0,55
1660,T,220830,050536,60.184917N,24.147291E,40,0.0,55
1661,T,220830,050537,60.184917N,24.147305E,40,0.0,55
1662,T,220830,050538,60.184925N,24.147324E,40,0.0,55
1663,T,220830,050539,60.184929N,24.147345E,40,3.7,69
1664,T,220830,050540,60.184933N,24.147362E,40,3.8,68
1665,T,220830,050541,60.184940N,24.147375E,40,3.7,67
1666,T,220830,050542,60.184940N,24.147387E,40,0.0,67
1667,T,220830,050543,60.184944N,24.147404E,40,0.0,67
1668,T,220830,050544,60.184948N,24.147421E,40,0.0,67
1669,T,220830,050545,60.184948N,24.147434E,40,0.0,67
1670,T,220830,050546,60.184944N,24.147446E,40,0.0,67
1671,T,220830,050547,60.184944N,24.147457E,40,0.0,67
1672,T,220830,050548,60.184944N,24.147472E,41,0.0,67
1673,T,220830,050549,60.184944N,24.147490E,41,0.0,67
1674,T,220830,050550,60.184948N,24.147509E,41,0.0,67
1675,T,220830,050551,60.184952N,24.147522E,41,0.0,67
1676,T,220830,050552,60.184959N,24.147539E,41,0.0,67
1677,T,220830,050553,60.184959N,24.147560E,41,0.0,67
1678,T,220830,050554,60.184971N,24.147577E,41,4.1,60
1679,T,220830,050555,60.184978N,24.147596E,41,4.1,59
1680,T,220830,050556,60.184982N,24.147610E,41,0.0,59
1681,T,220830,050557,60.184986N,24.147627E,41,0.0,59
1682,T,220830,050558,60.184994N,24.147644E,41,0.0,59
1683,T,220830,050559,60.184994N,24.147663E,41,0.0,59
1684,T,220830,050600,60.185001N,24.147686E,41,3.8,73
1685,T,220830,050601,60.185001N,24.147709E,41,3.9,74
1686,T,220830,050602,60.185013N,24.147739E,41,3.8,72
1687,T,220830,050603,60.185017N,24.147764E,41,3.6,70
1688,T,220830,050604,60.185020N,24.147787E,41,0.0,70
1689,T,220830,050605,60.185024N,24.147806E,41,0.0,70
1690,T,220830,050606,60.185024N,24.147837E,41,0.0,70
1691,T,220830,050607,60.185028N,24.147856E,41,0.0,70
1692,T,220830,050608,60.185036N,24.147867E,41,0.0,70
1693,T,220830,050609,60.185040N,24.147884E,41,0.0,70
1694,T,220830,050610,60.185040N,24.147902E,42,0.0,70
1695,T,220830,050611,60.185040N,24.147915E,42,0.0,70
1696,T,220830,050612,60.185040N,24.147923E,42,0.0,70
1697,T,220830,050613,60.185040N,24.147936E,42,0.0,70
1698,T,220830,050614,60.185043N,24.147945E,42,0.0,70
1699,T,220830,050615,60.185047N,24.147959E,42,0.0,70
1700,T,220830,050616,60.185047N,24.147964E,42,0.0,70
1701,T,220830,050617,60.185051N,24.147961E,42,0.0,70
1702,T,220830,050618,60.185051N,24.147961E,43,0.0,70
1703,T,220830,050619,60.185055N,24.147961E,43,0.0,70
1704,T,220830,050620,60.185059N,24.147957E,43,0.0,70
1705,T,220830,050621,60.185059N,24.147961E,43,0.0,70
1706,T,220830,050622,60.185059N,24.147959E,43,0.0,70
1707,T,220830,050623,60.185059N,24.147959E,43,0.0,70
1708,T,220830,050624,60.185059N,24.147961E,43,0.0,70
1709,T,220830,050625,60.185059N,24.147961E,43,0.0,70
1710,T,220830,050626,60.185055N,24.147961E,43,0.0,70
1711,T,220830,050627,60.185055N,24.147964E,43,0.0,70
1712,T,220830,050628,60.185059N,24.147976E,43,0.0,70
1713,T,220830,050629,60.185059N,24.147982E,43,0.0,70
1714,T,220830,050630,60.185062N,24.147984E,43,0.0,70
1715,T,220830,050631,60.185066N,24.147987E,43,0.0,70
1716,T,220830,050632,60.185078N,24.148001E,43,0.0,70
1717,T,220830,050633,60.185074N,24.148020E,43,0.0,70
1718,T,220830,050634,60.185078N,24.148033E,44,0.0,70
1719,T,220830,050635,60.185078N,24.148048E,44,0.0,70
1720,T,220830,050636,60.185078N,24.148058E,44,0.0,70
1721,T,220830,050637,60.185074N,24.148073E,44,0.0,70
1722,T,220830,050638,60.185066N,24.148085E,44,0.0,70
1723,T,220830,050639,60.185066N,24.148088E,44,0.0,70
1724,T,220830,050640,60.185074N,24.148090E,44,0.0,70
1725,T,220830,050641,60.185081N,24.148092E,44,0.0,70
1726,T,220830,050642,60.185081N,24.148092E,45,0.0,70
1727,T,220830,050643,60.185081N,24.148090E,45,0.0,70
1728,T,220830,050644,60.185078N,24.148090E,45,0.0,70
1729,T,220830,050645,60.185078N,24.148088E,45,0.0,70
1730,T,220830,050646,60.185078N,24.148088E,45,0.0,70
1731,T,220830,050647,60.185078N,24.148088E,45,0.0,70
1732,T,220830,050648,60.185081N,24.148088E,45,0.0,70
1733,T,220830,050649,60.185081N,24.148088E,45,0.0,70
1734,T,220830,050650,60.185081N,24.148090E,45,0.0,70
1735,T,220830,050651,60.185081N,24.148090E,45,0.0,70
1736,T,220830,050652,60.185081N,24.148090E,45,0.0,70
1737,T,220830,050653,60.185078N,24.148090E,45,0.0,70
1738,T,220830,050654,60.185078N,24.148088E,45,0.0,70
1739,T,220830,050655,60.185078N,24.148085E,45,0.0,70
1740,T,220830,050656,60.185078N,24.148085E,45,0.0,70
1741,T,220830,050657,60.185078N,24.148085E,45,0.0,70
1742,T,220830,050658,60.185078N,24.148085E,45,0.0,70
1743,T,220830,050659,60.185078N,24.148085E,45,0.0,70
1744,T,220830,050700,60.185078N,24.148085E,45,0.0,70
1745,T,220830,050701,60.185078N,24.148085E,45,0.0,70
1746,T,220830,050702,60.185078N,24.148085E,45,0.0,70
1747,T,220830,050703,60.185078N,24.148085E,45,0.0,70
1748,T,220830,050704,60.185078N,24.148085E,45,0.0,70
1749,T,220830,050705,60.185078N,24.148085E,45,0.0,70
1750,T,220830,050706,60.185078N,24.148085E,45,0.0,70
1751,T,220830,050707,60.185078N,24.148085E,45,0.0,70
1752,T,220830,050708,60.185078N,24.148085E,45,0.0,70
1753,T,220830,050709,60.185078N,24.148087E,45,0.0,70
1754,T,220830,050710,60.185078N,24.148087E,45,0.0,70
1755,T,220830,050711,60.185078N,24.148087E,45,0.0,70
1756,T,220830,050712,60.185078N,24.148087E,45,0.0,70
1757,T,220830,050713,60.185078N,24.148087E,45,0.0,70
1758,T,220830,050714,60.185078N,24.148087E,45,0.0,70
1759,T,220830,050715,60.185078N,24.148087E,45,0.0,70
1760,T,220830,050716,60.185078N,24.148087E,45,0.0,70
1761,T,220830,050717,60.185078N,24.148087E,45,0.0,70
1762,T,220830,050718,60.185078N,24.148087E,45,0.0,70
1763,T,220830,050719,60.185078N,24.148087E,45,0.0,70
1764,T,220830,050720,60.185078N,24.148087E,45,0.0,70
1765,T,220830,050721,60.185078N,24.148087E,45,0.0,70
1766,T,220830,050722,60.185078N,24.148087E,45,0.0,70
1767,T,220830,050723,60.185078N,24.148087E,45,0.0,70
1768,T,220830,050724,60.185078N,24.148087E,45,0.0,70
1769,T,220830,050725,60.185078N,24.148087E,45,0.0,70
1770,T,220830,050726,60.185078N,24.148087E,45,0.0,70
1771,T,220830,050727,60.185078N,24.148087E,45,0.0,70
1772,T,220830,050728,60.185078N,24.148088E,45,0.0,70
1773,T,220830,050729,60.185078N,24.148088E,45,0.0,70
1774,T,220830,050730,60.185078N,24.148088E,45,0.0,70
1775,T,220830,050731,60.185078N,24.148088E,45,0.0,70
1776,T,220830,050732,60.185081N,24.148090E,45,0.0,70
1777,T,220830,050733,60.185078N,24.148092E,45,0.0,70
1778,T,220830,050734,60.185078N,24.148094E,45,0.0,70
1779,T,220830,050735,60.185078N,24.148096E,45,0.0,70
1780,T,220830,050736,60.185078N,24.148100E,45,0.0,70
1781,T,220830,050737,60.185078N,24.148104E,45,0.0,70
1782,T,220830,050738,60.185078N,24.148104E,45,0.0,70
1783,T,220830,050739,60.185078N,24.148108E,45,0.0,70
1784,T,220830,050740,60.185078N,24.148111E,45,0.0,70
1785,T,220830,050741,60.185078N,24.148115E,45,0.0,70
1786,T,220830,050742,60.185078N,24.148117E,45,0.0,70
1787,T,220830,050743,60.185078N,24.148125E,45,0.0,70
1788,T,220830,050744,60.185078N,24.148129E,45,0.0,70
1789,T,220830,050745,60.185078N,24.148134E,45,0.0,70
1790,T,220830,050746,60.185078N,24.148138E,45,0.0,70
1791,T,220830,050747,60.185078N,24.148148E,45,0.0,70
1792,T,220830,050748,60.185074N,24.148161E,45,0.0,70
1793,T,220830,050749,60.185074N,24.148176E,45,0.0,70
1794,T,220830,050750,60.185074N,24.148191E,45,0.0,70
1795,T,220830,050751,60.185062N,24.148218E,45,0.0,70
1796,T,220830,050752,60.185062N,24.148239E,46,4.1,98
1797,T,220830,050753,60.185074N,24.148260E,46,4.2,93
1798,T,220830,050754,60.185074N,24.148304E,46,4.1,90
1799,T,220830,050755,60.185066N,24.148336E,46,4.9,89
1800,T,220830,050756,60.185074N,24.148369E,46,4.6,85
1801,T,220830,050757,60.185081N,24.148397E,46,5.5,81
1802,T,220830,050758,60.185089N,24.148430E,46,5.2,78
1803,T,220830,050759,60.185097N,24.148457E,46,4.3,75
1804,T,220830,050800,60.185101N,24.148478E,46,4.0,63
1805,T,220830,050801,60.185104N,24.148504E,46,3.6,75
1806,T,220830,050802,60.185108N,24.148523E,46,4.3,75
1807,T,220830,050803,60.185112N,24.148548E,46,4.2,74
1808,T,220830,050804,60.185116N,24.148569E,45,3.6,73
1809,T,220830,050805,60.185120N,24.148584E,45,0.0,73
1810,T,220830,050806,60.185123N,24.148598E,45,0.0,73
1811,T,220830,050807,60.185123N,24.148617E,45,0.0,73
1812,T,220830,050808,60.185127N,24.148640E,45,3.9,77
1813,T,220830,050809,60.185131N,24.148661E,45,0.0,77
1814,T,220830,050810,60.185139N,24.148684E,45,0.0,77
1815,T,220830,050811,60.185139N,24.148706E,45,5.0,54
1816,T,220830,050812,60.185139N,24.148727E,45,0.0,54
1817,T,220830,050813,60.185139N,24.148745E,45,0.0,54
1818,T,220830,050814,60.185135N,24.148764E,45,0.0,54
1819,T,220830,050815,60.185139N,24.148787E,46,0.0,54
1820,T,220830,050816,60.185139N,24.148804E,46,0.0,54
1821,T,220830,050817,60.185143N,24.148817E,46,0.0,54
1822,T,220830,050818,60.185146N,24.148827E,46,0.0,54
1823,T,220830,050819,60.185146N,24.148829E,46,0.0,54
1824,T,220830,050820,60.185143N,24.148829E,46,0.0,54
1825,T,220830,050821,60.185143N,24.148829E,46,0.0,54
1826,T,220830,050822,60.185143N,24.148830E,46,0.0,54
1827,T,220830,050823,60.185143N,24.148830E,46,0.0,54
1828,T,220830,050824,60.185146N,24.148830E,46,0.0,54
1829,T,220830,050825,60.185146N,24.148836E,47,0.0,54
1830,T,220830,050826,60.185150N,24.148840E,47,0.0,54
1831,T,220830,050827,60.185150N,24.148842E,46,0.0,54
1832,T,220830,050828,60.185150N,24.148844E,46,0.0,54
1833,T,220830,050829,60.185150N,24.148846E,46,0.0,54
1834,T,220830,050830,60.185158N,24.148848E,46,0.0,54
1835,T,220830,050831,60.185162N,24.148857E,46,0.0,54
1836,T,220830,050832,60.185162N,24.148876E,46,0.0,54
1837,T,220830,050833,60.185169N,24.148895E,46,0.0,54
1838,T,220830,050834,60.185173N,24.148909E,46,0.0,54
1839,T,220830,050835,60.185177N,24.148930E,46,0.0,54
1840,T,220830,050836,60.185181N,24.148949E,46,0.0,54
1841,T,220830,050837,60.185181N,24.148970E,46,0.0,54
1842,T,220830,050838,60.185184N,24.148991E,47,0.0,54
1843,T,220830,050839,60.185188N,24.149012E,47,0.0,54
1844,T,220830,050840,60.185192N,24.149031E,47,0.0,54
1845,T,220830,050841,60.185196N,24.149048E,47,0.0,54
1846,T,220830,050842,60.185200N,24.149063E,47,0.0,54
1847,T,220830,050843,60.185204N,24.149088E,47,0.0,54
1848,T,220830,050844,60.185211N,24.149101E,46,0.0,54
1849,T,220830,050845,60.185219N,24.149101E,46,0.0,54
1850,T,220830,050846,60.185219N,24.149122E,46,0.0,54
1851,T,220830,050847,60.185223N,24.149143E,46,0.0,54
1852,T,220830,050848,60.185226N,24.149166E,46,0.0,54
1853,T,220830,050849,60.185230N,24.149197E,46,3.7,75
1854,T,220830,050850,60.185238N,24.149218E,46,0.0,75
1855,T,220830,050851,60.185238N,24.149263E,46,0.0,75
1856,T,220830,050852,60.185242N,24.149302E,46,0.0,75
1857,T,220830,050853,60.185242N,24.149328E,46,0.0,75
1858,T,220830,050854,60.185242N,24.149345E,46,0.0,75
1859,T,220830,050855,60.185242N,24.149364E,46,0.0,75
1860,T,220830,050856,60.185246N,24.149382E,46,0.0,75
1861,T,220830,050857,60.185246N,24.149401E,46,0.0,75
1862,T,220830,050858,60.185242N,24.149420E,46,0.0,75
1863,T,220830,050859,60.185246N,24.149429E,46,0.0,75
1864,T,220830,050900,60.185249N,24.149429E,46,0.0,75
1865,T,220830,050901,60.185249N,24.149433E,46,0.0,75
1866,T,220830,050902,60.185249N,24.149437E,46,0.0,75
1867,T,220830,050903,60.185249N,24.149437E,46,0.0,75
1868,T,220830,050904,60.185249N,24.149437E,46,0.0,75
1869,T,220830,050905,60.185249N,24.149437E,46,0.0,75
1870,T,220830,050906,60.185249N,24.149437E,46,0.0,75
1871,T,220830,050907,60.185249N,24.149437E,46,0.0,75
1872,T,220830,050908,60.185253N,24.149441E,47,0.0,75
1873,T,220830,050909,60.185253N,24.149460E,47,0.0,75
1874,T,220830,050910,60.185265N,24.149479E,47,0.0,75
1875,T,220830,050911,60.185276N,24.149500E,47,3.9,65
1876,T,220830,050912,60.185280N,24.149525E,47,3.9,66
1877,T,220830,050913,60.185291N,24.149536E,47,3.8,64
1878,T,220830,050914,60.185299N,24.149555E,47,3.8,62
1879,T,220830,050915,60.185303N,24.149578E,47,3.9,61
1880,T,220830,050916,60.185310N,24.149603E,47,4.2,60
1881,T,220830,050917,60.185322N,24.149620E,47,4.0,59
1882,T,220830,050918,60.185322N,24.149635E,47,0.0,59
1883,T,220830,050919,60.185322N,24.149656E,47,0.0,59
1884,T,220830,050920,60.185326N,24.149670E,48,0.0,59
1885,T,220830,050921,60.185329N,24.149685E,48,0.0,59
1886,T,220830,050922,60.185329N,24.149696E,48,0.0,59
1887,T,220830,050923,60.185333N,24.149704E,48,0.0,59
1888,T,220830,050924,60.185329N,24.149708E,48,0.0,59
1889,T,220830,050925,60.185329N,24.149710E,48,0.0,59
1890,T,220830,050926,60.185322N,24.149715E,48,0.0,59
1891,T,220830,050927,60.185322N,24.149719E,49,0.0,59
1892,T,220830,050928,60.185326N,24.149721E,49,0.0,59
1893,T,220830,050929,60.185326N,24.149727E,49,0.0,59
1894,T,220830,050930,60.185326N,24.149731E,49,0.0,59
1895,T,220830,050931,60.185326N,24.149742E,49,0.0,59
1896,T,220830,050932,60.185329N,24.149761E,49,0.0,59
1897,T,220830,050933,60.185333N,24.149776E,49,0.0,59
1898,T,220830,050934,60.185341N,24.149792E,49,0.0,59
1899,T,220830,050935,60.185345N,24.149813E,49,0.0,59
1900,T,220830,050936,60.185352N,24.149826E,49,0.0,59
1901,T,220830,050937,60.185360N,24.149836E,49,0.0,59
1902,T,220830,050938,60.185364N,24.149841E,49,0.0,59
1903,T,220830,050939,60.185364N,24.149841E,49,0.0,59
1904,T,220830,050940,60.185360N,24.149839E,49,0.0,59
1905,T,220830,050941,60.185360N,24.149841E,49,0.0,59
1906,T,220830,050942,60.185356N,24.149843E,49,0.0,59
1907,T,220830,050943,60.185352N,24.149853E,49,0.0,59
1908,T,220830,050944,60.185352N,24.149855E,49,0.0,59
1909,T,220830,050945,60.185352N,24.149857E,49,0.0,59
1910,T,220830,050946,60.185352N,24.149857E,49,0.0,59
1911,T,220830,050947,60.185352N,24.149858E,49,0.0,59
1912,T,220830,050948,60.185352N,24.149862E,49,0.0,59
1913,T,220830,050949,60.185356N,24.149864E,49,0.0,59
1914,T,220830,050950,60.185356N,24.149866E,49,0.0,59
1915,T,220830,050951,60.185352N,24.149866E,50,0.0,59
1916,T,220830,050952,60.185341N,24.149866E,50,0.0,59
1917,T,220830,050953,60.185345N,24.149876E,50,0.0,59
1918,T,220830,050954,60.185345N,24.149883E,50,0.0,59
1919,T,220830,050955,60.185345N,24.149895E,50,0.0,59
1920,T,220830,050956,60.185345N,24.149925E,50,0.0,59
1921,T,220830,050957,60.185345N,24.149937E,50,0.0,59
1922,T,220830,050958,60.185349N,24.149944E,50,0.0,59
1923,T,220830,050959,60.185352N,24.149965E,50,0.0,59
1924,T,220830,051000,60.185364N,24.149988E,50,3.9,63
1925,T,220830,051001,60.185368N,24.150011E,50,3.8,66
1926,T,220830,051002,60.185379N,24.150047E,50,0.0,66
1927,T,220830,051003,60.185394N,24.150078E,50,3.6,67
1928,T,220830,051004,60.185398N,24.150105E,50,0.0,67
1929,T,220830,051005,60.185410N,24.150124E,50,0.0,67
1930,T,220830,051006,60.185421N,24.150141E,50,0.0,67
1931,T,220830,051007,60.185425N,24.150150E,50,0.0,67
1932,T,220830,051008,60.185432N,24.150158E,50,0.0,67
1933,T,220830,051009,60.185444N,24.150171E,50,0.0,67
1934,T,220830,051010,60.185452N,24.150175E,50,0.0,67
1935,T,220830,051011,60.185452N,24.150181E,51,0.0,67
1936,T,220830,051012,60.185455N,24.150185E,50,0.0,67
1937,T,220830,051013,60.185452N,24.150187E,50,0.0,67
1938,T,220830,051014,60.185452N,24.150185E,50,0.0,67
1939,T,220830,051015,60.185444N,24.150175E,50,0.0,67
1940,T,220830,051016,60.185440N,24.150164E,50,0.0,67
1941,T,220830,051017,60.185436N,24.150152E,50,0.0,67
1942,T,220830,051018,60.185432N,24.150133E,50,3.9,226
1943,T,220830,051019,60.185425N,24.150114E,50,4.4,227
1944,T,220830,051020,60.185417N,24.150084E,50,5.3,229
1945,T,220830,051021,60.185406N,24.150063E,50,5.4,233
1946,T,220830,051022,60.185394N,24.150043E,50,0.0,233
1947,T,220830,051023,60.185394N,24.150032E,50,0.0,233
1948,T,220830,051024,60.185390N,24.150021E,50,0.0,233
1949,T,220830,051025,60.185390N,24.150007E,50,0.0,233
1950,T,220830,051026,60.185390N,24.149998E,50,0.0,233
1951,T,220830,051027,60.185383N,24.149992E,50,0.0,233
1952,T,220830,051028,60.185371N,24.149982E,50,0.0,233
1953,T,220830,051029,60.185368N,24.149967E,50,0.0,233
1954,T,220830,051030,60.185360N,24.149948E,50,0.0,233
1955,T,220830,051031,60.185360N,24.149929E,50,0.0,233
1956,T,220830,051032,60.185356N,24.149912E,50,0.0,233
1957,T,220830,051033,60.185345N,24.149885E,50,0.0,233
1958,T,220830,051034,60.185337N,24.149858E,49,0.0,233
1959,T,220830,051035,60.185333N,24.149843E,49,0.0,233
1960,T,220830,051036,60.185329N,24.149826E,49,0.0,233
1961,T,220830,051037,60.185329N,24.149805E,49,3.6,260
1962,T,220830,051038,60.185329N,24.149782E,49,4.7,263
1963,T,220830,051039,60.185326N,24.149744E,49,4.7,270
1964,T,220830,051040,60.185322N,24.149715E,49,4.0,268
1965,T,220830,051041,60.185310N,24.149687E,49,4.0,266
1966,T,220830,051042,60.185307N,24.149670E,49,3.7,264
1967,T,220830,051043,60.185299N,24.149647E,49,4.4,263
1968,T,220830,051044,60.185291N,24.149624E,49,4.5,261
1969,T,220830,051045,60.185287N,24.149595E,49,5.2,260
1970,T,220830,051046,60.185284N,24.149567E,49,6.0,243
1971,T,220830,051047,60.185276N,24.149542E,49,4.2,237
1972,T,220830,051048,60.185272N,24.149523E,49,0.0,237
1973,T,220830,051049,60.185268N,24.149504E,49,0.0,237
1974,T,220830,051050,60.185261N,24.149494E,49,0.0,237
1975,T,220830,051051,60.185257N,24.149481E,49,0.0,237
1976,T,220830,051052,60.185253N,24.149460E,49,0.0,237
1977,T,220830,051053,60.185249N,24.149439E,49,0.0,237
1978,T,220830,051054,60.185249N,24.149418E,49,0.0,237
1979,T,220830,051055,60.185246N,24.149397E,49,0.0,237
1980,T,220830,051056,60.185246N,24.149374E,49,4.0,269
1981,T,220830,051057,60.185242N,24.149355E,49,4.0,268
1982,T,220830,051058,60.185242N,24.149328E,48,4.1,269
1983,T,220830,051059,60.185242N,24.149303E,48,4.6,268
1984,T,220830,051100,60.185242N,24.149277E,48,4.7,270
1985,T,220830,051101,60.185238N,24.149248E,48,4.6,269
1986,T,220830,051102,60.185230N,24.149225E,48,4.1,267
1987,T,220830,051103,60.185223N,24.149214E,48,0.0,267
1988,T,220830,051104,60.185215N,24.149200E,48,0.0,267
1989,T,220830,051105,60.185207N,24.149183E,48,0.0,267
1990,T,220830,051106,60.185207N,24.149168E,48,0.0,267
1991,T,220830,051107,60.185204N,24.149151E,48,0.0,267
1992,T,220830,051108,60.185200N,24.149136E,48,0.0,267
1993,T,220830,051109,60.185200N,24.149117E,48,0.0,267
1994,T,220830,051110,60.185196N,24.149090E,48,0.0,267
1995,T,220830,051111,60.185192N,24.149075E,48,0.0,267
1996,T,220830,051112,60.185192N,24.149054E,48,0.0,267
1997,T,220830,051113,60.185188N,24.149038E,48,0.0,267
1998,T,220830,051114,60.185181N,24.149027E,48,0.0,267
1999,T,220830,051115,60.185169N,24.149014E,48,0.0,267
2000,T,220830,051116,60.185165N,24.148998E,48,0.0,267
2001,T,220830,051117,60.185162N,24.148987E,48,0.0,267
2002,T,220830,051118,60.185150N,24.148966E,48,0.0,267
2003,T,220830,051119,60.185143N,24.148945E,48,0.0,267
2004,T,220830,051120,60.185135N,24.148912E,48,0.0,267
2005,T,220830,051121,60.185127N,24.148884E,48,4.4,234
2006,T,220830,051122,60.185127N,24.148855E,48,4.5,237
2007,T,220830,051123,60.185127N,24.148830E,48,4.0,240
2008,T,220830,051124,60.185127N,24.148804E,48,4.1,244
2009,T,220830,051125,60.185127N,24.148779E,48,4.7,246
2010,T,220830,051126,60.185127N,24.148756E,48,3.9,249
2011,T,220830,051127,60.185123N,24.148735E,48,3.7,251
2012,T,220830,051128,60.185120N,24.148714E,48,4.9,252
2013,T,220830,051129,60.185112N,24.148680E,47,5.2,253
2014,T,220830,051130,60.185112N,24.148651E,47,5.2,254
2015,T,220830,051131,60.185108N,24.148624E,47,5.8,257
2016,T,220830,051132,60.185108N,24.148594E,47,6.1,259
2017,T,220830,051133,60.185104N,24.148563E,47,5.6,255
2018,T,220830,051134,60.185101N,24.148540E,47,4.4,246
2019,T,220830,051135,60.185093N,24.148516E,47,5.3,238
2020,T,220830,051136,60.185085N,24.148499E,47,4.5,223
2021,T,220830,051137,60.185074N,24.148483E,46,3.9,220
2022,T,220830,051138,60.185062N,24.148470E,46,4.2,223
2023,T,220830,051139,60.185059N,24.148455E,46,3.6,225
2024,T,220830,051140,60.185055N,24.148438E,46,0.0,225
2025,T,220830,051141,60.185051N,24.148424E,45,0.0,225
2026,T,220830,051142,60.185047N,24.148413E,45,0.0,225
2027,T,220830,051143,60.185040N,24.148392E,45,3.8,231
2028,T,220830,051144,60.185040N,24.148384E,45,0.0,231
2029,T,220830,051145,60.185032N,24.148376E,45,0.0,231
2030,T,220830,051146,60.185032N,24.148371E,45,0.0,231
2031,T,220830,051147,60.185036N,24.148361E,45,0.0,231
2032,T,220830,051148,60.185040N,24.148344E,45,0.0,231
2033,T,220830,051149,60.185043N,24.148335E,46,0.0,231
2034,T,220830,051150,60.185047N,24.148327E,45,0.0,231
2035,T,220830,051151,60.185047N,24.148323E,45,0.0,231
2036,T,220830,051152,60.185047N,24.148319E,45,0.0,231
2037,T,220830,051153,60.185055N,24.148310E,45,0.0,231
2038,T,220830,051154,60.185055N,24.148304E,45,0.0,231
2039,T,220830,051155,60.185059N,24.148300E,45,0.0,231
2040,T,220830,051156,60.185059N,24.148296E,45,0.0,231
2041,T,220830,051157,60.185059N,24.148289E,45,0.0,231
2042,T,220830,051158,60.185062N,24.148273E,45,0.0,231
2043,T,220830,051159,60.185074N,24.148251E,45,0.0,231
2044,T,220830,051200,60.185074N,24.148235E,45,0.0,231
2045,T,220830,051201,60.185074N,24.148224E,45,0.0,231
2046,T,220830,051202,60.185078N,24.148226E,45,0.0,231
2047,T,220830,051203,60.185081N,24.148224E,45,0.0,231
2048,T,220830,051204,60.185081N,24.148216E,45,0.0,231
2049,T,220830,051205,60.185078N,24.148214E,45,0.0,231
2050,T,220830,051206,60.185074N,24.148209E,45,0.0,231
2051,T,220830,051207,60.185074N,24.148205E,45,0.0,231
2052,T,220830,051208,60.185074N,24.148205E,45,0.0,231
2053,T,220830,051209,60.185074N,24.148205E,45,0.0,231
2054,T,220830,051210,60.185074N,24.148205E,45,0.0,231
2055,T,220830,051211,60.185074N,24.148209E,45,0.0,231
2056,T,220830,051212,60.185074N,24.148211E,45,0.0,231
2057,T,220830,051213,60.185074N,24.148205E,45,0.0,231
2058,T,220830,051214,60.185066N,24.148197E,45,0.0,231
2059,T,220830,051215,60.185062N,24.148191E,45,0.0,231
2060,T,220830,051216,60.185066N,24.148176E,45,0.0,231
2061,T,220830,051217,60.185066N,24.148155E,45,0.0,231
2062,T,220830,051218,60.185062N,24.148144E,45,0.0,231
2063,T,220830,051219,60.185059N,24.148121E,45,0.0,231
2064,T,220830,051220,60.185059N,24.148106E,45,0.0,231
2065,T,220830,051221,60.185055N,24.148094E,45,0.0,231
2066,T,220830,051222,60.185051N,24.148085E,45,0.0,231
2067,T,220830,051223,60.185043N,24.148075E,45,0.0,231
2068,T,220830,051224,60.185036N,24.148073E,45,0.0,231
2069,T,220830,051225,60.185032N,24.148062E,45,0.0,231
2070,T,220830,051226,60.185028N,24.148039E,45,4.2,208
2071,T,220830,051227,60.185028N,24.148018E,45,3.6,212
2072,T,220830,051228,60.185024N,24.147999E,45,0.0,212
2073,T,220830,051229,60.185024N,24.147984E,44,0.0,212
2074,T,220830,051230,60.185028N,24.147947E,44,4.5,223
2075,T,220830,051231,60.185028N,24.147921E,44,6.8,227
2076,T,220830,051232,60.185024N,24.147886E,44,6.0,230
2077,T,220830,051233,60.185028N,24.147865E,44,0.0,230
2078,T,220830,051234,60.185020N,24.147846E,44,4.1,267
2079,T,220830,051235,60.185013N,24.147823E,44,5.0,265
2080,T,220830,051236,60.185009N,24.147800E,44,4.5,262
2081,T,220830,051237,60.185005N,24.147776E,44,4.4,261
2082,T,220830,051238,60.185001N,24.147757E,44,3.6,260
2083,T,220830,051239,60.184998N,24.147739E,44,0.0,260
2084,T,220830,051240,60.184986N,24.147722E,44,3.7,257
2085,T,220830,051241,60.184978N,24.147697E,44,3.7,255
2086,T,220830,051242,60.184975N,24.147676E,44,0.0,255
2087,T,220830,051243,60.184967N,24.147655E,44,0.0,255
2088,T,220830,051244,60.184963N,24.147642E,44,0.0,255
2089,T,220830,051245,60.184959N,24.147623E,43,0.0,255
2090,T,220830,051246,60.184952N,24.147602E,43,0.0,255
2091,T,220830,051247,60.184952N,24.147577E,43,0.0,255
2092,T,220830,051248,60.184940N,24.147547E,43,4.3,248
2093,T,220830,051249,60.184937N,24.147522E,43,4.4,246
2094,T,220830,051250,60.184929N,24.147495E,43,4.3,245
2095,T,220830,051251,60.184925N,24.147474E,43,4.2,245
2096,T,220830,051252,60.184921N,24.147451E,42,4.1,244
2097,T,220830,051253,60.184917N,24.147425E,42,4.4,251
2098,T,220830,051254,60.184921N,24.147387E,42,5.6,258
2099,T,220830,051255,60.184917N,24.147345E,42,8.5,255
2100,T,220830,051256,60.184910N,24.147293E,42,8.4,253
2101,T,220830,051257,60.184898N,24.147249E,41,7.1,251
2102,T,220830,051258,60.184891N,24.147219E,41,5.9,240
2103,T,220830,051259,60.184883N,24.147165E,41,6.0,243
2104,T,220830,051300,60.184875N,24.147123E,41,6.5,245
2105,T,220830,051301,60.184875N,24.147085E,41,7.5,248
2106,T,220830,051302,60.184879N,24.147051E,41,6.6,252
2107,T,220830,051303,60.184883N,24.147013E,41,7.0,257
2108,T,220830,051304,60.184895N,24.146978E,41,6.9,260
2109,T,220830,051305,60.184898N,24.146942E,41,7.0,264
2110,T,220830,051306,60.184914N,24.146904E,41,8.0,268
2111,T,220830,051307,60.184921N,24.146864E,41,7.7,271
2112,T,220830,051308,60.184921N,24.146835E,40,0.0,271
2113,T,220830,051309,60.184921N,24.146816E,40,3.7,274
2114,T,220830,051310,60.184925N,24.146803E,40,0.0,274
2115,T,220830,051311,60.184925N,24.146784E,40,0.0,274
2116,T,220830,051312,60.184921N,24.146763E,39,5.2,276
2117,T,220830,051313,60.184921N,24.146732E,39,5.0,277
2118,T,220830,051314,60.184925N,24.146706E,39,4.5,278
2119,T,220830,051315,60.184925N,24.146683E,39,4.9,277
2120,T,220830,051316,60.184929N,24.146656E,39,5.7,279
2121,T,220830,051317,60.184940N,24.146627E,38,6.5,280
2122,T,220830,051318,60.184944N,24.146587E,38,8.8,281
2123,T,220830,051319,60.184952N,24.146544E,38,8.8,281
2124,T,220830,051320,60.184948N,24.146500E,37,7.0,281
2125,T,220830,051321,60.184948N,24.146465E,37,4.8,279
2126,T,220830,051322,60.184944N,24.146441E,37,5.3,277
2127,T,220830,051323,60.184937N,24.146416E,37,5.4,276
2128,T,220830,051324,60.184937N,24.146383E,36,5.5,275
2129,T,220830,051325,60.184933N,24.146357E,36,6.2,273
2130,T,220830,051326,60.184929N,24.146324E,36,5.9,273
2131,T,220830,051327,60.184929N,24.146292E,36,5.3,274
2132,T,220830,051328,60.184929N,24.146263E,35,5.6,273
2133,T,220830,051329,60.184925N,24.146236E,35,6.2,272
2134,T,220830,051330,60.184921N,24.146202E,35,6.3,271
2135,T,220830,051331,60.184917N,24.146179E,35,5.4,270
2136,T,220830,051332,60.184921N,24.146151E,35,5.4,269
2137,T,220830,051333,60.184917N,24.146122E,34,5.0,269
2138,T,220830,051334,60.184917N,24.146095E,34,5.1,269
2139,T,220830,051335,60.184914N,24.146072E,34,4.1,268
2140,T,220830,051336,60.184910N,24.146044E,34,5.9,266
2141,T,220830,051337,60.184902N,24.146017E,33,4.8,264
2142,T,220830,051338,60.184898N,24.145996E,33,5.8,263
2143,T,220830,051339,60.184891N,24.145975E,33,4.5,261
2144,T,220830,051340,60.184883N,24.145958E,33,6.0,258
2145,T,220830,051341,60.184872N,24.145931E,32,8.4,255
2146,T,220830,051342,60.184853N,24.145908E,32,10.0,251
2147,T,220830,051343,60.184837N,24.145874E,32,8.2,248
2148,T,220830,051344,60.184818N,24.145834E,31,9.6,246
2149,T,220830,051345,60.184803N,24.145784E,30,10.6,245
2150,T,220830,051346,60.184788N,24.145729E,30,10.5,243
2151,T,220830,051347,60.184776N,24.145676E,29,12.5,247
2152,T,220830,051348,60.184765N,24.145611E,29,12.8,256
2153,T,220830,051349,60.184761N,24.145546E,28,12.8,255
2154,T,220830,051350,60.184753N,24.145477E,28,13.2,256
2155,T,220830,051351,60.184738N,24.145411E,27,13.6,255
2156,T,220830,051352,60.184731N,24.145342E,27,13.2,255
2157,T,220830,051353,60.184723N,24.145275E,27,13.5,257
2158,T,220830,051354,60.184719N,24.145210E,26,12.5,253
2159,T,220830,051355,60.184708N,24.145147E,26,12.7,251
2160,T,220830,051356,60.184700N,24.145084E,26,12.7,254
2161,T,220830,051357,60.184696N,24.145021E,26,12.7,254
2162,T,220830,051358,60.184689N,24.144957E,25,13.2,255
2163,T,220830,051359,60.184689N,24.144890E,25,12.2,269
2164,T,220830,051400,60.184689N,24.144831E,25,11.7,277
2165,T,220830,051401,60.184689N,24.144775E,24,10.5,277
2166,T,220830,051402,60.184692N,24.144724E,24,10.4,278
2167,T,220830,051403,60.184696N,24.144674E,23,10.0,281
2168,T,220830,051404,60.184700N,24.144627E,23,10.1,280
2169,T,220830,051405,60.184700N,24.144579E,23,10.2,281
2170,T,220830,051406,60.184708N,24.144527E,22,10.3,282
2171,T,220830,051407,60.184711N,24.144476E,22,11.4,283
2172,T,220830,051408,60.184719N,24.144424E,22,10.7,283
2173,T,220830,051409,60.184731N,24.144377E,21,10.2,284
2174,T,220830,051410,60.184738N,24.144329E,22,10.1,284
2175,T,220830,051411,60.184746N,24.144279E,21,9.3,283
2176,T,220830,051412,60.184750N,24.144234E,21,9.2,281
2177,T,220830,051413,60.184753N,24.144190E,20,8.6,281
2178,T,220830,051414,60.184757N,24.144144E,20,8.7,279
2179,T,220830,051415,60.184761N,24.144104E,20,7.1,268
2180,T,220830,051416,60.184757N,24.144068E,20,6.5,270
2181,T,220830,051417,60.184757N,24.144039E,20,4.3,270
2182,T,220830,051418,60.184761N,24.144016E,19,5.2,270
2183,T,220830,051419,60.184769N,24.143993E,19,5.3,272
2184,T,220830,051420,60.184772N,24.143965E,19,6.2,274
2185,T,220830,051421,60.184776N,24.143932E,19,6.2,272
2186,T,220830,051422,60.184780N,24.143896E,19,7.4,273
2187,T,220830,051423,60.184780N,24.143860E,18,5.5,274
2188,T,220830,051424,60.184784N,24.143829E,18,5.5,274
2189,T,220830,051425,60.184792N,24.143805E,18,5.5,276
2190,T,220830,051426,60.184799N,24.143778E,18,5.4,277
2191,T,220830,051427,60.184807N,24.143751E,18,7.3,278
2192,T,220830,051428,60.184811N,24.143705E,18,7.8,279
2193,T,220830,051429,60.184818N,24.143663E,17,8.5,280
2194,T,220830,051430,60.184830N,24.143623E,17,8.6,281
2195,T,220830,051431,60.184837N,24.143581E,17,9.0,283
2196,T,220830,051432,60.184845N,24.143534E,16,8.9,283
2197,T,220830,051433,60.184856N,24.143484E,16,9.4,284
2198,T,220830,051434,60.184864N,24.143438E,16,7.9,284
2199,T,220830,051435,60.184872N,24.143396E,16,7.3,285
2200,T,220830,051436,60.184879N,24.143356E,16,9.2,287
2201,T,220830,051437,60.184891N,24.143309E,15,10.4,288
2202,T,220830,051438,60.184910N,24.143255E,15,10.0,288
2203,T,220830,051439,60.184921N,24.143206E,15,10.8,289
2204,T,220830,051440,60.184933N,24.143156E,16,10.7,291
2205,T,220830,051441,60.184944N,24.143106E,16,9.8,292
2206,T,220830,051442,60.184956N,24.143066E,16,8.0,293
2207,T,220830,051443,60.184963N,24.143032E,17,7.0,292
2208,T,220830,051444,60.184971N,24.142996E,17,7.0,293
2209,T,220830,051445,60.184982N,24.142967E,17,6.4,294
2210,T,220830,051446,60.184994N,24.142946E,17,3.7,294
2211,T,220830,051447,60.184998N,24.142935E,17,0.0,294
2212,T,220830,051448,60.185005N,24.142916E,17,0.0,294
2213,T,220830,051449,60.185013N,24.142904E,17,0.0,294
2214,T,220830,051450,60.185024N,24.142899E,17,0.0,294
2215,T,220830,051451,60.185040N,24.142906E,17,0.0,294
2216,T,220830,051452,60.185047N,24.142929E,17,6.6,59
2217,T,220830,051453,60.185059N,24.142962E,17,7.2,61
2218,T,220830,051454,60.185074N,24.142994E,17,7.3,60
2219,T,220830,051455,60.185081N,24.143024E,17,8.1,57
2220,T,220830,051456,60.185093N,24.143064E,17,8.8,58
2221,T,220830,051457,60.185104N,24.143105E,17,9.5,57
2222,T,220830,051458,60.185120N,24.143148E,17,11.6,56
2223,T,220830,051459,60.185139N,24.143196E,17,12.4,56
2224,T,220830,051500,60.185162N,24.143244E,17,12.7,55
2225,T,220830,051501,60.185188N,24.143291E,17,13.5,54
2226,T,220830,051502,60.185211N,24.143335E,17,13.4,53
2227,T,220830,051503,60.185242N,24.143375E,17,13.3,52
2228,T,220830,051504,60.185265N,24.143415E,17,13.5,50
2229,T,220830,051505,60.185291N,24.143454E,17,13.5,30
2230,T,220830,051506,60.185326N,24.143484E,18,13.5,27
2231,T,220830,051507,60.185352N,24.143518E,18,13.0,27
2232,T,220830,051508,60.185383N,24.143545E,18,12.9,24
2233,T,220830,051509,60.185413N,24.143568E,18,12.5,21
2234,T,220830,051510,60.185444N,24.143585E,19,12.2,18
2235,T,220830,051511,60.185471N,24.143600E,19,11.6,16
2236,T,220830,051512,60.185501N,24.143614E,19,11.6,14
2237,T,220830,051513,60.185528N,24.143623E,19,11.6,12
2238,T,220830,051514,60.185555N,24.143633E,19,11.6,3
2239,T,220830,051515,60.185585N,24.143637E,19,12.1,2
2240,T,220830,051516,60.185616N,24.143642E,20,12.2,3
2241,T,220830,051517,60.185642N,24.143652E,20,12.7,3
2242,T,220830,051518,60.185680N,24.143663E,20,13.3,7
2243,T,220830,051519,60.185711N,24.143675E,20,12.9,7
2244,T,220830,051520,60.185741N,24.143682E,20,13.0,8
2245,T,220830,051521,60.185776N,24.143694E,20,13.5,9
2246,T,220830,051522,60.185806N,24.143703E,21,13.0,10
2247,T,220830,051523,60.185841N,24.143717E,21,13.9,9
2248,T,220830,051524,60.185875N,24.143724E,21,13.5,8
2249,T,220830,051525,60.185909N,24.143734E,21,13.8,8
2250,T,220830,051526,60.185944N,24.143745E,21,13.8,9
2251,T,220830,051527,60.185974N,24.143761E,22,13.4,9
2252,T,220830,051528,60.186008N,24.143770E,22,12.8,9
2253,T,220830,051529,60.186039N,24.143780E,22,12.7,12
2254,T,220830,051530,60.186073N,24.143791E,22,12.6,11
2255,T,220830,051531,60.186100N,24.143801E,22,12.0,10
2256,T,220830,051532,60.186131N,24.143806E,22,11.5,9
2257,T,220830,051533,60.186161N,24.143818E,23,11.5,11
2258,T,220830,051534,60.186184N,24.143829E,23,11.5,8
2259,T,220830,051535,60.186211N,24.143841E,24,11.4,8
2260,T,220830,051536,60.186241N,24.143850E,24,11.5,8
2261,T,220830,051537,60.186264N,24.143858E,24,10.4,9
2262,T,220830,051538,60.186287N,24.143867E,24,10.9,11
2263,T,220830,051539,60.186317N,24.143875E,25,10.5,5
2264,T,220830,051540,60.186340N,24.143875E,25,10.4,6
2265,T,220830,051541,60.186363N,24.143885E,25,9.8,8
2266,T,220830,051542,60.186386N,24.143892E,26,9.5,10
2267,T,220830,051543,60.186409N,24.143898E,26,9.1,8
2268,T,220830,051544,60.186432N,24.143904E,26,9.2,8
2269,T,220830,051545,60.186455N,24.143909E,26,9.2,8
2270,T,220830,051546,60.186481N,24.143915E,27,9.3,7
2271,T,220830,051547,60.186501N,24.143923E,27,8.9,7
2272,T,220830,051548,60.186523N,24.143927E,27,8.4,6
2273,T,220830,051549,60.186543N,24.143934E,28,8.5,6
2274,T,220830,051550,60.186569N,24.143942E,28,8.5,8
2275,T,220830,051551,60.186588N,24.143950E,28,8.2,9
2276,T,220830,051552,60.186607N,24.143955E,29,8.2,2
2277,T,220830,051553,60.186626N,24.143957E,29,8.1,3
2278,T,220830,051554,60.186649N,24.143965E,29,8.2,6
2279,T,220830,051555,60.186668N,24.143972E,29,8.2,9
2280,T,220830,051556,60.186687N,24.143978E,30,7.8,7
2281,T,220830,051557,60.186707N,24.143984E,30,7.7,5
2282,T,220830,051558,60.186729N,24.143984E,30,7.2,5
2283,T,220830,051559,60.186745N,24.143990E,30,6.4,9
2284,T,220830,051600,60.186756N,24.143993E,30,4.5,9
2285,T,220830,051601,60.186764N,24.143986E,31,0.0,9
2286,T,220830,051602,60.186760N,24.143978E,30,0.0,9
2287,T,220830,051603,60.186760N,24.143972E,30,3.7,9
2288,T,220830,051604,60.186749N,24.143965E,30,3.8,9
2289,T,220830,051605,60.186733N,24.143963E,30,4.8,9
2290,T,220830,051606,60.186722N,24.143963E,30,4.8,9
2291,T,220830,051607,60.186707N,24.143963E,30,4.8,9
2292,T,220830,051608,60.186695N,24.143965E,29,4.2,9
2293,T,220830,051609,60.186684N,24.143961E,29,4.2,9
2294,T,220830,051610,60.186672N,24.143955E,29,4.8,9
2295,T,220830,051611,60.186657N,24.143951E,29,5.1,9
2296,T,220830,051612,60.186646N,24.143950E,29,5.1,9
2297,T,220830,051613,60.186630N,24.143944E,28,5.0,9
2298,T,220830,051614,60.186619N,24.143942E,28,4.2,9
2299,T,220830,051615,60.186607N,24.143944E,28,3.9,9
2300,T,220830,051616,60.186600N,24.143948E,28,0.0,9
2301,T,220830,051617,60.186596N,24.143946E,28,0.0,9
2302,T,220830,051618,60.186588N,24.143944E,27,0.0,9
2303,T,220830,051619,60.186581N,24.143946E,27,0.0,9
2304,T,220830,051620,60.186573N,24.143944E,27,3.8,9
2305,T,220830,051621,60.186562N,24.143942E,27,4.7,191
2306,T,220830,051622,60.186546N,24.143938E,27,5.2,187
2307,T,220830,051623,60.186531N,24.143936E,27,6.5,187
2308,T,220830,051624,60.186516N,24.143929E,27,8.1,189
2309,T,220830,051625,60.186493N,24.143923E,26,10.0,187
2310,T,220830,051626,60.186462N,24.143911E,26,12.3,187
2311,T,220830,051627,60.186428N,24.143898E,25,17.0,189
2312,T,220830,051628,60.186382N,24.143881E,25,19.2,189
2313,T,220830,051629,60.186329N,24.143858E,24,23.7,190
2314,T,220830,051630,60.186268N,24.143835E,24,25.3,190
2315,T,220830,051631,60.186199N,24.143816E,23,28.3,190
2316,T,220830,051632,60.186127N,24.143789E,22,29.9,189
2317,T,220830,051633,60.186050N,24.143763E,21,30.8,189
2318,T,220830,051634,60.185974N,24.143736E,20,31.8,189
2319,T,220830,051635,60.185898N,24.143709E,20,32.3,189
2320,T,220830,051636,60.185814N,24.143690E,20,32.3,188
2321,T,220830,051637,60.185726N,24.143665E,19,32.3,188
2322,T,220830,051638,60.185650N,24.143641E,19,32.7,188
2323,T,220830,051639,60.185562N,24.143616E,18,33.0,188
2324,T,220830,051640,60.185478N,24.143581E,18,33.9,190
2325,T,220830,051641,60.185390N,24.143534E,17,35.3,198
2326,T,220830,051642,60.185307N,24.143463E,16,36.7,206
2327,T,220830,051643,60.185230N,24.143366E,15,37.4,215
2328,T,220830,051644,60.185162N,24.143244E,15,37.3,223
2329,T,220830,051645,60.185093N,24.143108E,15,36.7,229
2330,T,220830,051646,60.185036N,24.142963E,15,35.4,231
2331,T,220830,051647,60.184982N,24.142830E,15,33.6,230
2332,T,220830,051648,60.184929N,24.142712E,16,31.2,223
2333,T,220830,051649,60.184872N,24.142614E,16,28.7,218
2334,T,220830,051650,60.184814N,24.142532E,17,26.3,214
2335,T,220830,051651,60.184765N,24.142464E,17,24.3,209
2336,T,220830,051652,60.184711N,24.142410E,18,23.0,206
2337,T,220830,051653,60.184662N,24.142363E,18,21.9,204
2338,T,220830,051654,60.184612N,24.142321E,18,21.2,201
2339,T,220830,051655,60.184559N,24.142284E,18,20.7,198
2340,T,220830,051656,60.184513N,24.142256E,19,20.3,195
2341,T,220830,051657,60.184464N,24.142235E,19,20.2,190
2342,T,220830,051658,60.184418N,24.142220E,19,19.8,186
2343,T,220830,051659,60.184368N,24.142216E,19,19.7,180
2344,T,220830,051700,60.184319N,24.142220E,19,19.6,175
2345,T,220830,051701,60.184273N,24.142233E,19,19.6,174
2346,T,220830,051702,60.184223N,24.142244E,19,19.4,171
2347,T,220830,051703,60.184177N,24.142262E,19,19.5,171
2348,T,220830,051704,60.184128N,24.142277E,19,19.9,173
2349,T,220830,051705,60.184074N,24.142284E,19,20.6,175
2350,T,220830,051706,60.184025N,24.142288E,18,22.1,178
2351,T,220830,051707,60.183968N,24.142284E,18,24.5,178
2352,T,220830,051708,60.183899N,24.142265E,17,27.7,179
2353,T,220830,051709,60.183830N,24.142237E,16,31.1,193
2354,T,220830,051710,60.183750N,24.142187E,14,34.2,197
2355,T,220830,051711,60.183662N,24.142126E,13,36.6,201
2356,T,220830,051712,60.183575N,24.142054E,12,38.5,203
2357,T,220830,051713,60.183483N,24.141973E,11,39.9,203
2358,T,220830,051714,60.183392N,24.141891E,10,40.7,203
2359,T,220830,051715,60.183296N,24.141811E,9,41.0,202
2360,T,220830,051716,60.183201N,24.141739E,9,41.0,199
2361,T,220830,051717,60.183102N,24.141684E,8,40.5,192
2362,T,220830,051718,60.182999N,24.141653E,8,39.8,185
2363,T,220830,051719,60.182903N,24.141644E,8,38.8,180
2364,T,220830,051720,60.182808N,24.141653E,8,37.4,176
2365,T,220830,051721,60.182716N,24.141666E,7,35.9,176
2366,T,220830,051722,60.182629N,24.141682E,7,34.6,176
2367,T,220830,051723,60.182545N,24.141697E,7,33.3,176
2368,T,220830,051724,60.182461N,24.141708E,7,32.2,175
2369,T,220830,051725,60.182384N,24.141724E,7,31.0,174
2370,T,220830,051726,60.182308N,24.141735E,7,29.8,176
2371,T,220830,051727,60.182232N,24.141748E,7,28.8,175
2372,T,220830,051728,60.182163N,24.141764E,7,27.9,175
2373,T,220830,051729,60.182095N,24.141775E,7,27.4,175
2374,T,220830,051730,60.182030N,24.141785E,7,27.4,176
2375,T,220830,051731,60.181961N,24.141794E,7,27.3,175
2376,T,220830,051732,60.181892N,24.141804E,7,27.3,175
2377,T,220830,051733,60.181828N,24.141815E,7,27.2,175
2378,T,220830,051734,60.181759N,24.141829E,7,27.1,175
2379,T,220830,051735,60.181690N,24.141836E,7,27.1,176
2380,T,220830,051736,60.181629N,24.141844E,7,27.0,176
2381,T,220830,051737,60.181561N,24.141855E,7,27.0,176
2382,T,220830,051738,60.181496N,24.141865E,7,26.2,176
2383,T,220830,051739,60.181431N,24.141876E,7,26.3,176
2384,T,220830,051740,60.181370N,24.141882E,7,26.4,176
2385,T,220830,051741,60.181305N,24.141890E,7,26.7,176
2386,T,220830,051742,60.181236N,24.141897E,7,27.0,176
2387,T,220830,051743,60.181168N,24.141911E,7,27.5,175
2388,T,220830,051744,60.181099N,24.141924E,6,27.6,174
2389,T,220830,051745,60.181030N,24.141949E,6,27.5,173
2390,T,220830,051746,60.180969N,24.141987E,6,26.3,161
2391,T,220830,051747,60.180912N,24.142038E,6,24.5,153
2392,T,220830,051748,60.180855N,24.142096E,6,24.5,152
2393,T,220830,051749,60.180805N,24.142157E,6,23.1,150
2394,T,220830,051750,60.180756N,24.142210E,6,22.4,156
2395,T,220830,051751,60.180702N,24.142248E,7,21.7,164
2396,T,220830,051752,60.180653N,24.142265E,7,20.8,175
2397,T,220830,051753,60.180599N,24.142265E,7,19.0,185
2398,T,220830,051754,60.180557N,24.142250E,8,19.0,194
2399,T,220830,051755,60.180511N,24.142216E,8,18.0,207
2400,T,220830,051756,60.180473N,24.142168E,8,18.0,214
2401,T,220830,051757,60.180439N,24.142117E,8,17.9,217
2402,T,220830,051758,60.180401N,24.142059E,8,18.6,216
2403,T,220830,051759,60.180363N,24.142004E,8,18.5,218
2404,T,220830,051800,60.180328N,24.141947E,8,18.8,220
2405,T,220830,051801,60.180290N,24.141884E,8,19.2,221
2406,T,220830,051802,60.180256N,24.141821E,8,19.6,221
2407,T,220830,051803,60.180222N,24.141756E,8,19.7,221
2408,T,220830,051804,60.180180N,24.141693E,9,19.6,221
2409,T,220830,051805,60.180145N,24.141630E,9,19.6,221
2410,T,220830,051806,60.180107N,24.141563E,9,19.5,221
2411,T,220830,051807,60.180073N,24.141500E,9,19.5,221
2412,T,220830,051808,60.180031N,24.141436E,9,19.5,221
2413,T,220830,051809,60.179996N,24.141375E,9,19.5,221
2414,T,220830,051810,60.179958N,24.141310E,9,19.6,220
2415,T,220830,051811,60.179924N,24.141245E,10,19.6,220
2416,T,220830,051812,60.179890N,24.141180E,10,19.6,220
2417,T,220830,051813,60.179848N,24.141117E,10,19.2,220
2418,T,220830,051814,60.179817N,24.141056E,10,19.1,221
2419,T,220830,051815,60.179779N,24.140993E,10,18.7,221
2420,T,220830,051816,60.179745N,24.140932E,10,18.6,221
2421,T,220830,051817,60.179710N,24.140875E,11,18.0,220
2422,T,220830,051818,60.179676N,24.140820E,11,17.3,219
2423,T,220830,051819,60.179642N,24.140768E,11,16.7,218
2424,T,220830,051820,60.179607N,24.140726E,11,16.2,206
2425,T,220830,051821,60.179569N,24.140696E,12,15.6,198
2426,T,220830,051822,60.179531N,24.140684E,12,14.8,183
2427,T,220830,051823,60.179497N,24.140694E,12,15.2,168
2428,T,220830,051824,60.179459N,24.140720E,12,16.4,156
2429,T,220830,051825,60.179424N,24.140766E,12,17.6,143
2430,T,220830,051826,60.179394N,24.140827E,12,17.7,131
2431,T,220830,051827,60.179359N,24.140898E,13,18.6,128
2432,T,220830,051828,60.179333N,24.140974E,13,19.0,129
2433,T,220830,051829,60.179302N,24.141052E,13,19.4,127
2434,T,220830,051830,60.179272N,24.141132E,13,19.8,128
2435,T,220830,051831,60.179245N,24.141214E,13,19.9,127
2436,T,220830,051832,60.179211N,24.141296E,13,20.3,126
2437,T,220830,051833,60.179184N,24.141378E,13,20.8,126
2438,T,220830,051834,60.179153N,24.141464E,13,21.1,127
2439,T,220830,051835,60.179119N,24.141546E,13,21.5,127
2440,T,220830,051836,60.179085N,24.141636E,13,22.5,127
2441,T,220830,051837,60.179047N,24.141727E,13,23.5,127
2442,T,220830,051838,60.179012N,24.141825E,12,24.4,128
2443,T,220830,051839,60.178974N,24.141924E,12,25.7,127
2444,T,220830,051840,60.178940N,24.142038E,12,26.5,127
2445,T,220830,051841,60.178902N,24.142153E,12,27.1,127
2446,T,220830,051842,60.178856N,24.142263E,11,27.5,128
2447,T,220830,051843,60.178818N,24.142374E,11,27.9,128
2448,T,220830,051844,60.178772N,24.142485E,11,28.0,128
2449,T,220830,051845,60.178726N,24.142599E,11,28.3,128
2450,T,220830,051846,60.178684N,24.142715E,11,28.4,127
2451,T,220830,051847,60.178638N,24.142828E,11,28.4,128
2452,T,220830,051848,60.178596N,24.142941E,11,28.3,128
2453,T,220830,051849,60.178551N,24.143053E,11,27.9,127
2454,T,220830,051850,60.178513N,24.143164E,11,27.5,127
2455,T,220830,051851,60.178467N,24.143272E,11,27.2,127
2456,T,220830,051852,60.178429N,24.143377E,11,27.1,128
2457,T,220830,051853,60.178383N,24.143484E,11,26.5,128
2458,T,220830,051854,60.178345N,24.143585E,11,26.1,128
2459,T,220830,051855,60.178303N,24.143690E,11,25.8,128
2460,T,220830,051856,60.178261N,24.143787E,11,25.5,129
2461,T,220830,051857,60.178219N,24.143885E,11,24.9,130
2462,T,220830,051858,60.178181N,24.143974E,11,24.3,130
2463,T,220830,051859,60.178131N,24.144056E,11,23.8,131
2464,T,220830,051900,60.178089N,24.144135E,11,23.2,132
2465,T,220830,051901,60.178043N,24.144201E,11,22.7,133
2466,T,220830,051902,60.177998N,24.144264E,12,22.3,134
2467,T,220830,051903,60.177952N,24.144318E,12,21.8,135
2468,T,220830,051904,60.177898N,24.144365E,12,21.4,137
2469,T,220830,051905,60.177853N,24.144407E,12,21.3,139
2470,T,220830,051906,60.177803N,24.144444E,12,21.4,140
2471,T,220830,051907,60.177753N,24.144478E,12,21.5,142
2472,T,220830,051908,60.177700N,24.144514E,12,22.0,144
2473,T,220830,051909,60.177647N,24.144548E,12,22.1,146
2474,T,220830,051910,60.177597N,24.144585E,12,22.2,147
2475,T,220830,051911,60.177540N,24.144617E,12,22.3,149
2476,T,220830,051912,60.177486N,24.144650E,12,22.6,150
2477,T,220830,051913,60.177433N,24.144682E,12,22.5,152
2478,T,220830,051914,60.177380N,24.144716E,13,22.4,153
2479,T,220830,051915,60.177322N,24.144745E,13,22.0,154
2480,T,220830,051916,60.177273N,24.144775E,13,21.5,155
2481,T,220830,051917,60.177223N,24.144810E,13,20.9,156
2482,T,220830,051918,60.177177N,24.144842E,13,20.3,156
2483,T,220830,051919,60.177128N,24.144871E,14,19.5,159
2484,T,220830,051920,60.177086N,24.144899E,14,19.0,160
2485,T,220830,051921,60.177040N,24.144928E,14,18.5,162
2486,T,220830,051922,60.176994N,24.144957E,14,18.1,162
2487,T,220830,051923,60.176952N,24.144983E,15,18.0,163
2488,T,220830,051924,60.176910N,24.145010E,15,17.9,162
2489,T,220830,051925,60.176868N,24.145039E,15,17.9,161
2490,T,220830,051926,60.176826N,24.145063E,15,18.0,161
2491,T,220830,051927,60.176781N,24.145094E,15,18.5,161
2492,T,220830,051928,60.176735N,24.145123E,15,18.6,161
2493,T,220830,051929,60.176693N,24.145151E,16,19.0,161
2494,T,220830,051930,60.176647N,24.145184E,16,19.1,160
2495,T,220830,051931,60.176601N,24.145214E,16,19.8,161
2496,T,220830,051932,60.176552N,24.145247E,16,19.9,160
2497,T,220830,051933,60.176510N,24.145279E,16,20.4,161
2498,T,220830,051934,60.176456N,24.145311E,16,20.5,161
2499,T,220830,051935,60.176407N,24.145344E,16,20.6,161
2500,T,220830,051936,60.176361N,24.145378E,16,20.7,160
2501,T,220830,051937,60.176311N,24.145414E,16,20.8,161
2502,T,220830,051938,60.176262N,24.145447E,16,20.9,161
2503,T,220830,051939,60.176208N,24.145479E,16,21.0,161
2504,T,220830,051940,60.176159N,24.145514E,16,21.1,161
2505,T,220830,051941,60.176109N,24.145546E,16,21.1,161
2506,T,220830,051942,60.176056N,24.145584E,16,21.2,161
2507,T,220830,051943,60.176006N,24.145617E,16,21.2,161
2508,T,220830,051944,60.175957N,24.145647E,16,21.3,161
2509,T,220830,051945,60.175903N,24.145681E,16,21.2,161
2510,T,220830,051946,60.175854N,24.145714E,16,21.2,162
2511,T,220830,051947,60.175804N,24.145744E,16,20.8,162
2512,T,220830,051948,60.175751N,24.145773E,16,20.5,163
2513,T,220830,051949,60.175705N,24.145796E,16,19.6,164
2514,T,220830,051950,60.175659N,24.145811E,16,18.6,174
2515,T,220830,051951,60.175621N,24.145803E,17,15.3,198
2516,T,220830,051952,60.175591N,24.145765E,17,12.2,229
2517,T,220830,051953,60.175579N,24.145710E,17,12.8,257
2518,T,220830,051954,60.175579N,24.145641E,18,13.8,274
2519,T,220830,051955,60.175583N,24.145567E,18,14.7,273
2520,T,220830,051956,60.175587N,24.145491E,18,15.2,272
2521,T,220830,051957,60.175591N,24.145412E,18,15.6,272
2522,T,220830,051958,60.175591N,24.145332E,18,15.7,273
2523,T,220830,051959,60.175598N,24.145252E,18,15.8,273
2524,T,220830,052000,60.175598N,24.145170E,19,15.9,273
2525,T,220830,052001,60.175606N,24.145090E,19,15.0,273
2526,T,220830,052002,60.175610N,24.145016E,19,14.2,273
2527,T,220830,052003,60.175613N,24.144943E,19,14.6,274
2528,T,220830,052004,60.175617N,24.144869E,19,15.0,274
2529,T,220830,052005,60.175621N,24.144793E,20,15.1,274
2530,T,220830,052006,60.175625N,24.144716E,20,15.2,275
2531,T,220830,052007,60.175629N,24.144636E,20,15.5,275
2532,T,220830,052008,60.175632N,24.144558E,20,15.5,275
2533,T,220830,052009,60.175636N,24.144482E,20,15.4,275
2534,T,220830,052010,60.175640N,24.144403E,21,15.5,275
2535,T,220830,052011,60.175644N,24.144325E,21,15.3,275
2536,T,220830,052012,60.175648N,24.144253E,21,14.8,275
2537,T,220830,052013,60.175652N,24.144176E,22,14.7,275
2538,T,220830,052014,60.175655N,24.144102E,22,14.3,275
2539,T,220830,052015,60.175659N,24.144032E,23,14.2,275
2540,T,220830,052016,60.175663N,24.143963E,23,13.8,274
2541,T,220830,052017,60.175667N,24.143894E,23,13.6,274
2542,T,220830,052018,60.175671N,24.143826E,24,13.2,274
2543,T,220830,052019,60.175671N,24.143763E,24,12.8,274
2544,T,220830,052020,60.175674N,24.143696E,24,12.9,274
2545,T,220830,052021,60.175674N,24.143635E,25,12.1,274
2546,T,220830,052022,60.175686N,24.143576E,25,12.0,283
2547,T,220830,052023,60.175690N,24.143517E,26,11.7,282
2548,T,220830,052024,60.175694N,24.143456E,26,11.6,282
2549,T,220830,052025,60.175697N,24.143400E,26,10.5,278
2550,T,220830,052026,60.175697N,24.143345E,27,11.2,276
2551,T,220830,052027,60.175701N,24.143286E,27,10.8,268
2552,T,220830,052028,60.175694N,24.143225E,28,12.0,266
2553,T,220830,052029,60.175694N,24.143162E,28,12.1,269
2554,T,220830,052030,60.175694N,24.143099E,28,12.7,277
2555,T,220830,052031,60.175694N,24.143028E,28,13.0,276
2556,T,220830,052032,60.175690N,24.142958E,28,12.9,275
2557,T,220830,052033,60.175690N,24.142891E,28,13.0,274
2558,T,220830,052034,60.175686N,24.142822E,28,13.0,273
2559,T,220830,052035,60.175678N,24.142754E,28,13.1,273
2560,T,220830,052036,60.175674N,24.142685E,28,13.2,272
2561,T,220830,052037,60.175671N,24.142616E,28,13.3,271
2562,T,220830,052038,60.175667N,24.142546E,29,13.4,270
2563,T,220830,052039,60.175663N,24.142479E,29,13.7,270
2564,T,220830,052040,60.175659N,24.142406E,29,13.8,269
2565,T,220830,052041,60.175655N,24.142338E,29,13.9,268
2566,T,220830,052042,60.175648N,24.142267E,29,14.0,267
2567,T,220830,052043,60.175640N,24.142197E,29,14.3,266
2568,T,220830,052044,60.175632N,24.142122E,29,14.4,265
2569,T,220830,052045,60.175629N,24.142050E,29,14.4,264
2570,T,220830,052046,60.175621N,24.141975E,29,14.4,262
2571,T,220830,052047,60.175617N,24.141905E,29,14.3,261
2572,T,220830,052048,60.175610N,24.141836E,30,14.4,254
2573,T,220830,052049,60.175594N,24.141769E,30,14.8,252
2574,T,220830,052050,60.175591N,24.141701E,31,14.9,255
2575,T,220830,052051,60.175579N,24.141626E,31,15.3,252
2576,T,220830,052052,60.175568N,24.141556E,31,15.2,253
2577,T,220830,052053,60.175556N,24.141479E,32,15.3,254
2578,T,220830,052054,60.175549N,24.141403E,32,15.4,252
2579,T,220830,052055,60.175537N,24.141335E,32,15.4,252
2580,T,220830,052056,60.175522N,24.141258E,32,15.5,251
2581,T,220830,052057,60.175510N,24.141184E,32,15.5,252
2582,T,220830,052058,60.175499N,24.141111E,32,14.9,252
2583,T,220830,052059,60.175488N,24.141043E,32,14.6,252
2584,T,220830,052100,60.175480N,24.140974E,32,14.5,253
2585,T,220830,052101,60.175468N,24.140903E,32,14.0,252
2586,T,220830,052102,60.175461N,24.140839E,32,14.0,252
2587,T,220830,052103,60.175449N,24.140772E,32,13.9,252
2588,T,220830,052104,60.175442N,24.140705E,32,13.8,252
2589,T,220830,052105,60.175426N,24.140642E,32,13.7,252
2590,T,220830,052106,60.175419N,24.140575E,32,13.9,252
2591,T,220830,052107,60.175407N,24.140505E,32,15.1,253
2592,T,220830,052108,60.175396N,24.140429E,32,16.5,253
2593,T,220830,052109,60.175388N,24.140345E,32,17.8,254
2594,T,220830,052110,60.175373N,24.140257E,32,19.1,254
2595,T,220830,052111,60.175362N,24.140162E,31,19.2,254
2596,T,220830,052112,60.175346N,24.140068E,31,19.7,253
2597,T,220830,052113,60.175331N,24.139975E,31,20.1,253
2598,T,220830,052114,60.175320N,24.139875E,31,20.6,252
2599,T,220830,052115,60.175304N,24.139776E,31,20.6,253
2600,T,220830,052116,60.175289N,24.139675E,31,20.7,253
2601,T,220830,052117,60.175278N,24.139576E,31,21.4,253
2602,T,220830,052118,60.175259N,24.139469E,31,22.1,254
2603,T,220830,052119,60.175240N,24.139360E,30,22.7,254
2604,T,220830,052120,60.175224N,24.139250E,30,23.2,254
2605,T,220830,052121,60.175209N,24.139133E,30,23.3,254
2606,T,220830,052122,60.175194N,24.139021E,30,23.4,254
2607,T,220830,052123,60.175175N,24.138905E,30,23.4,253
2608,T,220830,052124,60.175156N,24.138792E,30,23.2,253
2609,T,220830,052125,60.175140N,24.138681E,30,23.1,251
2610,T,220830,052126,60.175121N,24.138573E,30,23.2,250
2611,T,220830,052127,60.175098N,24.138464E,30,23.1,249
2612,T,220830,052128,60.175076N,24.138353E,30,23.2,248
2613,T,220830,052129,60.175056N,24.138245E,30,23.2,247
2614,T,220830,052130,60.175034N,24.138138E,30,23.2,246
2615,T,220830,052131,60.175007N,24.138035E,30,23.2,245
2616,T,220830,052132,60.174980N,24.137930E,30,23.2,243
2617,T,220830,052133,60.174953N,24.137829E,30,23.1,242
2618,T,220830,052134,60.174923N,24.137726E,30,23.1,240
2619,T,220830,052135,60.174896N,24.137629E,30,23.0,239
2620,T,220830,052136,60.174866N,24.137531E,30,23.0,238
2621,T,220830,052137,60.174835N,24.137436E,31,22.5,237
2622,T,220830,052138,60.174805N,24.137342E,31,22.5,237
2623,T,220830,052139,60.174774N,24.137245E,31,22.4,236
2624,T,220830,052140,60.174744N,24.137156E,31,22.4,236
2625,T,220830,052141,60.174713N,24.137062E,31,22.3,235
2626,T,220830,052142,60.174679N,24.136972E,31,22.1,235
2627,T,220830,052143,60.174648N,24.136885E,31,21.7,234
2628,T,220830,052144,60.174610N,24.136799E,31,21.4,233
2629,T,220830,052145,60.174580N,24.136715E,31,20.9,232
2630,T,220830,052146,60.174553N,24.136635E,31,20.5,232
2631,T,220830,052147,60.174519N,24.136557E,31,20.1,232
2632,T,220830,052148,60.174488N,24.136482E,31,19.8,231
2633,T,220830,052149,60.174454N,24.136410E,32,19.7,229
2634,T,220830,052150,60.174419N,24.136339E,32,19.3,229
2635,T,220830,052151,60.174389N,24.136269E,32,19.0,228
2636,T,220830,052152,60.174358N,24.136200E,32,18.0,228
2637,T,220830,052153,60.174328N,24.136135E,33,17.6,227
2638,T,220830,052154,60.174301N,24.136074E,33,17.3,226
2639,T,220830,052155,60.174271N,24.136017E,33,16.0,225
2640,T,220830,052156,60.174244N,24.135960E,33,14.9,225
2641,T,220830,052157,60.174221N,24.135906E,34,14.8,225
2642,T,220830,052158,60.174191N,24.135857E,34,14.8,225
2643,T,220830,052159,60.174168N,24.135803E,34,14.7,225
2644,T,220830,052200,60.174141N,24.135752E,34,14.7,224
2645,T,220830,052201,60.174114N,24.135702E,35,14.5,224
2646,T,220830,052202,60.174088N,24.135651E,35,14.0,224
2647,T,220830,052203,60.174065N,24.135603E,35,13.7,224
2648,T,220830,052204,60.174042N,24.135551E,36,13.6,225
2649,T,220830,052205,60.174019N,24.135504E,36,13.7,225
2650,T,220830,052206,60.173992N,24.135454E,36,13.6,225
2651,T,220830,052207,60.173969N,24.135405E,36,13.7,226
2652,T,220830,052208,60.173946N,24.135353E,37,13.7,226
2653,T,220830,052209,60.173923N,24.135303E,37,13.7,226
2654,T,220830,052210,60.173901N,24.135254E,37,13.6,227
2655,T,220830,052211,60.173882N,24.135204E,37,13.5,228
2656,T,220830,052212,60.173855N,24.135155E,38,13.2,228
2657,T,220830,052213,60.173836N,24.135103E,38,13.2,228
2658,T,220830,052214,60.173813N,24.135056E,38,13.1,229
2659,T,220830,052215,60.173794N,24.135006E,38,13.1,228
2660,T,220830,052216,60.173771N,24.134956E,39,12.8,229
2661,T,220830,052217,60.173752N,24.134909E,39,12.7,231
2662,T,220830,052218,60.173737N,24.134855E,39,12.8,232
2663,T,220830,052219,60.173717N,24.134804E,39,12.8,233
2664,T,220830,052220,60.173698N,24.134750E,40,12.7,235
2665,T,220830,052221,60.173679N,24.134699E,40,12.7,235
2666,T,220830,052222,60.173664N,24.134644E,40,12.7,235
2667,T,220830,052223,60.173645N,24.134592E,40,12.6,236
2668,T,220830,052224,60.173634N,24.134537E,41,12.5,238
2669,T,220830,052225,60.173615N,24.134481E,41,12.5,239
2670,T,220830,052226,60.173599N,24.134424E,41,12.4,240
2671,T,220830,052227,60.173584N,24.134373E,41,12.4,240
2672,T,220830,052228,60.173569N,24.134317E,42,12.3,241
2673,T,220830,052229,60.173557N,24.134264E,42,12.2,241
2674,T,220830,052230,60.173538N,24.134212E,42,12.1,241
2675,T,220830,052231,60.173527N,24.134155E,42,12.0,241
2676,T,220830,052232,60.173512N,24.134104E,42,12.0,242
2677,T,220830,052233,60.173500N,24.134047E,43,12.0,243
2678,T,220830,052234,60.173489N,24.133989E,43,12.0,245
2679,T,220830,052235,60.173477N,24.133932E,43,12.0,246
2680,T,220830,052236,60.173466N,24.133877E,43,11.5,248
2681,T,220830,052237,60.173450N,24.133816E,43,12.1,249
2682,T,220830,052238,60.173443N,24.133760E,43,11.9,249
2683,T,220830,052239,60.173435N,24.133703E,43,11.9,250
2684,T,220830,052240,60.173424N,24.133648E,43,12.0,251
2685,T,220830,052241,60.173412N,24.133593E,44,12.3,251
2686,T,220830,052242,60.173405N,24.133532E,44,12.3,251
2687,T,220830,052243,60.173397N,24.133472E,44,12.4,253
2688,T,220830,052244,60.173389N,24.133410E,44,12.4,254
2689,T,220830,052245,60.173382N,24.133345E,44,13.1,255
2690,T,220830,052246,60.173370N,24.133282E,44,13.0,256
2691,T,220830,052247,60.173363N,24.133219E,44,13.0,257
2692,T,220830,052248,60.173359N,24.133144E,44,13.1,258
2693,T,220830,052249,60.173355N,24.133072E,44,13.4,260
2694,T,220830,052250,60.173351N,24.133003E,44,13.5,260
2695,T,220830,052251,60.173344N,24.132936E,44,13.6,260
2696,T,220830,052252,60.173340N,24.132870E,44,13.9,261
2697,T,220830,052253,60.173336N,24.132799E,44,14.0,262
2698,T,220830,052254,60.173332N,24.132729E,44,14.4,263
2699,T,220830,052255,60.173328N,24.132656E,44,14.5,263
2700,T,220830,052256,60.173325N,24.132584E,44,14.5,264
2701,T,220830,052257,60.173321N,24.132507E,44,14.9,264
2702,T,220830,052258,60.173317N,24.132435E,44,15.4,265
2703,T,220830,052259,60.173313N,24.132357E,45,15.7,265
2704,T,220830,052300,60.173309N,24.132278E,45,15.7,265
2705,T,220830,052301,60.173306N,24.132200E,45,15.8,265
2706,T,220830,052302,60.173302N,24.132120E,45,16.2,265
2707,T,220830,052303,60.173298N,24.132040E,45,16.5,265
2708,T,220830,052304,60.173290N,24.131958E,45,16.9,265
2709,T,220830,052305,60.173286N,24.131874E,45,17.5,265
2710,T,220830,052306,60.173286N,24.131784E,45,17.8,265
2711,T,220830,052307,60.173279N,24.131697E,45,17.9,265
2712,T,220830,052308,60.173279N,24.131603E,45,18.3,265
2713,T,220830,052309,60.173271N,24.131512E,45,18.7,264
2714,T,220830,052310,60.173271N,24.131418E,45,18.8,264
2715,T,220830,052311,60.173264N,24.131325E,44,18.9,264
2716,T,220830,052312,60.173260N,24.131229E,44,19.2,264
2717,T,220830,052313,60.173256N,24.131134E,44,19.3,263
2718,T,220830,052314,60.173248N,24.131037E,44,19.4,263
2719,T,220830,052315,60.173241N,24.130939E,44,19.7,262
2720,T,220830,052316,60.173237N,24.130840E,44,19.7,262
2721,T,220830,052317,60.173229N,24.130741E,44,19.8,261
2722,T,220830,052318,60.173222N,24.130642E,44,19.9,261
2723,T,220830,052319,60.173206N,24.130543E,44,19.9,261
2724,T,220830,052320,60.173199N,24.130442E,44,20.0,261
2725,T,220830,052321,60.173195N,24.130342E,44,20.1,261
2726,T,220830,052322,60.173187N,24.130239E,44,20.1,262
2727,T,220830,052323,60.173180N,24.130140E,45,20.1,262
2728,T,220830,052324,60.173172N,24.130039E,45,20.2,262
2729,T,220830,052325,60.173168N,24.129938E,44,20.2,261
2730,T,220830,052326,60.173161N,24.129835E,44,20.3,260
2731,T,220830,052327,60.173149N,24.129736E,44,20.6,260
2732,T,220830,052328,60.173141N,24.129637E,44,20.6,259
2733,T,220830,052329,60.173126N,24.129536E,44,20.5,259
2734,T,220830,052330,60.173119N,24.129435E,45,20.6,258
2735,T,220830,052331,60.173111N,24.129332E,45,21.0,258
2736,T,220830,052332,60.173100N,24.129229E,45,21.0,257
2737,T,220830,052333,60.173088N,24.129124E,45,21.0,257
2738,T,220830,052334,60.173080N,24.129021E,45,21.4,257
2739,T,220830,052335,60.173069N,24.128916E,45,21.3,257
2740,T,220830,052336,60.173058N,24.128811E,44,21.8,257
2741,T,220830,052337,60.173042N,24.128702E,44,22.2,258
2742,T,220830,052338,60.173031N,24.128592E,44,22.1,258
2743,T,220830,052339,60.173019N,24.128483E,45,22.1,259
2744,T,220830,052340,60.173012N,24.128372E,45,22.5,260
2745,T,220830,052341,60.173008N,24.128258E,45,22.8,262
2746,T,220830,052342,60.173000N,24.128143E,44,23.1,263
2747,T,220830,052343,60.173004N,24.128025E,45,23.1,273
2748,T,220830,052344,60.173008N,24.127913E,44,23.1,274
2749,T,220830,052345,60.173012N,24.127796E,44,23.4,278
2750,T,220830,052346,60.173023N,24.127676E,44,23.9,281
2751,T,220830,052347,60.173038N,24.127560E,44,24.2,285
2752,T,220830,052348,60.173061N,24.127441E,44,24.8,289
2753,T,220830,052349,60.173080N,24.127325E,44,24.4,291
2754,T,220830,052350,60.173107N,24.127213E,44,23.9,293
2755,T,220830,052351,60.173141N,24.127104E,44,23.2,297
2756,T,220830,052352,60.173168N,24.127001E,44,22.6,298
2757,T,220830,052353,60.173195N,24.126902E,44,21.9,299
2758,T,220830,052354,60.173222N,24.126808E,44,21.4,300
2759,T,220830,052355,60.173248N,24.126717E,44,21.4,299
2760,T,220830,052356,60.173275N,24.126619E,44,21.4,299
2761,T,220830,052357,60.173302N,24.126524E,44,21.7,298
2762,T,220830,052358,60.173328N,24.126427E,44,21.8,298
2763,T,220830,052359,60.173351N,24.126331E,44,21.9,299
2764,T,220830,052400,60.173382N,24.126236E,44,21.8,298
2765,T,220830,052401,60.173409N,24.126141E,44,21.9,298
2766,T,220830,052402,60.173431N,24.126043E,44,21.8,299
2767,T,220830,052403,60.173458N,24.125950E,44,21.8,298
2768,T,220830,052404,60.173489N,24.125856E,44,21.5,298
2769,T,220830,052405,60.173512N,24.125759E,44,20.9,298
2770,T,220830,052406,60.173534N,24.125668E,44,20.8,298
2771,T,220830,052407,60.173561N,24.125578E,44,20.7,298
2772,T,220830,052408,60.173584N,24.125486E,44,20.6,298
2773,T,220830,052409,60.173607N,24.125395E,44,20.5,297
2774,T,220830,052410,60.173634N,24.125301E,44,20.2,296
2775,T,220830,052411,60.173653N,24.125208E,44,20.2,294
2776,T,220830,052412,60.173672N,24.125116E,44,19.7,293
2777,T,220830,052413,60.173687N,24.125025E,44,19.2,291
2778,T,220830,052414,60.173710N,24.124931E,44,19.6,290
2779,T,220830,052415,60.173721N,24.124840E,45,19.1,288
2780,T,220830,052416,60.173733N,24.124746E,45,19.1,287
2781,T,220830,052417,60.173740N,24.124649E,45,19.5,286
2782,T,220830,052418,60.173752N,24.124552E,45,19.9,285
2783,T,220830,052419,60.173756N,24.124454E,45,19.9,285
2784,T,220830,052420,60.173763N,24.124352E,45,20.5,282
2785,T,220830,052421,60.173771N,24.124249E,45,20.0,281
2786,T,220830,052422,60.173775N,24.124146E,45,20.5,279
2787,T,220830,052423,60.173779N,24.124043E,45,20.9,276
2788,T,220830,052424,60.173786N,24.123936E,45,21.2,275
2789,T,220830,052425,60.173794N,24.123825E,44,21.2,274
2790,T,220830,052426,60.173798N,24.123720E,44,21.3,273
2791,T,220830,052427,60.173801N,24.123613E,44,21.2,274
2792,T,220830,052428,60.173805N,24.123508E,44,21.3,274
2793,T,220830,052429,60.173805N,24.123400E,44,21.3,274
2794,T,220830,052430,60.173809N,24.123293E,44,21.3,274
2795,T,220830,052431,60.173813N,24.123184E,44,21.4,274
2796,T,220830,052432,60.173817N,24.123075E,44,21.4,274
2797,T,220830,052433,60.173820N,24.122967E,44,21.5,274
2798,T,220830,052434,60.173824N,24.122858E,45,21.5,274
2799,T,220830,052435,60.173828N,24.122751E,45,21.5,273
2800,T,220830,052436,60.173832N,24.122644E,45,21.1,273
2801,T,220830,052437,60.173836N,24.122536E,45,20.7,273
2802,T,220830,052438,60.173840N,24.122435E,45,20.6,274
2803,T,220830,052439,60.173840N,24.122330E,45,20.5,273
2804,T,220830,052440,60.173843N,24.122227E,45,20.0,272
2805,T,220830,052441,60.173843N,24.122126E,45,19.7,271
2806,T,220830,052442,60.173843N,24.122030E,45,19.2,270
2807,T,220830,052443,60.173847N,24.121935E,45,19.1,269
2808,T,220830,052444,60.173843N,24.121840E,46,18.7,269
2809,T,220830,052445,60.173843N,24.121746E,46,18.2,269
2810,T,220830,052446,60.173843N,24.121656E,46,17.8,268
2811,T,220830,052447,60.173840N,24.121569E,46,17.8,267
2812,T,220830,052448,60.173840N,24.121481E,46,17.7,267
2813,T,220830,052449,60.173836N,24.121393E,46,17.6,267
2814,T,220830,052450,60.173836N,24.121304E,46,17.6,267
2815,T,220830,052451,60.173832N,24.121220E,46,17.6,268
2816,T,220830,052452,60.173832N,24.121132E,46,17.5,268
2817,T,220830,052453,60.173832N,24.121044E,47,16.9,270
2818,T,220830,052454,60.173832N,24.120964E,47,17.2,270
2819,T,220830,052455,60.173832N,24.120876E,47,17.2,271
2820,T,220830,052456,60.173832N,24.120792E,48,16.7,275
2821,T,220830,052457,60.173832N,24.120708E,48,16.3,275
2822,T,220830,052458,60.173836N,24.120630E,50,15.9,276
2823,T,220830,052459,60.173843N,24.120550E,50,15.9,277
2824,T,220830,052500,60.173851N,24.120470E,51,15.8,277
2825,T,220830,052501,60.173862N,24.120390E,51,15.9,278
2826,T,220830,052502,60.173878N,24.120306E,50,16.6,279
2827,T,220830,052503,60.173889N,24.120224E,50,16.5,280
2828,T,220830,052504,60.173901N,24.120144E,50,16.5,281
2829,T,220830,052505,60.173916N,24.120064E,50,17.2,282
2830,T,220830,052506,60.173931N,24.119984E,50,17.5,283
2831,T,220830,052507,60.173946N,24.119902E,50,17.8,283
2832,T,220830,052508,60.173962N,24.119816E,50,18.3,284
2833,T,220830,052509,60.173981N,24.119730E,50,18.7,285
2834,T,220830,052510,60.173992N,24.119640E,50,19.2,287
2835,T,220830,052511,60.174007N,24.119549E,50,19.2,288
2836,T,220830,052512,60.174023N,24.119455E,49,19.2,288
2837,T,220830,052513,60.174042N,24.119362E,49,20.1,288
2838,T,220830,052514,60.174053N,24.119267E,49,20.5,288
2839,T,220830,052515,60.174068N,24.119167E,49,20.9,287
2840,T,220830,052516,60.174084N,24.119066E,49,21.0,287
2841,T,220830,052517,60.174099N,24.118963E,49,21.6,287
2842,T,220830,052518,60.174110N,24.118860E,49,21.7,286
2843,T,220830,052519,60.174129N,24.118752E,49,22.2,284
2844,T,220830,052520,60.174137N,24.118643E,49,22.3,283
2845,T,220830,052521,60.174145N,24.118530E,49,22.9,282
2846,T,220830,052522,60.174152N,24.118414E,49,23.4,282
2847,T,220830,052523,60.174156N,24.118294E,49,23.8,281
2848,T,220830,052524,60.174160N,24.118176E,49,24.2,280
2849,T,220830,052525,60.174164N,24.118053E,49,24.2,280
2850,T,220830,052526,60.174171N,24.117931E,49,24.1,278
2851,T,220830,052527,60.174179N,24.117809E,49,24.0,276
2852,T,220830,052528,60.174183N,24.117693E,49,24.0,275
2853,T,220830,052529,60.174191N,24.117573E,48,23.7,275
2854,T,220830,052530,60.174198N,24.117455E,48,23.8,276
2855,T,220830,052531,60.174210N,24.117334E,48,23.8,277
2856,T,220830,052532,60.174217N,24.117214E,48,23.8,277
2857,T,220830,052533,60.174225N,24.117092E,48,24.0,278
2858,T,220830,052534,60.174236N,24.116974E,48,24.0,279
2859,T,220830,052535,60.174244N,24.116854E,48,24.1,280
2860,T,220830,052536,60.174259N,24.116735E,48,24.1,280
2861,T,220830,052537,60.174271N,24.116623E,48,23.6,281
2862,T,220830,052538,60.174286N,24.116516E,49,23.5,282
2863,T,220830,052539,60.174301N,24.116409E,49,22.7,284
2864,T,220830,052540,60.174313N,24.116301E,50,22.8,285
2865,T,220830,052541,60.174324N,24.116186E,50,22.9,285
2866,T,220830,052542,60.174339N,24.116076E,50,22.7,285
2867,T,220830,052543,60.174351N,24.115965E,50,22.2,285
2868,T,220830,052544,60.174370N,24.115858E,50,21.7,285
2869,T,220830,052545,60.174381N,24.115751E,49,21.3,285
2870,T,220830,052546,60.174393N,24.115644E,49,21.2,285
2871,T,220830,052547,60.174408N,24.115543E,49,20.2,284
2872,T,220830,052548,60.174419N,24.115448E,48,19.0,290
2873,T,220830,052549,60.174442N,24.115368E,48,19.0,308
2874,T,220830,052550,60.174480N,24.115309E,48,18.6,332
2875,T,220830,052551,60.174522N,24.115276E,48,20.0,347
2876,T,220830,052552,60.174576N,24.115255E,48,20.1,349
2877,T,220830,052553,60.174625N,24.115240E,48,20.6,351
2878,T,220830,052554,60.174675N,24.115225E,47,20.5,350
2879,T,220830,052555,60.174728N,24.115204E,47,20.5,349
2880,T,220830,052556,60.174782N,24.115189E,47,20.3,349
2881,T,220830,052557,60.174831N,24.115168E,47,20.2,347
2882,T,220830,052558,60.174881N,24.115147E,47,20.4,347
2883,T,220830,052559,60.174931N,24.115126E,48,20.8,348
2884,T,220830,052600,60.174984N,24.115107E,48,20.0,348
2885,T,220830,052601,60.175034N,24.115084E,48,19.4,348
2886,T,220830,052602,60.175079N,24.115063E,48,19.3,348
2887,T,220830,052603,60.175125N,24.115040E,48,19.2,348
2888,T,220830,052604,60.175171N,24.115023E,48,18.2,348
2889,T,220830,052605,60.175217N,24.115000E,48,16.7,346
2890,T,220830,052606,60.175255N,24.114981E,48,16.6,348
2891,T,220830,052607,60.175297N,24.114960E,49,17.6,346
2892,T,220830,052608,60.175339N,24.114941E,49,16.5,348
2893,T,220830,052609,60.175385N,24.114922E,49,18.1,346
2894,T,220830,052610,60.175430N,24.114904E,49,19.2,347
2895,T,220830,052611,60.175476N,24.114880E,49,18.5,346
2896,T,220830,052612,60.175526N,24.114859E,50,19.1,346
2897,T,220830,052613,60.175571N,24.114834E,49,20.0,346
2898,T,220830,052614,60.175621N,24.114813E,49,18.8,347
2899,T,220830,052615,60.175671N,24.114792E,50,19.8,346
2900,T,220830,052616,60.175716N,24.114763E,50,18.7,346
2901,T,220830,052617,60.175770N,24.114738E,50,19.9,345
2902,T,220830,052618,60.175819N,24.114716E,50,20.0,344
2903,T,220830,052619,60.175869N,24.114695E,50,19.4,346
2904,T,220830,052620,60.175919N,24.114679E,50,19.4,346
2905,T,220830,052621,60.175968N,24.114660E,50,19.5,343
2906,T,220830,052622,60.176022N,24.114635E,50,19.1,345
2907,T,220830,052623,60.176071N,24.114624E,50,18.7,346
2908,T,220830,052624,60.176121N,24.114614E,50,19.1,346
2909,T,220830,052625,60.176186N,24.114605E,51,19.1,348
2910,T,220830,052626,60.176239N,24.114586E,51,17.5,346
2911,T,220830,052627,60.176285N,24.114555E,51,16.2,345
2912,T,220830,052628,60.176327N,24.114536E,51,16.9,344
2913,T,220830,052629,60.176373N,24.114511E,51,18.7,345
2914,T,220830,052630,60.176418N,24.114491E,51,19.5,345
2915,T,220830,052631,60.176468N,24.114470E,50,18.8,347
2916,T,220830,052632,60.176517N,24.114449E,50,20.0,348
2917,T,220830,052633,60.176567N,24.114424E,50,20.7,347
2918,T,220830,052634,60.176620N,24.114395E,50,20.2,347
2919,T,220830,052635,60.176674N,24.114372E,50,19.6,347
2920,T,220830,052636,60.176720N,24.114351E,50,18.5,347
2921,T,220830,052637,60.176781N,24.114336E,51,21.3,349
2922,T,220830,052638,60.176842N,24.114317E,51,21.6,350
2923,T,220830,052639,60.176899N,24.114294E,52,22.4,350
2924,T,220830,052640,60.176960N,24.114264E,51,22.4,349
2925,T,220830,052641,60.177021N,24.114235E,50,22.0,347
2926,T,220830,052642,60.177074N,24.114210E,50,20.8,348
2927,T,220830,052643,60.177128N,24.114185E,49,20.5,347
2928,T,220830,052644,60.177181N,24.114162E,49,20.4,347
2929,T,220830,052645,60.177231N,24.114136E,49,20.4,348
2930,T,220830,052646,60.177292N,24.114113E,48,21.0,348
2931,T,220830,052647,60.177353N,24.114084E,48,23.3,347
2932,T,220830,052648,60.177406N,24.114059E,48,21.9,348
2933,T,220830,052649,60.177464N,24.114038E,48,20.8,348
2934,T,220830,052650,60.177521N,24.114016E,48,22.1,348
2935,T,220830,052651,60.177582N,24.113997E,48,22.7,350
2936,T,220830,052652,60.177639N,24.113974E,48,22.3,349
2937,T,220830,052653,60.177700N,24.113949E,48,21.8,349
2938,T,220830,052654,60.177761N,24.113916E,48,22.4,349
2939,T,220830,052655,60.177822N,24.113884E,46,24.6,348
2940,T,220830,052656,60.177914N,24.113842E,45,24.5,347
2941,T,220830,052657,60.177979N,24.113808E,45,23.8,347
2942,T,220830,052658,60.178051N,24.113773E,45,24.4,347
2943,T,220830,052659,60.178123N,24.113743E,44,24.2,348
2944,T,220830,052700,60.178188N,24.113716E,43,23.2,349
2945,T,220830,052701,60.178249N,24.113691E,43,22.5,349
2946,T,220830,052702,60.178310N,24.113668E,44,22.5,349
2947,T,220830,052703,60.178371N,24.113644E,43,22.0,349
2948,T,220830,052704,60.178429N,24.113625E,43,21.5,348
2949,T,220830,052705,60.178490N,24.113604E,43,22.4,348
2950,T,220830,052706,60.178543N,24.113583E,43,21.1,348
2951,T,220830,052707,60.178600N,24.113556E,43,22.0,347
2952,T,220830,052708,60.178661N,24.113523E,42,22.6,345
2953,T,220830,052709,60.178719N,24.113485E,43,23.2,343
2954,T,220830,052710,60.178780N,24.113449E,42,23.9,342
2955,T,220830,052711,60.178841N,24.113407E,42,24.9,341
2956,T,220830,052712,60.178902N,24.113367E,42,24.9,340
2957,T,220830,052713,60.178959N,24.113321E,42,25.2,338
2958,T,220830,052714,60.179020N,24.113274E,42,25.3,337
2959,T,220830,052715,60.179077N,24.113228E,42,23.6,337
2960,T,220830,052716,60.179134N,24.113186E,42,24.8,337
2961,T,220830,052717,60.179195N,24.113142E,42,25.2,337
2962,T,220830,052718,60.179253N,24.113091E,42,24.9,337
2963,T,220830,052719,60.179314N,24.113045E,42,24.1,336
2964,T,220830,052720,60.179363N,24.113005E,42,23.1,337
2965,T,220830,052721,60.179420N,24.112965E,42,23.1,338
2966,T,220830,052722,60.179474N,24.112921E,42,22.6,334
2967,T,220830,052723,60.179523N,24.112877E,42,23.0,336
2968,T,220830,052724,60.179577N,24.112831E,42,22.6,337
2969,T,220830,052725,60.179630N,24.112789E,42,22.6,337
2970,T,220830,052726,60.179684N,24.112753E,41,22.9,339
2971,T,220830,052727,60.179741N,24.112720E,41,23.5,338
2972,T,220830,052728,60.179790N,24.112680E,41,22.4,338
2973,T,220830,052729,60.179844N,24.112642E,41,21.6,338
2974,T,220830,052730,60.179897N,24.112604E,40,22.6,337
2975,T,220830,052731,60.179943N,24.112564E,40,22.5,336
2976,T,220830,052732,60.179993N,24.112516E,40,22.5,335
2977,T,220830,052733,60.180042N,24.112478E,39,21.6,337
2978,T,220830,052734,60.180096N,24.112442E,39,21.7,337
2979,T,220830,052735,60.180149N,24.112404E,39,22.2,338
2980,T,220830,052736,60.180199N,24.112364E,39,22.8,338
2981,T,220830,052737,60.180248N,24.112320E,39,21.2,336
2982,T,220830,052738,60.180302N,24.112278E,39,20.8,336
2983,T,220830,052739,60.180351N,24.112240E,39,22.5,337
2984,T,220830,052740,60.180405N,24.112202E,39,22.0,337
2985,T,220830,052741,60.180462N,24.112160E,39,23.4,337
2986,T,220830,052742,60.180511N,24.112116E,39,22.3,337
2987,T,220830,052743,60.180565N,24.112074E,38,22.3,338
2988,T,220830,052744,60.180614N,24.112036E,38,21.6,338
2989,T,220830,052745,60.180672N,24.111992E,38,23.0,337
2990,T,220830,052746,60.180725N,24.111948E,38,23.0,337
2991,T,220830,052747,60.180782N,24.111908E,38,23.8,338
2992,T,220830,052748,60.180840N,24.111866E,38,23.8,338
2993,T,220830,052749,60.180897N,24.111824E,38,24.4,337
2994,T,220830,052750,60.180958N,24.111778E,38,24.3,338
2995,T,220830,052751,60.181015N,24.111738E,38,24.4,339
2996,T,220830,052752,60.181072N,24.111698E,38,24.3,339
2997,T,220830,052753,60.181133N,24.111656E,38,24.4,339
2998,T,220830,052754,60.181190N,24.111610E,38,24.4,339
2999,T,220830,052755,60.181252N,24.111567E,38,24.1,338
3000,T,220830,052756,60.181309N,24.111526E,38,23.8,339
3001,T,220830,052757,60.181362N,24.111485E,38,23.7,339
3002,T,220830,052758,60.181423N,24.111444E,38,23.0,339
3003,T,220830,052759,60.181484N,24.111406E,38,22.6,339
3004,T,220830,052800,60.181538N,24.111364E,38,21.7,338
3005,T,220830,052801,60.181583N,24.111322E,38,20.9,338
3006,T,220830,052802,60.181633N,24.111282E,38,21.0,338
3007,T,220830,052803,60.181683N,24.111244E,38,21.0,338
3008,T,220830,052804,60.181728N,24.111206E,38,20.6,338
3009,T,220830,052805,60.181782N,24.111168E,38,21.3,338
3010,T,220830,052806,60.181828N,24.111130E,38,20.2,338
3011,T,220830,052807,60.181877N,24.111094E,38,21.0,338
3012,T,220830,052808,60.181927N,24.111057E,39,20.5,338
3013,T,220830,052809,60.181973N,24.111023E,39,19.8,338
3014,T,220830,052810,60.182018N,24.110985E,39,20.9,339
3015,T,220830,052811,60.182072N,24.110947E,38,19.8,338
3016,T,220830,052812,60.182121N,24.110914E,38,19.8,339
3017,T,220830,052813,60.182167N,24.110876E,39,21.1,339
3018,T,220830,052814,60.182220N,24.110836E,39,21.2,339
3019,T,220830,052815,60.182266N,24.110800E,38,20.5,339
3020,T,220830,052816,60.182320N,24.110764E,39,21.6,338
3021,T,220830,052817,60.182369N,24.110723E,39,20.9,337
3022,T,220830,052818,60.182415N,24.110683E,40,20.7,337
3023,T,220830,052819,60.182465N,24.110643E,40,20.1,337
3024,T,220830,052820,60.182510N,24.110605E,40,21.1,337
3025,T,220830,052821,60.182564N,24.110571E,40,21.2,338
3026,T,220830,052822,60.182613N,24.110531E,40,21.2,338
3027,T,220830,052823,60.182659N,24.110493E,40,20.6,338
3028,T,220830,052824,60.182709N,24.110456E,40,19.3,338
3029,T,220830,052825,60.182751N,24.110418E,40,18.9,338
3030,T,220830,052826,60.182793N,24.110382E,40,19.0,338
3031,T,220830,052827,60.182838N,24.110344E,40,19.0,337
3032,T,220830,052828,60.182880N,24.110310E,40,18.9,338
3033,T,220830,052829,60.182922N,24.110275E,40,18.8,338
3034,T,220830,052830,60.182968N,24.110249E,40,18.9,338
3035,T,220830,052831,60.183010N,24.110214E,40,19.4,337
3036,T,220830,052832,60.183060N,24.110176E,41,18.7,338
3037,T,220830,052833,60.183109N,24.110142E,41,19.4,338
3038,T,220830,052834,60.183151N,24.110106E,41,19.8,338
3039,T,220830,052835,60.183201N,24.110065E,41,20.1,338
3040,T,220830,052836,60.183243N,24.110027E,41,20.7,337
3041,T,220830,052837,60.183292N,24.109991E,41,20.4,337
3042,T,220830,052838,60.183338N,24.109957E,41,20.4,338
3043,T,220830,052839,60.183392N,24.109921E,41,19.9,338
3044,T,220830,052840,60.183441N,24.109884E,41,21.1,339
3045,T,220830,052841,60.183487N,24.109844E,41,21.0,335
3046,T,220830,052842,60.183533N,24.109804E,40,19.9,338
3047,T,220830,052843,60.183578N,24.109768E,40,19.6,340
3048,T,220830,052844,60.183628N,24.109732E,39,21.3,339
3049,T,220830,052845,60.183678N,24.109695E,39,21.3,341
3050,T,220830,052846,60.183727N,24.109661E,38,21.6,342
3051,T,220830,052847,60.183781N,24.109634E,37,22.2,343
3052,T,220830,052848,60.183838N,24.109606E,37,23.0,345
3053,T,220830,052849,60.183891N,24.109583E,36,24.4,347
3054,T,220830,052850,60.183956N,24.109562E,35,24.8,348
3055,T,220830,052851,60.184017N,24.109562E,35,24.3,3
3056,T,220830,052852,60.184078N,24.109589E,35,24.4,15
3057,T,220830,052853,60.184135N,24.109627E,35,23.2,21
3058,T,220830,052854,60.184189N,24.109676E,35,22.3,25
3059,T,220830,052855,60.184235N,24.109730E,36,22.4,29
3060,T,220830,052856,60.184284N,24.109789E,36,20.9,32
3061,T,220830,052857,60.184322N,24.109854E,36,21.1,42
3062,T,220830,052858,60.184364N,24.109926E,36,21.7,43
3063,T,220830,052859,60.184399N,24.110004E,36,21.5,45
3064,T,220830,052900,60.184441N,24.110100E,36,22.5,52
3065,T,220830,052901,60.184471N,24.110197E,36,21.9,56
3066,T,220830,052902,60.184517N,24.110287E,36,22.9,56
3067,T,220830,052903,60.184551N,24.110386E,37,23.7,58
3068,T,220830,052904,60.184586N,24.110495E,37,23.0,59
3069,T,220830,052905,60.184616N,24.110603E,37,24.0,59
3070,T,220830,052906,60.184650N,24.110716E,37,24.8,57
3071,T,220830,052907,60.184689N,24.110823E,37,24.3,58
3072,T,220830,052908,60.184723N,24.110931E,37,25.0,57
3073,T,220830,052909,60.184761N,24.111044E,36,25.6,57
3074,T,220830,052910,60.184792N,24.111164E,36,25.9,57
3075,T,220830,052911,60.184834N,24.111279E,36,25.9,57
3076,T,220830,052912,60.184868N,24.111389E,35,25.3,56
3077,T,220830,052913,60.184902N,24.111500E,35,24.9,55
3078,T,220830,052914,60.184940N,24.111605E,35,23.6,55
3079,T,220830,052915,60.184971N,24.111704E,35,22.5,55
3080,T,220830,052916,60.185005N,24.111803E,35,22.6,55
3081,T,220830,052917,60.185032N,24.111902E,34,22.6,56
3082,T,220830,052918,60.185062N,24.112000E,34,22.7,57
3083,T,220830,052919,60.185097N,24.112099E,34,22.6,57
3084,T,220830,052920,60.185127N,24.112198E,34,22.7,57
3085,T,220830,052921,60.185162N,24.112295E,33,23.5,56
3086,T,220830,052922,60.185196N,24.112396E,33,24.6,55
3087,T,220830,052923,60.185230N,24.112497E,32,25.7,54
3088,T,220830,052924,60.185276N,24.112604E,32,26.6,52
3089,T,220830,052925,60.185322N,24.112707E,31,27.7,50
3090,T,220830,052926,60.185368N,24.112814E,30,28.9,47
3091,T,220830,052927,60.185421N,24.112919E,30,30.3,45
3092,T,220830,052928,60.185478N,24.113026E,29,31.7,43
3093,T,220830,052929,60.185539N,24.113134E,28,32.5,41
3094,T,220830,052930,60.185604N,24.113237E,27,32.8,39
3095,T,220830,052931,60.185669N,24.113344E,27,33.1,38
3096,T,220830,052932,60.185734N,24.113449E,26,33.2,38
3097,T,220830,052933,60.185799N,24.113556E,26,33.2,38
3098,T,220830,052934,60.185863N,24.113665E,25,33.1,38
3099,T,220830,052935,60.185928N,24.113768E,25,33.0,38
3100,T,220830,052936,60.185993N,24.113873E,25,32.6,38
3101,T,220830,052937,60.186054N,24.113976E,24,32.3,38
3102,T,220830,052938,60.186119N,24.114080E,24,32.1,39
3103,T,220830,052939,60.186180N,24.114182E,23,31.7,39
3104,T,220830,052940,60.186245N,24.114285E,23,31.3,40
3105,T,220830,052941,60.186302N,24.114384E,23,30.8,40
3106,T,220830,052942,60.186359N,24.114483E,23,30.4,40
3107,T,220830,052943,60.186420N,24.114576E,22,29.8,40
3108,T,220830,052944,60.186478N,24.114676E,22,29.7,40
3109,T,220830,052945,60.186531N,24.114773E,22,29.3,40
3110,T,220830,052946,60.186588N,24.114868E,21,29.0,40
3111,T,220830,052947,60.186646N,24.114962E,21,29.0,40
3112,T,220830,052948,60.186699N,24.115053E,21,28.4,39
3113,T,220830,052949,60.186752N,24.115143E,20,28.0,39
3114,T,220830,052950,60.186810N,24.115231E,20,27.6,38
3115,T,220830,052951,60.186859N,24.115318E,19,27.7,39
3116,T,220830,052952,60.186913N,24.115408E,19,28.1,39
3117,T,220830,052953,60.186962N,24.115503E,19,28.1,41
3118,T,220830,052954,60.187016N,24.115601E,18,28.9,42
3119,T,220830,052955,60.187073N,24.115694E,18,28.1,42
3120,T,220830,052956,60.187122N,24.115786E,17,28.3,41
3121,T,220830,052957,60.187176N,24.115877E,17,28.3,40
3122,T,220830,052958,60.187233N,24.115967E,17,28.2,39
3123,T,220830,052959,60.187283N,24.116053E,16,27.6,38
3124,T,220830,053000,60.187340N,24.116135E,16,26.7,37
3125,T,220830,053001,60.187393N,24.116201E,16,24.4,29
3126,T,220830,053002,60.187443N,24.116257E,17,22.5,26
3127,T,220830,053003,60.187492N,24.116297E,17,19.4,21
3128,T,220830,053004,60.187534N,24.116329E,17,17.9,22
3129,T,220830,053005,60.187576N,24.116360E,17,17.8,21
3130,T,220830,053006,60.187614N,24.116385E,17,17.1,15
3131,T,220830,053007,60.187660N,24.116400E,17,16.8,11
3132,T,220830,053008,60.187698N,24.116411E,17,15.8,7
3133,T,220830,053009,60.187737N,24.116421E,17,15.7,5
3134,T,220830,053010,60.187771N,24.116417E,17,16.2,3
3135,T,220830,053011,60.187813N,24.116411E,17,16.1,0
3136,T,220830,053012,60.187851N,24.116405E,17,17.0,0
3137,T,220830,053013,60.187897N,24.116402E,17,18.6,0
3138,T,220830,053014,60.187946N,24.116398E,17,20.9,357
3139,T,220830,053015,60.188000N,24.116392E,17,20.6,356
3140,T,220830,053016,60.188049N,24.116383E,17,20.6,357
3141,T,220830,053017,60.188103N,24.116377E,17,21.4,357
3142,T,220830,053018,60.188160N,24.116365E,16,22.2,357
3143,T,220830,053019,60.188217N,24.116362E,16,22.3,358
3144,T,220830,053020,60.188271N,24.116360E,16,22.2,359
3145,T,220830,053021,60.188328N,24.116358E,16,22.1,359
3146,T,220830,053022,60.188385N,24.116356E,17,20.9,359
3147,T,220830,053023,60.188431N,24.116352E,17,19.3,359
3148,T,220830,053024,60.188480N,24.116348E,17,18.2,359
3149,T,220830,053025,60.188522N,24.116344E,18,17.0,359
3150,T,220830,053026,60.188564N,24.116343E,18,15.0,358
3151,T,220830,053027,60.188602N,24.116337E,18,14.2,357
3152,T,220830,053028,60.188641N,24.116325E,19,14.3,355
3153,T,220830,053029,60.188671N,24.116316E,19,14.9,353
3154,T,220830,053030,60.188713N,24.116301E,19,14.8,350
3155,T,220830,053031,60.188747N,24.116283E,20,14.8,348
3156,T,220830,053032,60.188786N,24.116268E,20,14.4,347
3157,T,220830,053033,60.188816N,24.116249E,21,14.3,345
3158,T,220830,053034,60.188850N,24.116232E,22,14.3,344
3159,T,220830,053035,60.188889N,24.116215E,22,14.4,344
3160,T,220830,053036,60.188923N,24.116194E,22,15.0,345
3161,T,220830,053037,60.188961N,24.116177E,23,15.0,345
3162,T,220830,053038,60.188999N,24.116156E,24,15.2,346
3163,T,220830,053039,60.189037N,24.116140E,24,15.1,348
3164,T,220830,053040,60.189072N,24.116123E,24,15.6,349
3165,T,220830,053041,60.189114N,24.116102E,24,15.5,350
3166,T,220830,053042,60.189152N,24.116085E,25,15.2,350
3167,T,220830,053043,60.189186N,24.116077E,25,15.2,356
3168,T,220830,053044,60.189224N,24.116072E,26,15.7,359
3169,T,220830,053045,60.189262N,24.116068E,26,14.6,1
3170,T,220830,053046,60.189301N,24.116072E,27,14.7,3
3171,T,220830,053047,60.189339N,24.116076E,27,16.1,1
3172,T,220830,053048,60.189381N,24.116081E,27,15.5,2
3173,T,220830,053049,60.189419N,24.116083E,27,17.4,1
3174,T,220830,053050,60.189468N,24.116083E,27,19.0,352
3175,T,220830,053051,60.189514N,24.116064E,27,20.0,349
3176,T,220830,053052,60.189568N,24.116037E,27,21.0,345
3177,T,220830,053053,60.189621N,24.116005E,27,22.7,341
3178,T,220830,053054,60.189674N,24.115965E,27,23.5,335
3179,T,220830,053055,60.189728N,24.115913E,28,22.6,329
3180,T,220830,053056,60.189777N,24.115850E,28,23.2,321
3181,T,220830,053057,60.189816N,24.115772E,28,23.1,316
3182,T,220830,053058,60.189861N,24.115696E,28,22.1,312
3183,T,220830,053059,60.189892N,24.115614E,29,21.5,307
3184,T,220830,053100,60.189922N,24.115520E,28,21.3,299
3185,T,220830,053101,60.189949N,24.115419E,28,20.6,294
3186,T,220830,053102,60.189964N,24.115324E,28,18.6,289
3187,T,220830,053103,60.189980N,24.115238E,27,16.9,291
3188,T,220830,053104,60.189999N,24.115171E,27,13.3,304
3189,T,220830,053105,60.190022N,24.115135E,27,8.9,333
3190,T,220830,053106,60.190041N,24.115124E,26,6.6,12
3191,T,220830,053107,60.190052N,24.115141E,26,7.2,47
3192,T,220830,053108,60.190056N,24.115173E,25,8.5,87
3193,T,220830,053109,60.190056N,24.115225E,25,11.0,99
3194,T,220830,053110,60.190048N,24.115284E,24,12.9,108
3195,T,220830,053111,60.190037N,24.115349E,24,14.4,118
3196,T,220830,053112,60.190022N,24.115431E,23,16.5,116
3197,T,220830,053113,60.190006N,24.115511E,23,16.1,114
3198,T,220830,053114,60.189991N,24.115585E,23,17.0,113
3199,T,220830,053115,60.189976N,24.115664E,23,17.0,115
3200,T,220830,053116,60.189960N,24.115738E,23,16.0,118
3201,T,220830,053117,60.189938N,24.115810E,22,15.5,118
3202,T,220830,053118,60.189919N,24.115883E,22,15.5,118
3203,T,220830,053119,60.189899N,24.115953E,22,15.2,119
3204,T,220830,053120,60.189880N,24.116020E,21,14.2,117
3205,T,220830,053121,60.189865N,24.116083E,20,13.8,109
3206,T,220830,053122,60.189854N,24.116154E,20,13.3,103
3207,T,220830,053123,60.189850N,24.116228E,19,13.3,96
3208,T,220830,053124,60.189842N,24.116299E,19,13.0,90
3209,T,220830,053125,60.189850N,24.116367E,18,13.5,78
3210,T,220830,053126,60.189861N,24.116438E,18,14.2,74
3211,T,220830,053127,60.189873N,24.116508E,18,13.5,67
3212,T,220830,053128,60.189888N,24.116575E,17,13.5,63
3213,T,220830,053129,60.189907N,24.116636E,17,13.6,59
3214,T,220830,053130,60.189926N,24.116695E,17,14.5,53
3215,T,220830,053131,60.189953N,24.116755E,17,15.4,45
3216,T,220830,053132,60.189980N,24.116806E,17,15.7,39
3217,T,220830,053133,60.190014N,24.116856E,17,14.7,35
3218,T,220830,053134,60.190044N,24.116898E,18,15.2,35
3219,T,220830,053135,60.190071N,24.116943E,18,14.2,38
3220,T,220830,053136,60.190105N,24.116985E,18,14.2,33
3221,T,220830,053137,60.190132N,24.117025E,18,14.9,34
3222,T,220830,053138,60.190163N,24.117064E,18,14.4,34
3223,T,220830,053139,60.190193N,24.117094E,17,13.4,33
3224,T,220830,053140,60.190220N,24.117117E,17,12.8,31
3225,T,220830,053141,60.190250N,24.117128E,17,11.5,29
3226,T,220830,053142,60.190281N,24.117130E,17,12.0,359
3227,T,220830,053143,60.190311N,24.117134E,17,11.0,359
3228,T,220830,053144,60.190338N,24.117136E,17,11.3,357
3229,T,220830,053145,60.190365N,24.117140E,18,9.3,12
3230,T,220830,053146,60.190392N,24.117149E,18,9.2,14
3231,T,220830,053147,60.190411N,24.117155E,18,9.3,10
3232,T,220830,053148,60.190441N,24.117161E,18,9.2,0
3233,T,220830,053149,60.190460N,24.117155E,19,9.6,357
3234,T,220830,053150,60.190487N,24.117151E,18,10.3,357
3235,T,220830,053151,60.190510N,24.117153E,19,5.8,13
3236,T,220830,053152,60.190521N,24.117155E,19,0.0,13
3237,T,220830,053153,60.190529N,24.117153E,19,0.0,13
3238,T,220830,053154,60.190544N,24.117149E,19,6.7,358
3239,T,220830,053155,60.190563N,24.117147E,18,8.8,0
3240,T,220830,053156,60.190590N,24.117147E,19,8.7,0
3241,T,220830,053157,60.190609N,24.117151E,19,9.1,359
3242,T,220830,053158,60.190632N,24.117151E,19,9.0,1
3243,T,220830,053159,60.190651N,24.117147E,19,9.0,352
3244,T,220830,053200,60.190678N,24.117146E,20,9.5,352
3245,T,220830,053201,60.190697N,24.117144E,20,7.4,352
3246,T,220830,053202,60.190712N,24.117147E,20,8.1,9
3247,T,220830,053203,60.190731N,24.117151E,20,8.9,357
3248,T,220830,053204,60.190758N,24.117146E,20,10.7,354
3249,T,220830,053205,60.190784N,24.117142E,20,10.8,355
3250,T,220830,053206,60.190811N,24.117140E,20,12.1,1
3251,T,220830,053207,60.190849N,24.117140E,21,13.2,1
3252,T,220830,053208,60.190880N,24.117144E,21,12.8,6
3253,T,220830,053209,60.190910N,24.117144E,21,14.8,359
3254,T,220830,053210,60.190948N,24.117144E,21,14.0,3
3255,T,220830,053211,60.190983N,24.117144E,21,14.6,3
3256,T,220830,053212,60.191025N,24.117151E,21,15.9,6
3257,T,220830,053213,60.191063N,24.117165E,21,16.7,8
3258,T,220830,053214,60.191109N,24.117182E,21,17.3,6
3259,T,220830,053215,60.191151N,24.117191E,21,17.6,3
3260,T,220830,053216,60.191196N,24.117201E,21,17.6,4
3261,T,220830,053217,60.191238N,24.117210E,20,17.5,2
3262,T,220830,053218,60.191280N,24.117218E,20,16.6,2
3263,T,220830,053219,60.191319N,24.117228E,20,14.3,4
3264,T,220830,053220,60.191357N,24.117237E,20,13.8,5
3265,T,220830,053221,60.191391N,24.117249E,20,14.4,1
3266,T,220830,053222,60.191429N,24.117247E,20,14.5,355
3267,T,220830,053223,60.191463N,24.117245E,19,15.2,356
3268,T,220830,053224,60.191505N,24.117245E,19,17.0,1
3269,T,220830,053225,60.191547N,24.117250E,18,17.9,4
3270,T,220830,053226,60.191593N,24.117256E,18,17.4,3
3271,T,220830,053227,60.191639N,24.117258E,18,19.0,1
3272,T,220830,053228,60.191689N,24.117260E,18,20.4,1
3273,T,220830,053229,60.191734N,24.117258E,18,19.3,356
3274,T,220830,053230,60.191780N,24.117250E,17,18.3,354
3275,T,220830,053231,60.191826N,24.117250E,17,16.5,7
3276,T,220830,053232,60.191868N,24.117254E,17,16.8,359
3277,T,220830,053233,60.191910N,24.117252E,17,16.0,358
3278,T,220830,053234,60.191948N,24.117249E,17,15.6,358
3279,T,220830,053235,60.191990N,24.117247E,17,16.8,1
3280,T,220830,053236,60.192028N,24.117245E,17,15.8,358
3281,T,220830,053237,60.192066N,24.117249E,16,16.7,3
3282,T,220830,053238,60.192108N,24.117250E,16,16.2,359
3283,T,220830,053239,60.192142N,24.117247E,15,14.2,0
3284,T,220830,053240,60.192181N,24.117250E,15,15.3,0
3285,T,220830,053241,60.192219N,24.117250E,15,14.9,2
3286,T,220830,053242,60.192257N,24.117256E,15,14.4,1
3287,T,220830,053243,60.192291N,24.117256E,15,15.8,0
3288,T,220830,053244,60.192333N,24.117254E,15,16.4,357
3289,T,220830,053245,60.192371N,24.117249E,14,14.8,2
3290,T,220830,053246,60.192410N,24.117249E,14,14.9,2
3291,T,220830,053247,60.192448N,24.117247E,15,15.3,359
3292,T,220830,053248,60.192478N,24.117249E,14,12.5,2
3293,T,220830,053249,60.192513N,24.117252E,14,14.9,3
3294,T,220830,053250,60.192547N,24.117250E,14,13.4,2
3295,T,220830,053251,60.192581N,24.117252E,14,12.3,3
3296,T,220830,053252,60.192612N,24.117256E,14,13.2,3
3297,T,220830,053253,60.192642N,24.117256E,14,12.8,5
3298,T,220830,053254,60.192680N,24.117258E,14,14.3,0
3299,T,220830,053255,60.192711N,24.117254E,14,13.7,0
3300,T,220830,053256,60.192749N,24.117254E,14,13.6,1
3301,T,220830,053257,60.192780N,24.117262E,14,14.7,9
3302,T,220830,053258,60.192818N,24.117266E,14,13.2,8
3303,T,220830,053259,60.192848N,24.117266E,13,12.4,7
3304,T,220830,053300,60.192879N,24.117262E,13,12.8,357
3305,T,220830,053301,60.192913N,24.117260E,13,12.8,352
3306,T,220830,053302,60.192944N,24.117254E,14,12.7,0
3307,T,220830,053303,60.192978N,24.117256E,14,13.8,1
3308,T,220830,053304,60.193012N,24.117256E,14,13.8,3
3309,T,220830,053305,60.193043N,24.117258E,14,12.1,359
3310,T,220830,053306,60.193073N,24.117264E,15,11.6,10
3311,T,220830,053307,60.193104N,24.117271E,15,11.9,10
3312,T,220830,053308,60.193130N,24.117283E,15,12.5,11
3313,T,220830,053309,60.193165N,24.117298E,15,13.3,12
3314,T,220830,053310,60.193195N,24.117325E,15,13.7,12
3315,T,220830,053311,60.193230N,24.117342E,15,11.5,13
3316,T,220830,053312,60.193253N,24.117365E,15,11.0,24
3317,T,220830,053313,60.193283N,24.117395E,16,11.8,25
3318,T,220830,053314,60.193310N,24.117420E,16,10.4,31
3319,T,220830,053315,60.193333N,24.117456E,17,12.0,38
3320,T,220830,053316,60.193356N,24.117498E,16,10.4,38
3321,T,220830,053317,60.193375N,24.117537E,16,10.6,38
3322,T,220830,053318,60.193401N,24.117567E,17,10.5,36
3323,T,220830,053319,60.193420N,24.117603E,17,11.4,45
3324,T,220830,053320,60.193436N,24.117643E,17,9.4,49
3325,T,220830,053321,60.193447N,24.117680E,17,8.8,52
3326,T,220830,053322,60.193459N,24.117716E,17,8.9,51
3327,T,220830,053323,60.193478N,24.117744E,17,8.1,43
3328,T,220830,053324,60.193489N,24.117781E,18,9.5,44
3329,T,220830,053325,60.193501N,24.117817E,18,8.7,45
3330,T,220830,053326,60.193516N,24.117851E,19,8.7,46
3331,T,220830,053327,60.193527N,24.117882E,20,7.1,47
3332,T,220830,053328,60.193539N,24.117912E,19,7.8,47
3333,T,220830,053329,60.193546N,24.117950E,20,8.7,48
3334,T,220830,053330,60.193562N,24.117990E,20,9.2,49
3335,T,220830,053331,60.193577N,24.118031E,20,9.7,50
3336,T,220830,053332,60.193588N,24.118073E,20,9.0,52
3337,T,220830,053333,60.193600N,24.118113E,20,9.8,54
3338,T,220830,053334,60.193611N,24.118153E,20,8.8,62
3339,T,220830,053335,60.193623N,24.118189E,21,7.6,61
3340,T,220830,053336,60.193630N,24.118221E,21,7.7,62
3341,T,220830,053337,60.193645N,24.118259E,21,9.4,63
3342,T,220830,053338,60.193657N,24.118299E,21,8.4,62
3343,T,220830,053339,60.193668N,24.118336E,21,9.0,59
3344,T,220830,053340,60.193680N,24.118374E,21,9.1,60
3345,T,220830,053341,60.193687N,24.118410E,21,8.3,58
3346,T,220830,053342,60.193699N,24.118444E,21,8.3,58
3347,T,220830,053343,60.193710N,24.118484E,21,9.5,59
3348,T,220830,053344,60.193722N,24.118525E,22,9.4,70
3349,T,220830,053345,60.193729N,24.118568E,21,9.3,68
3350,T,220830,053346,60.193741N,24.118610E,22,8.9,67
3351,T,220830,053347,60.193752N,24.118649E,22,9.6,64
3352,T,220830,053348,60.193760N,24.118694E,22,9.3,70
3353,T,220830,053349,60.193768N,24.118740E,22,9.7,69
3354,T,220830,053350,60.193775N,24.118790E,22,9.6,67
3355,T,220830,053351,60.193787N,24.118837E,22,10.1,66
3356,T,220830,053352,60.193794N,24.118889E,22,9.7,68
3357,T,220830,053353,60.193810N,24.118933E,22,9.1,67
3358,T,220830,053354,60.193813N,24.118977E,22,9.5,69
3359,T,220830,053355,60.193825N,24.119022E,23,9.0,58
3360,T,220830,053356,60.193832N,24.119062E,23,9.0,59
3361,T,220830,053357,60.193840N,24.119106E,23,9.1,61
3362,T,220830,053358,60.193844N,24.119154E,23,9.5,61
3363,T,220830,053359,60.193851N,24.119196E,23,8.8,62
3364,T,220830,053400,60.193859N,24.119236E,23,8.3,63
3365,T,220830,053401,60.193867N,24.119278E,24,9.0,64
3366,T,220830,053402,60.193874N,24.119318E,24,9.0,65
3367,T,220830,053403,60.193886N,24.119362E,24,9.2,65
3368,T,220830,053404,60.193893N,24.119406E,24,9.9,67
3369,T,220830,053405,60.193901N,24.119455E,24,10.7,68
3370,T,220830,053406,60.193913N,24.119505E,25,10.4,74
3371,T,220830,053407,60.193916N,24.119556E,25,10.4,70
3372,T,220830,053408,60.193928N,24.119602E,25,9.5,69
3373,T,220830,053409,60.193935N,24.119644E,25,9.5,67
3374,T,220830,053410,60.193943N,24.119684E,26,8.7,58
3375,T,220830,053411,60.193951N,24.119726E,26,8.6,59
3376,T,220830,053412,60.193958N,24.119768E,26,9.3,59
3377,T,220830,053413,60.193974N,24.119812E,26,10.0,60
3378,T,220830,053414,60.193985N,24.119856E,26,10.7,60
3379,T,220830,053415,60.194000N,24.119904E,26,11.7,58
3380,T,220830,053416,60.194016N,24.119951E,26,11.4,57
3381,T,220830,053417,60.194035N,24.120005E,26,13.6,56
3382,T,220830,053418,60.194057N,24.120058E,26,12.4,54
3383,T,220830,053419,60.194073N,24.120108E,26,12.0,44
3384,T,220830,053420,60.194092N,24.120153E,26,12.0,47
3385,T,220830,053421,60.194111N,24.120197E,25,12.1,45
3386,T,220830,053422,60.194134N,24.120241E,25,12.7,45
3387,T,220830,053423,60.194160N,24.120283E,25,12.7,36
3388,T,220830,053424,60.194187N,24.120319E,26,13.7,32
3389,T,220830,053425,60.194221N,24.120354E,25,14.5,23
3390,T,220830,053426,60.194252N,24.120384E,25,14.6,21
3391,T,220830,053427,60.194286N,24.120405E,25,13.7,16
3392,T,220830,053428,60.194321N,24.120424E,25,14.1,14
3393,T,220830,053429,60.194355N,24.120440E,25,13.9,10
3394,T,220830,053430,60.194393N,24.120459E,25,13.3,11
3395,T,220830,053431,60.194420N,24.120476E,25,13.2,14
3396,T,220830,053432,60.194450N,24.120495E,25,13.3,15
3397,T,220830,053433,60.194485N,24.120516E,25,13.3,15
3398,T,220830,053434,60.194515N,24.120535E,25,12.6,18
3399,T,220830,053435,60.194550N,24.120554E,26,12.8,19
3400,T,220830,053436,60.194580N,24.120577E,26,14.2,19
3401,T,220830,053437,60.194611N,24.120600E,26,13.9,21
3402,T,220830,053438,60.194649N,24.120628E,26,14.2,22
3403,T,220830,053439,60.194679N,24.120646E,27,13.8,24
3404,T,220830,053440,60.194710N,24.120678E,26,13.0,25
3405,T,220830,053441,60.194736N,24.120707E,27,13.5,26
3406,T,220830,053442,60.194767N,24.120735E,27,13.4,27
3407,T,220830,053443,60.194798N,24.120775E,27,14.0,34
3408,T,220830,053444,60.194828N,24.120815E,27,13.9,35
3409,T,220830,053445,60.194855N,24.120855E,27,13.6,32
3410,T,220830,053446,60.194889N,24.120892E,27,14.2,30
3411,T,220830,053447,60.194916N,24.120930E,27,14.1,30
3412,T,220830,053448,60.194946N,24.120968E,26,14.7,31
3413,T,220830,053449,60.194988N,24.121012E,26,14.2,31
3414,T,220830,053450,60.195015N,24.121052E,26,13.4,30
3415,T,220830,053451,60.195045N,24.121088E,25,12.4,31
3416,T,220830,053452,60.195072N,24.121124E,24,11.9,33
3417,T,220830,053453,60.195091N,24.121162E,24,13.3,34
3418,T,220830,053454,60.195122N,24.121204E,23,13.5,41
3419,T,220830,053455,60.195145N,24.121256E,23,13.6,43
3420,T,220830,053456,60.195164N,24.121305E,23,13.6,48
3421,T,220830,053457,60.195183N,24.121365E,22,12.9,55
3422,T,220830,053458,60.195202N,24.121422E,22,13.0,61
3423,T,220830,053459,60.195221N,24.121485E,23,13.7,64
3424,T,220830,053500,60.195232N,24.121544E,24,11.9,72
3425,T,220830,053501,60.195244N,24.121601E,24,12.6,71
3426,T,220830,053502,60.195255N,24.121660E,24,11.8,68
3427,T,220830,053503,60.195267N,24.121717E,24,12.1,68
3428,T,220830,053504,60.195278N,24.121777E,24,12.2,67
3429,T,220830,053505,60.195290N,24.121830E,24,12.2,65
3430,T,220830,053506,60.195301N,24.121885E,23,12.1,63
3431,T,220830,053507,60.195316N,24.121944E,23,12.5,67
3432,T,220830,053508,60.195328N,24.122004E,23,13.1,67
3433,T,220830,053509,60.195339N,24.122065E,23,13.0,68
3434,T,220830,053510,60.195351N,24.122124E,23,13.3,62
3435,T,220830,053511,60.195366N,24.122181E,23,11.7,63
3436,T,220830,053512,60.195374N,24.122234E,23,11.7,64
3437,T,220830,053513,60.195385N,24.122284E,23,10.6,65
3438,T,220830,053514,60.195393N,24.122335E,24,11.6,65
3439,T,220830,053515,60.195400N,24.122396E,24,12.8,68
3440,T,220830,053516,60.195408N,24.122454E,24,11.7,69
3441,T,220830,053517,60.195419N,24.122507E,24,11.7,69
3442,T,220830,053518,60.195431N,24.122562E,24,11.3,68
3443,T,220830,053519,60.195438N,24.122616E,24,11.6,67
3444,T,220830,053520,60.195438N,24.122663E,24,10.0,73
3445,T,220830,053521,60.195450N,24.122711E,25,10.0,75
3446,T,220830,053522,60.195461N,24.122765E,25,10.6,73
3447,T,220830,053523,60.195465N,24.122818E,26,10.7,80
3448,T,220830,053524,60.195469N,24.122875E,25,10.7,80
3449,T,220830,053525,60.195473N,24.122932E,26,11.2,77
3450,T,220830,053526,60.195477N,24.122984E,26,10.4,77
3451,T,220830,053527,60.195480N,24.123032E,26,9.7,80
3452,T,220830,053528,60.195488N,24.123083E,27,10.2,77
3453,T,220830,053529,60.195488N,24.123129E,27,9.3,76
3454,T,220830,053530,60.195492N,24.123175E,27,9.4,83
3455,T,220830,053531,60.195492N,24.123219E,27,8.3,85
3456,T,220830,053532,60.195496N,24.123259E,27,8.2,84
3457,T,220830,053533,60.195499N,24.123302E,28,8.3,85
3458,T,220830,053534,60.195499N,24.123344E,28,8.0,86
3459,T,220830,053535,60.195499N,24.123386E,28,7.6,87
3460,T,220830,053536,60.195503N,24.123426E,28,7.0,85
3461,T,220830,053537,60.195499N,24.123465E,28,6.4,87
3462,T,220830,053538,60.195503N,24.123499E,29,5.6,86
3463,T,220830,053539,60.195499N,24.123528E,28,5.2,86
3464,T,220830,053540,60.195499N,24.123556E,28,3.9,86
3465,T,220830,053541,60.195503N,24.123573E,29,0.0,86
3466,T,220830,053542,60.195507N,24.123575E,29,0.0,86
3467,T,220830,053543,60.195507N,24.123573E,29,0.0,86
3468,T,220830,053544,60.195507N,24.123568E,29,0.0,86
3469,T,220830,053545,60.195507N,24.123566E,29,0.0,86
3470,T,220830,053546,60.195503N,24.123564E,29,0.0,86
3471,T,220830,053547,60.195503N,24.123564E,29,0.0,86
3472,T,220830,053548,60.195503N,24.123564E,29,0.0,86
3473,T,220830,053549,60.195503N,24.123564E,29,0.0,86
3474,T,220830,053550,60.195503N,24.123564E,29,0.0,86
3475,T,220830,053551,60.195503N,24.123564E,29,0.0,86
3476,T,220830,053552,60.195503N,24.123552E,29,0.0,86
3477,T,220830,053553,60.195503N,24.123552E,29,0.0,86
3478,T,220830,053554,60.195499N,24.123545E,29,0.0,86
3479,T,220830,053555,60.195499N,24.123545E,29,0.0,86
3480,T,220830,053556,60.195499N,24.123545E,29,0.0,86
3481,T,220830,053557,60.195499N,24.123545E,29,0.0,86
3482,T,220830,053558,60.195499N,24.123522E,29,0.0,86
3483,T,220830,053559,60.195496N,24.123499E,29,0.0,86
3484,T,220830,053600,60.195488N,24.123480E,29,0.0,86
3485,T,220830,053601,60.195484N,24.123476E,29,0.0,86
3486,T,220830,053602,60.195480N,24.123472E,28,0.0,86
3487,T,220830,053603,60.195480N,24.123466E,28,0.0,86
3488,T,220830,053604,60.195477N,24.123466E,28,0.0,86
3489,T,220830,053605,60.195477N,24.123465E,28,0.0,86
3490,T,220830,053606,60.195477N,24.123465E,28,0.0,86
3491,T,220830,053607,60.195477N,24.123465E,28,0.0,86
3492,T,220830,053608,60.195477N,24.123463E,28,0.0,86
3493,T,220830,053609,60.195477N,24.123463E,28,0.0,86
3494,T,220830,053610,60.195480N,24.123463E,28,0.0,86
3495,T,220830,053611,60.195480N,24.123463E,28,0.0,86
3496,T,220830,053612,60.195477N,24.123463E,28,0.0,86
3497,T,220830,053613,60.195480N,24.123461E,28,0.0,86
3498,T,220830,053614,60.195480N,24.123459E,28,0.0,86
3499,T,220830,053615,60.195480N,24.123455E,28,0.0,86
3500,T,220830,053616,60.195480N,24.123455E,28,0.0,86
3501,T,220830,053617,60.195480N,24.123455E,28,0.0,86
3502,T,220830,053618,60.195480N,24.123455E,28,0.0,86
3503,T,220830,053619,60.195480N,24.123455E,28,0.0,86
3504,T,220830,053620,60.195480N,24.123455E,28,0.0,86
3505,T,220830,053621,60.195480N,24.123455E,28,0.0,86
3506,T,220830,053622,60.195480N,24.123455E,28,0.0,86
3507,T,220830,053623,60.195480N,24.123455E,28,0.0,86
3508,T,220830,053624,60.195480N,24.123455E,28,0.0,86
3509,T,220830,053625,60.195480N,24.123455E,28,0.0,86
3510,T,220830,053626,60.195480N,24.123455E,28,0.0,86
3511,T,220830,053627,60.195480N,24.123455E,28,0.0,86
3512,T,220830,053628,60.195480N,24.123455E,28,0.0,86
3513,T,220830,053629,60.195480N,24.123455E,28,0.0,86
3514,T,220830,053630,60.195480N,24.123455E,28,0.0,86
3515,T,220830,053631,60.195480N,24.123455E,28,0.0,86
3516,T,220830,053632,60.195480N,24.123455E,28,0.0,86
3517,T,220830,053633,60.195480N,24.123455E,28,0.0,86
3518,T,220830,053634,60.195480N,24.123455E,28,0.0,86
3519,T,220830,053635,60.195480N,24.123455E,28,0.0,86
3520,T,220830,053636,60.195480N,24.123455E,28,0.0,86
3521,T,220830,053637,60.195480N,24.123455E,28,0.0,86
3522,T,220830,053638,60.195480N,24.123455E,28,0.0,86
3523,T,220830,053639,60.195480N,24.123455E,28,0.0,86
3524,T,220830,053640,60.195480N,24.123455E,28,0.0,86
3525,T,220830,053641,60.195480N,24.123455E,28,0.0,86
3526,T,220830,053642,60.195480N,24.123455E,28,0.0,86
3527,T,220830,053643,60.195480N,24.123455E,28,0.0,86
3528,T,220830,053644,60.195480N,24.123455E,28,0.0,86
3529,T,220830,053645,60.195480N,24.123455E,28,0.0,86
3530,T,220830,053646,60.195480N,24.123453E,28,0.0,86
3531,T,220830,053647,60.195480N,24.123453E,28,0.0,86
3532,T,220830,053648,60.195480N,24.123453E,28,0.0,86
3533,T,220830,053649,60.195480N,24.123453E,28,0.0,86
3534,T,220830,053650,60.195480N,24.123453E,28,0.0,86
3535,T,220830,053651,60.195480N,24.123453E,28,0.0,86
3536,T,220830,053652,60.195480N,24.123453E,28,0.0,86
3537,T,220830,053653,60.195477N,24.123453E,28,0.0,86
3538,T,220830,053654,60.195477N,24.123453E,28,0.0,86
3539,T,220830,053655,60.195477N,24.123453E,28,0.0,86
3540,T,220830,053656,60.195477N,24.123453E,28,0.0,86
3541,T,220830,053657,60.195477N,24.123453E,28,0.0,86
3542,T,220830,053658,60.195477N,24.123453E,28,0.0,86
3543,T,220830,053659,60.195477N,24.123453E,28,0.0,86
3544,T,220830,053700,60.195477N,24.123453E,28,0.0,86
3545,T,220830,053701,60.195477N,24.123453E,28,0.0,86
3546,T,220830,053702,60.195477N,24.123453E,28,0.0,86
3547,T,220830,053703,60.195477N,24.123453E,28,0.0,86
3548,T,220830,053704,60.195477N,24.123453E,28,0.0,86
3549,T,220830,053705,60.195477N,24.123453E,28,0.0,86
3550,T,220830,053706,60.195477N,24.123453E,28,0.0,86
3551,T,220830,053707,60.195477N,24.123453E,28,0.0,86
3552,T,220830,053708,60.195484N,24.123466E,28,4.3,47
3553,T,220830,053709,60.195488N,24.123484E,28,0.0,47
3554,T,220830,053710,60.195484N,24.123487E,28,0.0,47
3555,T,220830,053711,60.195480N,24.123489E,28,0.0,47
3556,T,220830,053712,60.195480N,24.123503E,29,0.0,47
3557,T,220830,053713,60.195484N,24.123528E,28,5.4,59
3558,T,220830,053714,60.195488N,24.123562E,28,8.2,61
3559,T,220830,053715,60.195492N,24.123602E,28,9.0,64
3560,T,220830,053716,60.195496N,24.123652E,28,10.1,67
3561,T,220830,053717,60.195499N,24.123699E,28,9.4,69
3562,T,220830,053718,60.195503N,24.123749E,29,9.5,78
3563,T,220830,053719,60.195507N,24.123795E,29,8.9,79
3564,T,220830,053720,60.195511N,24.123842E,29,9.9,77
3565,T,220830,053721,60.195515N,24.123894E,29,10.5,78
3566,T,220830,053722,60.195518N,24.123945E,29,11.0,76
3567,T,220830,053723,60.195526N,24.124002E,29,11.7,77
3568,T,220830,053724,60.195538N,24.124056E,29,11.8,71
3569,T,220830,053725,60.195549N,24.124111E,30,11.5,68
3570,T,220830,053726,60.195557N,24.124166E,30,11.5,66
3571,T,220830,053727,60.195568N,24.124218E,30,11.6,63
3572,T,220830,053728,60.195583N,24.124266E,30,11.5,58
3573,T,220830,053729,60.195599N,24.124315E,31,11.5,56
3574,T,220830,053730,60.195618N,24.124363E,31,11.4,55
3575,T,220830,053731,60.195637N,24.124407E,31,11.5,52
3576,T,220830,053732,60.195656N,24.124451E,31,11.0,48
3577,T,220830,053733,60.195675N,24.124489E,31,10.9,42
3578,T,220830,053734,60.195702N,24.124521E,31,11.3,37
3579,T,220830,053735,60.195721N,24.124556E,31,11.4,38
3580,T,220830,053736,60.195744N,24.124588E,31,11.3,35
3581,T,220830,053737,60.195766N,24.124620E,32,11.2,34
3582,T,220830,053738,60.195797N,24.124653E,32,11.3,32
3583,T,220830,053739,60.195820N,24.124678E,32,11.0,31
3584,T,220830,053740,60.195843N,24.124701E,33,9.1,30
3585,T,220830,053741,60.195869N,24.124722E,33,9.6,28
3586,T,220830,053742,60.195889N,24.124735E,34,8.8,17
3587,T,220830,053743,60.195911N,24.124744E,34,8.4,19
3588,T,220830,053744,60.195930N,24.124750E,34,7.7,17
3589,T,220830,053745,60.195953N,24.124756E,35,7.9,14
3590,T,220830,053746,60.195972N,24.124763E,35,9.4,13
3591,T,220830,053747,60.195995N,24.124767E,35,8.4,13
3592,T,220830,053748,60.196014N,24.124777E,36,8.9,10
3593,T,220830,053749,60.196037N,24.124781E,36,8.9,9
3594,T,220830,053750,60.196056N,24.124784E,38,7.3,10
3595,T,220830,053751,60.196072N,24.124794E,38,6.1,15
3596,T,220830,053752,60.196083N,24.124804E,39,6.0,18
3597,T,220830,053753,60.196098N,24.124817E,40,7.2,19
3598,T,220830,053754,60.196121N,24.124834E,40,8.1,27
3599,T,220830,053755,60.196136N,24.124853E,40,7.1,28
3600,T,220830,053756,60.196152N,24.124870E,40,7.0,27
3601,T,220830,053757,60.196167N,24.124886E,40,6.5,24
3602,T,220830,053758,60.196182N,24.124905E,40,7.7,26
3603,T,220830,053759,60.196205N,24.124929E,40,7.7,41
3604,T,220830,053800,60.196220N,24.124958E,40,5.8,48
3605,T,220830,053801,60.196232N,24.124983E,40,5.9,50
3606,T,220830,053802,60.196243N,24.125010E,40,7.5,51
3607,T,220830,053803,60.196255N,24.125046E,41,8.3,58
3608,T,220830,053804,60.196274N,24.125090E,41,8.7,62
3609,T,220830,053805,60.196281N,24.125130E,41,8.7,61
3610,T,220830,053806,60.196289N,24.125168E,41,6.0,63
3611,T,220830,053807,60.196293N,24.125196E,41,3.8,63
3612,T,220830,053808,60.196297N,24.125208E,41,0.0,63
3613,T,220830,053809,60.196301N,24.125212E,42,0.0,63
3614,T,220830,053810,60.196308N,24.125210E,42,0.0,63
3615,T,220830,053811,60.196308N,24.125212E,41,0.0,63
3616,T,220830,053812,60.196308N,24.125212E,41,0.0,63
3617,T,220830,053813,60.196308N,24.125212E,41,0.0,63
3618,T,220830,053814,60.196308N,24.125212E,41,0.0,63
3619,T,220830,053815,60.196308N,24.125212E,41,0.0,63
3620,T,220830,053816,60.196308N,24.125212E,41,0.0,63
3621,T,220830,053817,60.196308N,24.125212E,41,0.0,63
3622,T,220830,053818,60.196308N,24.125212E,41,0.0,63
3623,T,220830,053819,60.196308N,24.125212E,41,0.0,63
3624,T,220830,053820,60.196308N,24.125212E,41,0.0,63
3625,T,220830,053821,60.196308N,24.125212E,41,0.0,63
3626,T,220830,053822,60.196308N,24.125212E,41,0.0,63
3627,T,220830,053823,60.196308N,24.125212E,41,0.0,63
3628,T,220830,053824,60.196308N,24.125212E,41,0.0,63
3629,T,220830,053825,60.196308N,24.125212E,41,0.0,63
3630,T,220830,053826,60.196308N,24.125212E,41,0.0,63
3631,T,220830,053827,60.196308N,24.125212E,41,0.0,63
3632,T,220830,053828,60.196308N,24.125212E,41,0.0,63
3633,T,220830,053829,60.196308N,24.125212E,41,0.0,63
3634,T,220830,053830,60.196308N,24.125212E,41,0.0,63
3635,T,220830,053831,60.196308N,24.125212E,41,0.0,63
3636,T,220830,053832,60.196308N,24.125212E,41,0.0,63
3637,T,220830,053833,60.196308N,24.125212E,41,0.0,63
3638,T,220830,053834,60.196308N,24.125212E,41,0.0,63
3639,T,220830,053835,60.196312N,24.125217E,41,5.9,31
3640,T,220830,053836,60.196320N,24.125240E,41,5.9,59
3641,T,220830,053837,60.196331N,24.125273E,41,5.9,65
3642,T,220830,053838,60.196342N,24.125307E,41,7.5,64
3643,T,220830,053839,60.196350N,24.125353E,41,8.4,65
3644,T,220830,053840,60.196365N,24.125397E,41,9.0,65
3645,T,220830,053841,60.196377N,24.125444E,41,9.8,62
3646,T,220830,053842,60.196388N,24.125492E,41,9.7,63
3647,T,220830,053843,60.196396N,24.125544E,41,9.7,64
3648,T,220830,053844,60.196400N,24.125589E,41,9.1,64
3649,T,220830,053845,60.196411N,24.125629E,41,8.2,64
3650,T,220830,053846,60.196415N,24.125666E,41,7.0,66
3651,T,220830,053847,60.196419N,24.125702E,41,6.5,66
3652,T,220830,053848,60.196426N,24.125736E,41,6.6,65
3653,T,220830,053849,60.196438N,24.125767E,41,7.3,63
3654,T,220830,053850,60.196442N,24.125801E,41,6.7,64
3655,T,220830,053851,60.196445N,24.125837E,41,7.2,64
3656,T,220830,053852,60.196453N,24.125874E,41,7.3,66
3657,T,220830,053853,60.196461N,24.125912E,41,7.7,68
3658,T,220830,053854,60.196465N,24.125954E,41,7.8,69
3659,T,220830,053855,60.196465N,24.125996E,41,6.8,70
3660,T,220830,053856,60.196472N,24.126040E,41,8.2,70
3661,T,220830,053857,60.196476N,24.126081E,41,8.1,71
3662,T,220830,053858,60.196480N,24.126129E,41,9.8,72
3663,T,220830,053859,60.196480N,24.126183E,41,10.5,73
3664,T,220830,053900,60.196484N,24.126236E,41,10.8,74
3665,T,220830,053901,60.196484N,24.126284E,41,9.3,80
3666,T,220830,053902,60.196484N,24.126335E,41,8.8,80
3667,T,220830,053903,60.196484N,24.126371E,41,6.6,81
3668,T,220830,053904,60.196484N,24.126396E,41,0.0,81
3669,T,220830,053905,60.196484N,24.126406E,41,0.0,81
3670,T,220830,053906,60.196480N,24.126408E,41,0.0,81
3671,T,220830,053907,60.196480N,24.126408E,41,0.0,81
3672,T,220830,053908,60.196480N,24.126406E,41,0.0,81
3673,T,220830,053909,60.196480N,24.126408E,41,0.0,81
3674,T,220830,053910,60.196480N,24.126408E,41,0.0,81
3675,T,220830,053911,60.196480N,24.126408E,42,0.0,81
3676,T,220830,053912,60.196480N,24.126410E,42,0.0,81
3677,T,220830,053913,60.196480N,24.126411E,42,0.0,81
3678,T,220830,053914,60.196480N,24.126411E,42,0.0,81
3679,T,220830,053915,60.196480N,24.126413E,42,0.0,81
3680,T,220830,053916,60.196480N,24.126413E,42,0.0,81
3681,T,220830,053917,60.196480N,24.126415E,42,0.0,81
3682,T,220830,053918,60.196480N,24.126415E,42,0.0,81
3683,T,220830,053919,60.196480N,24.126415E,42,0.0,81
3684,T,220830,053920,60.196480N,24.126415E,42,0.0,81
3685,T,220830,053921,60.196480N,24.126415E,42,0.0,81
3686,T,220830,053922,60.196480N,24.126415E,42,0.0,81
3687,T,220830,053923,60.196480N,24.126415E,42,0.0,81
3688,T,220830,053924,60.196480N,24.126415E,42,0.0,81
3689,T,220830,053925,60.196480N,24.126415E,42,0.0,81
3690,T,220830,053926,60.196480N,24.126415E,42,0.0,81
3691,T,220830,053927,60.196480N,24.126415E,42,0.0,81
3692,T,220830,053928,60.196480N,24.126415E,42,0.0,81
3693,T,220830,053929,60.196480N,24.126415E,42,0.0,81
3694,T,220830,053930,60.196480N,24.126415E,42,0.0,81
3695,T,220830,053931,60.196480N,24.126415E,42,0.0,81
3696,T,220830,053932,60.196480N,24.126415E,42,0.0,81
3697,T,220830,053933,60.196480N,24.126415E,42,0.0,81
3698,T,220830,053934,60.196480N,24.126415E,42,0.0,81
3699,T,220830,053935,60.196480N,24.126415E,42,0.0,81
3700,T,220830,053936,60.196480N,24.126415E,42,0.0,81
3701,T,220830,053937,60.196480N,24.126415E,42,0.0,81
3702,T,220830,053938,60.196480N,24.126415E,42,0.0,81
3703,T,220830,053939,60.196480N,24.126415E,42,0.0,81
3704,T,220830,053940,60.196480N,24.126415E,42,0.0,81
3705,T,220830,053941,60.196480N,24.126415E,42,0.0,81
3706,T,220830,053942,60.196480N,24.126415E,42,0.0,81
3707,T,220830,053943,60.196480N,24.126415E,42,0.0,81
3708,T,220830,053944,60.196480N,24.126411E,42,0.0,81
3709,T,220830,053945,60.196484N,24.126381E,42,4.3,278
3710,T,220830,053946,60.196487N,24.126347E,42,6.5,274
3711,T,220830,053947,60.196487N,24.126295E,42,6.1,273
3712,T,220830,053948,60.196491N,24.126263E,42,6.2,273
3713,T,220830,053949,60.196487N,24.126225E,42,6.2,272
3714,T,220830,053950,60.196487N,24.126190E,42,6.6,271
3715,T,220830,053951,60.196487N,24.126156E,42,5.6,269
3716,T,220830,053952,60.196487N,24.126123E,42,5.9,277
3717,T,220830,053953,60.196487N,24.126097E,43,4.2,277
3718,T,220830,053954,60.196487N,24.126078E,43,0.0,277
3719,T,220830,053955,60.196484N,24.126076E,43,0.0,277
3720,T,220830,053956,60.196480N,24.126070E,43,0.0,277
3721,T,220830,053957,60.196480N,24.126066E,43,0.0,277
3722,T,220830,053958,60.196476N,24.126064E,43,0.0,277
3723,T,220830,053959,60.196476N,24.126064E,43,0.0,277
3724,T,220830,054000,60.196476N,24.126064E,43,0.0,277
3725,T,220830,054001,60.196476N,24.126062E,43,0.0,277
3726,T,220830,054002,60.196476N,24.126064E,43,0.0,277
3727,T,220830,054003,60.196476N,24.126062E,43,0.0,277
3728,T,220830,054004,60.196476N,24.126062E,43,0.0,277
3729,T,220830,054005,60.196476N,24.126062E,43,0.0,277
3730,T,220830,054006,60.196476N,24.126062E,43,0.0,277
3731,T,220830,054007,60.196476N,24.126062E,43,0.0,277
3732,T,220830,054008,60.196476N,24.126062E,43,0.0,277
3733,T,220830,054009,60.196476N,24.126062E,43,0.0,277
3734,T,220830,054010,60.196476N,24.126062E,43,0.0,277
3735,T,220830,054011,60.196476N,24.126062E,43,0.0,277
3736,T,220830,054012,60.196472N,24.126051E,43,0.0,277
3737,T,220830,054013,60.196472N,24.126034E,43,6.7,250
3738,T,220830,054014,60.196468N,24.125990E,43,9.9,251
3739,T,220830,054015,60.196465N,24.125944E,43,9.5,252
3740,T,220830,054016,60.196457N,24.125895E,43,10.5,255
3741,T,220830,054017,60.196449N,24.125849E,43,8.5,254
3742,T,220830,054018,60.196442N,24.125816E,44,0.0,254
3743,T,220830,054019,60.196445N,24.125813E,44,4.0,346
3744,T,220830,054020,60.196457N,24.125801E,44,6.2,347
3745,T,220830,054021,60.196472N,24.125805E,44,7.3,15
3746,T,220830,054022,60.196491N,24.125820E,44,7.3,17
3747,T,220830,054023,60.196507N,24.125830E,44,6.6,16
3748,T,220830,054024,60.196526N,24.125835E,44,3.9,15
3749,T,220830,054025,60.196533N,24.125843E,44,3.8,17
3750,T,220830,054026,60.196545N,24.125856E,44,3.9,18
3751,T,220830,054027,60.196552N,24.125860E,44,0.0,18
3752,T,220830,054028,60.196552N,24.125860E,44,0.0,18
3753,T,220830,054029,60.196556N,24.125860E,44,0.0,18
3754,T,220830,054030,60.196560N,24.125864E,45,0.0,18
3755,T,220830,054031,60.196560N,24.125864E,45,0.0,18
3756,T,220830,054032,60.196564N,24.125866E,45,0.0,18
3757,T,220830,054033,60.196564N,24.125868E,45,0.0,18
3758,T,220830,054034,60.196564N,24.125868E,45,0.0,18
3759,T,220830,054035,60.196564N,24.125866E,45,0.0,18
3760,T,220830,054036,60.196564N,24.125866E,45,0.0,18
3761,T,220830,054037,60.196564N,24.125868E,45,0.0,18
3762,T,220830,054038,60.196564N,24.125868E,45,0.0,18
3763,T,220830,054039,60.196564N,24.125868E,45,0.0,18
3764,T,220830,054040,60.196564N,24.125866E,45,0.0,18
3765,T,220830,054041,60.196564N,24.125868E,45,0.0,18
3766,T,220830,054042,60.196564N,24.125866E,45,0.0,18
3767,T,220830,054043,60.196564N,24.125866E,45,0.0,18
3768,T,220830,054044,60.196564N,24.125866E,45,0.0,18
3769,T,220830,054045,60.196564N,24.125866E,45,0.0,18
3770,T,220830,054046,60.196564N,24.125866E,45,0.0,18
3771,T,220830,054047,60.196564N,24.125866E,45,0.0,18
3772,T,220830,054048,60.196564N,24.125866E,45,0.0,18
3773,T,220830,054049,60.196564N,24.125866E,45,0.0,18
3774,T,220830,054050,60.196564N,24.125866E,45,0.0,18
3775,T,220830,054051,60.196564N,24.125866E,45,0.0,18
3776,T,220830,054052,60.196564N,24.125866E,45,0.0,18
3777,T,220830,054053,60.196564N,24.125866E,45,0.0,18
3778,T,220830,054054,60.196564N,24.125866E,45,0.0,18
3779,T,220830,054055,60.196564N,24.125866E,45,0.0,18
3780,T,220830,054056,60.196564N,24.125866E,45,0.0,18
3781,T,220830,054057,60.196564N,24.125866E,45,0.0,18
3782,T,220830,054058,60.196564N,24.125866E,45,0.0,18
3783,T,220830,054059,60.196564N,24.125866E,45,0.0,18
3784,T,220830,054100,60.196564N,24.125866E,45,0.0,18
3785,T,220830,054101,60.196564N,24.125866E,45,0.0,18
3786,T,220830,054102,60.196564N,24.125868E,45,0.0,18
3787,T,220830,054103,60.196564N,24.125868E,45,0.0,18
3788,T,220830,054104,60.196564N,24.125868E,45,0.0,18
3789,T,220830,054105,60.196564N,24.125868E,45,0.0,18
3790,T,220830,054106,60.196564N,24.125868E,45,0.0,18
3791,T,220830,054107,60.196564N,24.125868E,45,0.0,18
3792,T,220830,054108,60.196568N,24.125868E,45,0.0,18
3793,T,220830,054109,60.196568N,24.125868E,45,0.0,18
3794,T,220830,054110,60.196568N,24.125868E,45,0.0,18
3795,T,220830,054111,60.196568N,24.125868E,45,0.0,18
3796,T,220830,054112,60.196568N,24.125868E,45,0.0,18
3797,T,220830,054113,60.196568N,24.125868E,45,0.0,18
3798,T,220830,054114,60.196568N,24.125866E,45,0.0,18
3799,T,220830,054115,60.196568N,24.125868E,45,0.0,18
3800,T,220830,054116,60.196568N,24.125866E,45,0.0,18
3801,T,220830,054117,60.196568N,24.125868E,45,0.0,18
3802,T,220830,054118,60.196568N,24.125868E,45,0.0,18
3803,T,220830,054119,60.196568N,24.125868E,45,0.0,18
3804,T,220830,054120,60.196568N,24.125868E,45,0.0,18
3805,T,220830,054121,60.196568N,24.125868E,45,0.0,18
3806,T,220830,054122,60.196568N,24.125868E,45,0.0,18
3807,T,220830,054123,60.196568N,24.125868E,45,0.0,18
3808,T,220830,054124,60.196568N,24.125868E,45,0.0,18
3809,T,220830,054125,60.196568N,24.125868E,45,0.0,18
3810,T,220830,054126,60.196568N,24.125868E,45,0.0,18
3811,T,220830,054127,60.196568N,24.125868E,45,0.0,18
3812,T,220830,054128,60.196568N,24.125868E,45,0.0,18
3813,T,220830,054129,60.196568N,24.125868E,45,0.0,18
3814,T,220830,054130,60.196568N,24.125868E,45,0.0,18
3815,T,220830,054131,60.196568N,24.125868E,45,0.0,18
3816,T,220830,054132,60.196568N,24.125868E,45,0.0,18
3817,T,220830,054133,60.196568N,24.125868E,45,0.0,18
3818,T,220830,054134,60.196568N,24.125868E,45,0.0,18
3819,T,220830,054135,60.196568N,24.125868E,45,0.0,18
3820,T,220830,054136,60.196568N,24.125868E,45,0.0,18
3821,T,220830,054137,60.196568N,24.125868E,45,0.0,18
3822,T,220830,054138,60.196568N,24.125868E,45,0.0,18
3823,T,220830,054139,60.196568N,24.125868E,45,0.0,18
3824,T,220830,054140,60.196568N,24.125868E,45,0.0,18
3825,T,220830,054141,60.196568N,24.125868E,45,0.0,18
3826,T,220830,054142,60.196568N,24.125868E,45,0.0,18
3827,T,220830,054143,60.196568N,24.125868E,45,0.0,18
3828,T,220830,054144,60.196568N,24.125868E,45,0.0,18
3829,T,220830,054145,60.196568N,24.125868E,45,0.0,18
3830,T,220830,054146,60.196568N,24.125868E,45,0.0,18
3831,T,220830,054147,60.196568N,24.125868E,45,0.0,18
3832,T,220830,054148,60.196568N,24.125868E,45,0.0,18
3833,T,220830,054149,60.196568N,24.125868E,45,0.0,18
3834,T,220830,054150,60.196568N,24.125868E,45,0.0,18
3835,T,220830,054151,60.196568N,24.125868E,45,0.0,18
3836,T,220830,054152,60.196568N,24.125868E,45,0.0,18
3837,T,220830,054153,60.196568N,24.125868E,45,0.0,18
3838,T,220830,054154,60.196568N,24.125868E,45,0.0,18
3839,T,220830,054155,60.196564N,24.125868E,45,0.0,18
3840,T,220830,054156,60.196560N,24.125864E,45,0.0,18
3841,T,220830,054157,60.196556N,24.125860E,45,0.0,18
3842,T,220830,054158,60.196548N,24.125854E,45,3.6,209
3843,T,220830,054159,60.196533N,24.125851E,45,4.8,208
3844,T,220830,054200,60.196526N,24.125851E,45,3.6,182
3845,T,220830,054201,60.196507N,24.125851E,45,4.7,184
3846,T,220830,054202,60.196491N,24.125843E,44,8.0,186
3847,T,220830,054203,60.196472N,24.125835E,44,8.0,194
3848,T,220830,054204,60.196457N,24.125816E,44,8.6,221
3849,T,220830,054205,60.196449N,24.125780E,44,9.5,251
3850,T,220830,054206,60.196442N,24.125729E,44,11.7,256
3851,T,220830,054207,60.196430N,24.125669E,45,12.8,254
3852,T,220830,054208,60.196423N,24.125608E,45,13.1,261
3853,T,220830,054209,60.196419N,24.125544E,46,14.1,258
3854,T,220830,054210,60.196407N,24.125479E,46,12.9,257
3855,T,220830,054211,60.196396N,24.125418E,46,12.0,257
3856,T,220830,054212,60.196381N,24.125362E,46,12.7,255
3857,T,220830,054213,60.196369N,24.125303E,46,11.7,254
3858,T,220830,054214,60.196350N,24.125248E,46,11.8,253
3859,T,220830,054215,60.196339N,24.125195E,46,11.7,252
3860,T,220830,054216,60.196327N,24.125139E,46,11.8,251
3861,T,220830,054217,60.196312N,24.125086E,46,11.9,250
3862,T,220830,054218,60.196297N,24.125038E,46,11.7,229
3863,T,220830,054219,60.196278N,24.124990E,46,12.1,232
3864,T,220830,054220,60.196255N,24.124947E,46,10.8,231
3865,T,220830,054221,60.196236N,24.124907E,45,11.7,230
3866,T,220830,054222,60.196209N,24.124872E,45,12.2,228
3867,T,220830,054223,60.196178N,24.124844E,44,12.3,226
3868,T,220830,054224,60.196152N,24.124819E,44,13.4,224
3869,T,220830,054225,60.196117N,24.124804E,42,14.3,221
3870,T,220830,054226,60.196079N,24.124788E,42,15.0,218
3871,T,220830,054227,60.196041N,24.124771E,41,15.0,215
3872,T,220830,054228,60.196007N,24.124756E,40,14.4,213
3873,T,220830,054229,60.195972N,24.124737E,40,14.5,211
3874,T,220830,054230,60.195938N,24.124716E,39,13.7,201
3875,T,220830,054231,60.195908N,24.124693E,38,14.0,201
3876,T,220830,054232,60.195873N,24.124662E,37,16.1,202
3877,T,220830,054233,60.195835N,24.124617E,37,17.8,203
3878,T,220830,054234,60.195801N,24.124565E,37,17.9,204
3879,T,220830,054235,60.195759N,24.124514E,36,17.9,205
3880,T,220830,054236,60.195728N,24.124454E,36,17.6,207
3881,T,220830,054237,60.195702N,24.124392E,36,15.5,228
3882,T,220830,054238,60.195679N,24.124336E,36,14.2,232
3883,T,220830,054239,60.195660N,24.124285E,35,12.1,233
3884,T,220830,054240,60.195641N,24.124237E,36,10.6,236
3885,T,220830,054241,60.195633N,24.124199E,36,8.3,245
3886,T,220830,054242,60.195621N,24.124161E,36,7.1,252
3887,T,220830,054243,60.195618N,24.124128E,36,6.3,251
3888,T,220830,054244,60.195606N,24.124104E,36,4.9,251
3889,T,220830,054245,60.195602N,24.124083E,36,4.8,251
3890,T,220830,054246,60.195599N,24.124056E,36,5.5,251
3891,T,220830,054247,60.195591N,24.124027E,36,6.5,251
3892,T,220830,054248,60.195583N,24.123997E,35,8.0,250
3893,T,220830,054249,60.195580N,24.123955E,35,9.5,250
3894,T,220830,054250,60.195572N,24.123903E,35,9.8,250
3895,T,220830,054251,60.195568N,24.123863E,35,6.6,250
3896,T,220830,054252,60.195560N,24.123825E,35,7.6,251
3897,T,220830,054253,60.195560N,24.123789E,35,7.5,252
3898,T,220830,054254,60.195560N,24.123743E,35,9.6,254
3899,T,220830,054255,60.195557N,24.123693E,35,10.8,255
3900,T,220830,054256,60.195553N,24.123640E,35,10.3,256
3901,T,220830,054257,60.195549N,24.123587E,35,10.4,257
3902,T,220830,054258,60.195545N,24.123543E,34,7.6,258
3903,T,220830,054259,60.195541N,24.123505E,34,7.6,252
3904,T,220830,054300,60.195534N,24.123465E,34,7.9,253
3905,T,220830,054301,60.195534N,24.123419E,34,9.8,255
3906,T,220830,054302,60.195526N,24.123363E,34,8.1,256
3907,T,220830,054303,60.195526N,24.123323E,33,7.6,257
3908,T,220830,054304,60.195518N,24.123283E,33,7.2,272
3909,T,220830,054305,60.195518N,24.123240E,33,7.2,271
3910,T,220830,054306,60.195518N,24.123203E,34,5.2,271
3911,T,220830,054307,60.195515N,24.123186E,34,0.0,271
3912,T,220830,054308,60.195515N,24.123178E,34,0.0,271
3913,T,220830,054309,60.195515N,24.123169E,34,0.0,271
3914,T,220830,054310,60.195515N,24.123161E,34,0.0,271
3915,T,220830,054311,60.195518N,24.123159E,34,0.0,271
3916,T,220830,054312,60.195515N,24.123158E,34,0.0,271
3917,T,220830,054313,60.195515N,24.123146E,34,0.0,271
3918,T,220830,054314,60.195511N,24.123112E,34,7.3,269
3919,T,220830,054315,60.195511N,24.123070E,35,8.2,267
3920,T,220830,054316,60.195507N,24.123026E,35,8.2,269
3921,T,220830,054317,60.195503N,24.122984E,35,8.1,267
3922,T,220830,054318,60.195499N,24.122946E,35,6.7,260
3923,T,220830,054319,60.195496N,24.122919E,35,4.0,262
3924,T,220830,054320,60.195496N,24.122908E,34,0.0,262
3925,T,220830,054321,60.195499N,24.122906E,34,0.0,262
3926,T,220830,054322,60.195499N,24.122902E,34,0.0,262
3927,T,220830,054323,60.195507N,24.122896E,34,0.0,262
3928,T,220830,054324,60.195511N,24.122890E,34,0.0,262
3929,T,220830,054325,60.195511N,24.122885E,34,0.0,262
3930,T,220830,054326,60.195511N,24.122885E,34,0.0,262
3931,T,220830,054327,60.195511N,24.122881E,34,0.0,262
3932,T,220830,054328,60.195511N,24.122877E,34,0.0,262
3933,T,220830,054329,60.195511N,24.122875E,34,0.0,262
3934,T,220830,054330,60.195511N,24.122875E,34,0.0,262
3935,T,220830,054331,60.195511N,24.122875E,34,0.0,262
3936,T,220830,054332,60.195511N,24.122873E,34,0.0,262
3937,T,220830,054333,60.195511N,24.122873E,34,0.0,262
3938,T,220830,054334,60.195511N,24.122873E,34,0.0,262
3939,T,220830,054335,60.195511N,24.122873E,34,0.0,262
3940,T,220830,054336,60.195511N,24.122875E,34,0.0,262
3941,T,220830,054337,60.195511N,24.122875E,34,0.0,262
3942,T,220830,054338,60.195511N,24.122875E,34,0.0,262
3943,T,220830,054339,60.195511N,24.122875E,34,0.0,262
3944,T,220830,054340,60.195515N,24.122875E,34,0.0,262
3945,T,220830,054341,60.195511N,24.122875E,34,0.0,262
3946,T,220830,054342,60.195507N,24.122894E,34,0.0,262
3947,T,220830,054343,60.195507N,24.122910E,34,0.0,262
3948,T,220830,054344,60.195503N,24.122932E,34,4.7,113
3949,T,220830,054345,60.195503N,24.122957E,34,4.8,110
3950,T,220830,054346,60.195499N,24.122978E,34,4.8,106
3951,T,220830,054347,60.195496N,24.123001E,34,4.8,104
3952,T,220830,054348,60.195496N,24.123028E,34,4.9,86
3953,T,220830,054349,60.195496N,24.123056E,34,4.4,88
3954,T,220830,054350,60.195499N,24.123077E,34,3.9,87
3955,T,220830,054351,60.195499N,24.123096E,34,0.0,87
3956,T,220830,054352,60.195499N,24.123110E,34,0.0,87
3957,T,220830,054353,60.195507N,24.123114E,34,0.0,87
3958,T,220830,054354,60.195511N,24.123110E,34,0.0,87
3959,T,220830,054355,60.195515N,24.123116E,34,0.0,87
3960,T,220830,054356,60.195518N,24.123106E,34,0.0,87
3961,T,220830,054357,60.195515N,24.123108E,34,0.0,87
3962,T,220830,054358,60.195515N,24.123108E,34,0.0,87
3963,T,220830,054359,60.195515N,24.123106E,34,0.0,87
3964,T,220830,054400,60.195515N,24.123104E,34,0.0,87
3965,T,220830,054401,60.195515N,24.123104E,34,0.0,87
3966,T,220830,054402,60.195515N,24.123104E,34,0.0,87
3967,T,220830,054403,60.195515N,24.123104E,34,0.0,87
3968,T,220830,054404,60.195515N,24.123104E,34,0.0,87
3969,T,220830,054405,60.195515N,24.123104E,34,0.0,87
3970,T,220830,054406,60.195507N,24.123102E,35,0.0,87
3971,T,220830,054407,60.195511N,24.123089E,35,0.0,87
3972,T,220830,054408,60.195507N,24.123072E,35,0.0,87
3973,T,220830,054409,60.195507N,24.123056E,35,0.0,87
3974,T,220830,054410,60.195503N,24.123037E,35,4.7,273
3975,T,220830,054411,60.195499N,24.123014E,35,6.2,272
3976,T,220830,054412,60.195499N,24.122980E,35,7.3,271
3977,T,220830,054413,60.195496N,24.122940E,35,8.5,261
3978,T,220830,054414,60.195492N,24.122896E,35,8.4,261
3979,T,220830,054415,60.195488N,24.122852E,35,8.5,261
3980,T,220830,054416,60.195488N,24.122805E,35,8.6,257
3981,T,220830,054417,60.195484N,24.122763E,35,8.7,256
3982,T,220830,054418,60.195477N,24.122719E,35,8.4,255
3983,T,220830,054419,60.195469N,24.122677E,35,8.2,253
3984,T,220830,054420,60.195461N,24.122637E,34,7.2,253
3985,T,220830,054421,60.195457N,24.122604E,34,6.1,247
3986,T,220830,054422,60.195450N,24.122576E,34,0.0,247
3987,T,220830,054423,60.195450N,24.122559E,33,0.0,247
3988,T,220830,054424,60.195442N,24.122543E,33,0.0,247
3989,T,220830,054425,60.195450N,24.122532E,33,0.0,247
3990,T,220830,054426,60.195450N,24.122526E,32,0.0,247
3991,T,220830,054427,60.195450N,24.122524E,32,0.0,247
3992,T,220830,054428,60.195457N,24.122520E,32,0.0,247
3993,T,220830,054429,60.195461N,24.122519E,32,0.0,247
3994,T,220830,054430,60.195465N,24.122517E,32,0.0,247
3995,T,220830,054431,60.195469N,24.122513E,31,0.0,247
3996,T,220830,054432,60.195473N,24.122503E,31,0.0,247
3997,T,220830,054433,60.195480N,24.122496E,31,0.0,247
3998,T,220830,054434,60.195484N,24.122488E,30,0.0,247
3999,T,220830,054435,60.195488N,24.122484E,30,0.0,247
4000,T,220830,054436,60.195492N,24.122482E,30,0.0,247
4001,T,220830,054437,60.195492N,24.122482E,30,0.0,247
4002,T,220830,054438,60.195492N,24.122482E,30,0.0,247
4003,T,220830,054439,60.195492N,24.122482E,30,0.0,247
4004,T,220830,054440,60.195492N,24.122482E,30,0.0,247
4005,T,220830,054441,60.195492N,24.122482E,30,0.0,247
4006,T,220830,054442,60.195492N,24.122482E,30,0.0,247
4007,T,220830,054443,60.195492N,24.122482E,30,0.0,247
4008,T,220830,054444,60.195492N,24.122482E,30,0.0,247
4009,T,220830,054445,60.195492N,24.122482E,30,0.0,247
4010,T,220830,054446,60.195492N,24.122482E,30,0.0,247
4011,T,220830,054447,60.195492N,24.122482E,30,0.0,247
4012,T,220830,054448,60.195492N,24.122482E,30,0.0,247
4013,T,220830,054449,60.195492N,24.122482E,30,0.0,247
4014,T,220830,054450,60.195492N,24.122482E,30,0.0,247
4015,T,220830,054451,60.195492N,24.122482E,30,0.0,247
4016,T,220830,054452,60.195492N,24.122482E,30,0.0,247
4017,T,220830,054453,60.195492N,24.122482E,30,0.0,247
4018,T,220830,054454,60.195499N,24.122484E,30,0.0,247
4019,T,220830,054455,60.195503N,24.122484E,30,0.0,247
4020,T,220830,054456,60.195511N,24.122484E,29,0.0,247
4021,T,220830,054457,60.195518N,24.122486E,29,0.0,247
4022,T,220830,054458,60.195534N,24.122486E,29,0.0,247
4023,T,220830,054459,60.195538N,24.122480E,29,0.0,247
4024,T,220830,054500,60.195538N,24.122477E,29,0.0,247
4025,T,220830,054501,60.195541N,24.122473E,29,0.0,247
4026,T,220830,054502,60.195545N,24.122471E,29,0.0,247
4027,T,220830,054503,60.195549N,24.122465E,29,0.0,247
4028,T,220830,054504,60.195553N,24.122463E,29,0.0,247
4029,T,220830,054505,60.195560N,24.122463E,28,0.0,247
4030,T,220830,054506,60.195568N,24.122463E,28,0.0,247
4031,T,220830,054507,60.195576N,24.122478E,28,0.0,247
4032,T,220830,054508,60.195583N,24.122490E,28,0.0,247
4033,T,220830,054509,60.195591N,24.122499E,28,0.0,247
4034,T,220830,054510,60.195599N,24.122505E,28,0.0,247
4035,T,220830,054511,60.195599N,24.122505E,28,0.0,247
4036,T,220830,054512,60.195606N,24.122507E,28,0.0,247
4037,T,220830,054513,60.195621N,24.122517E,28,3.6,10
4038,T,220830,054514,60.195625N,24.122524E,28,0.0,10
4039,T,220830,054515,60.195641N,24.122524E,28,0.0,10
4040,T,220830,054516,60.195644N,24.122541E,27,3.6,52
4041,T,220830,054517,60.195648N,24.122553E,28,0.0,52
4042,T,220830,054518,60.195644N,24.122557E,27,0.0,52
4043,T,220830,054519,60.195641N,24.122559E,27,0.0,52
4044,T,220830,054520,60.195641N,24.122561E,27,0.0,52
4045,T,220830,054521,60.195641N,24.122561E,27,0.0,52
4046,T,220830,054522,60.195641N,24.122561E,27,0.0,52
4047,T,220830,054523,60.195641N,24.122561E,27,0.0,52
4048,T,220830,054524,60.195641N,24.122561E,27,0.0,52
4049,T,220830,054525,60.195641N,24.122561E,28,0.0,52
4050,T,220830,054526,60.195641N,24.122561E,28,0.0,52
4051,T,220830,054527,60.195641N,24.122561E,28,0.0,52
4052,T,220830,054528,60.195641N,24.122561E,28,0.0,52
4053,T,220830,054529,60.195641N,24.122561E,28,0.0,52
4054,T,220830,054530,60.195641N,24.122561E,28,0.0,52
4055,T,220830,054531,60.195641N,24.122561E,28,0.0,52
4056,T,220830,054532,60.195641N,24.122561E,28,0.0,52
4057,T,220830,054533,60.195641N,24.122561E,28,0.0,52
4058,T,220830,054534,60.195641N,24.122561E,28,0.0,52
4059,T,220830,054535,60.195641N,24.122561E,28,0.0,52
4060,T,220830,054536,60.195641N,24.122561E,27,0.0,52
4061,T,220830,054537,60.195641N,24.122561E,27,0.0,52
4062,T,220830,054538,60.195641N,24.122561E,28,0.0,52
4063,T,220830,054539,60.195641N,24.122561E,27,0.0,52
4064,T,220830,054540,60.195641N,24.122561E,27,0.0,52
4065,T,220830,054541,60.195641N,24.122561E,27,0.0,52
4066,T,220830,054542,60.195641N,24.122559E,27,0.0,52
4067,T,220830,054543,60.195641N,24.122559E,27,0.0,52
4068,T,220830,054544,60.195641N,24.122559E,27,0.0,52
4069,T,220830,054545,60.195641N,24.122559E,27,0.0,52
4070,T,220830,054546,60.195641N,24.122559E,27,0.0,52
4071,T,220830,054547,60.195641N,24.122547E,27,0.0,52
4072,T,220830,054548,60.195641N,24.122540E,27,0.0,52
4073,T,220830,054549,60.195633N,24.122534E,27,4.0,259
4074,T,220830,054550,60.195625N,24.122524E,27,3.9,253
4075,T,220830,054551,60.195614N,24.122517E,27,4.3,248
4076,T,220830,054552,60.195599N,24.122503E,27,3.9,244
4077,T,220830,054553,60.195591N,24.122496E,27,4.2,239
4078,T,220830,054554,60.195580N,24.122486E,27,0.0,239
4079,T,220830,054555,60.195572N,24.122484E,27,0.0,239
4080,T,220830,054556,60.195568N,24.122484E,27,0.0,239
4081,T,220830,054557,60.195560N,24.122488E,27,0.0,239
4082,T,220830,054558,60.195553N,24.122492E,27,0.0,239
4083,T,220830,054559,60.195549N,24.122498E,27,0.0,239
4084,T,220830,054600,60.195541N,24.122498E,27,0.0,239
4085,T,220830,054601,60.195526N,24.122494E,27,3.9,164
4086,T,220830,054602,60.195518N,24.122488E,27,4.0,165
4087,T,220830,054603,60.195507N,24.122486E,27,4.0,167
4088,T,220830,054604,60.195496N,24.122492E,27,4.3,168
4089,T,220830,054605,60.195484N,24.122503E,28,4.2,167
4090,T,220830,054606,60.195480N,24.122513E,28,0.0,167
4091,T,220830,054607,60.195473N,24.122517E,28,0.0,167
4092,T,220830,054608,60.195461N,24.122520E,28,0.0,167
4093,T,220830,054609,60.195457N,24.122520E,28,0.0,167
4094,T,220830,054610,60.195450N,24.122515E,28,3.8,215
4095,T,220830,054611,60.195438N,24.122492E,27,6.4,248
4096,T,220830,054612,60.195438N,24.122459E,27,6.5,276
4097,T,220830,054613,60.195431N,24.122421E,27,9.3,273
4098,T,220830,054614,60.195423N,24.122375E,27,9.4,271
4099,T,220830,054615,60.195412N,24.122328E,27,10.4,269
4100,T,220830,054616,60.195400N,24.122282E,27,10.2,266
4101,T,220830,054617,60.195389N,24.122236E,26,10.2,263
4102,T,220830,054618,60.195366N,24.122187E,26,10.7,261
4103,T,220830,054619,60.195351N,24.122131E,26,12.9,259
4104,T,220830,054620,60.195335N,24.122076E,26,10.2,257
4105,T,220830,054621,60.195320N,24.122025E,26,11.8,256
4106,T,220830,054622,60.195313N,24.121965E,26,12.2,255
4107,T,220830,054623,60.195301N,24.121912E,26,12.1,254
4108,T,220830,054624,60.195290N,24.121847E,26,12.4,252
4109,T,220830,054625,60.195274N,24.121792E,26,11.9,250
4110,T,220830,054626,60.195267N,24.121738E,26,10.8,247
4111,T,220830,054627,60.195251N,24.121689E,26,12.2,244
4112,T,220830,054628,60.195236N,24.121632E,25,12.5,248
4113,T,220830,054629,60.195225N,24.121571E,25,12.1,248
4114,T,220830,054630,60.195210N,24.121519E,25,12.6,248
4115,T,220830,054631,60.195190N,24.121464E,25,13.1,246
4116,T,220830,054632,60.195175N,24.121408E,25,12.8,245
4117,T,220830,054633,60.195160N,24.121351E,24,13.3,244
4118,T,220830,054634,60.195141N,24.121296E,25,13.3,243
4119,T,220830,054635,60.195122N,24.121241E,25,13.3,242
4120,T,220830,054636,60.195099N,24.121193E,24,13.5,223
4121,T,220830,054637,60.195072N,24.121149E,24,13.4,215
4122,T,220830,054638,60.195049N,24.121111E,24,13.3,218
4123,T,220830,054639,60.195019N,24.121067E,23,12.4,215
4124,T,220830,054640,60.195000N,24.121042E,24,10.9,207
4125,T,220830,054641,60.194977N,24.121012E,24,11.6,208
4126,T,220830,054642,60.194950N,24.120977E,24,10.8,210
4127,T,220830,054643,60.194927N,24.120949E,24,10.9,210
4128,T,220830,054644,60.194904N,24.120922E,24,10.9,209
4129,T,220830,054645,60.194881N,24.120901E,24,9.7,198
4130,T,220830,054646,60.194859N,24.120880E,24,10.3,199
4131,T,220830,054647,60.194839N,24.120852E,24,9.9,200
4132,T,220830,054648,60.194817N,24.120823E,24,9.9,201
4133,T,220830,054649,60.194801N,24.120794E,24,9.9,202
4134,T,220830,054650,60.194778N,24.120770E,24,9.8,203
4135,T,220830,054651,60.194756N,24.120743E,24,11.0,203
4136,T,220830,054652,60.194733N,24.120710E,25,11.8,204
4137,T,220830,054653,60.194710N,24.120680E,25,12.3,206
4138,T,220830,054654,60.194679N,24.120651E,25,12.6,206
4139,T,220830,054655,60.194649N,24.120625E,25,12.7,206
4140,T,220830,054656,60.194618N,24.120596E,25,13.2,205
4141,T,220830,054657,60.194592N,24.120565E,25,12.8,204
4142,T,220830,054658,60.194565N,24.120543E,25,12.7,202
4143,T,220830,054659,60.194530N,24.120518E,26,13.1,202
4144,T,220830,054700,60.194500N,24.120499E,26,13.7,201
4145,T,220830,054701,60.194469N,24.120476E,26,14.1,199
4146,T,220830,054702,60.194431N,24.120457E,25,14.5,193
4147,T,220830,054703,60.194397N,24.120440E,25,14.6,189
4148,T,220830,054704,60.194359N,24.120426E,26,15.5,191
4149,T,220830,054705,60.194321N,24.120407E,26,15.4,194
4150,T,220830,054706,60.194283N,24.120386E,26,15.4,195
4151,T,220830,054707,60.194248N,24.120359E,26,16.2,201
4152,T,220830,054708,60.194214N,24.120329E,26,16.7,207
4153,T,220830,054709,60.194176N,24.120287E,26,15.7,213
4154,T,220830,054710,60.194145N,24.120234E,26,16.2,221
4155,T,220830,054711,60.194111N,24.120180E,26,16.1,222
4156,T,220830,054712,60.194084N,24.120127E,26,15.7,222
4157,T,220830,054713,60.194054N,24.120073E,26,15.4,226
4158,T,220830,054714,60.194027N,24.120014E,25,15.5,231
4159,T,220830,054715,60.194004N,24.119944E,25,16.7,237
4160,T,220830,054716,60.193985N,24.119877E,25,16.8,239
4161,T,220830,054717,60.193958N,24.119808E,24,16.0,238
4162,T,220830,054718,60.193943N,24.119740E,24,14.9,246
4163,T,220830,054719,60.193928N,24.119667E,24,15.2,245
4164,T,220830,054720,60.193909N,24.119589E,24,17.8,242
4165,T,220830,054721,60.193886N,24.119497E,23,17.8,244
4166,T,220830,054722,60.193871N,24.119402E,23,19.5,254
4167,T,220830,054723,60.193859N,24.119307E,23,18.9,253
4168,T,220830,054724,60.193844N,24.119209E,23,20.5,251
4169,T,220830,054725,60.193825N,24.119106E,22,21.0,248
4170,T,220830,054726,60.193810N,24.119011E,22,19.0,248
4171,T,220830,054727,60.193790N,24.118917E,22,18.5,249
4172,T,220830,054728,60.193775N,24.118830E,21,18.0,248
4173,T,220830,054729,60.193760N,24.118748E,21,16.5,248
4174,T,220830,054730,60.193745N,24.118670E,21,14.9,249
4175,T,220830,054731,60.193733N,24.118605E,21,14.2,247
4176,T,220830,054732,60.193722N,24.118542E,20,13.5,246
4177,T,220830,054733,60.193703N,24.118484E,20,12.6,244
4178,T,220830,054734,60.193691N,24.118429E,19,10.9,248
4179,T,220830,054735,60.193680N,24.118376E,19,12.1,247
4180,T,220830,054736,60.193665N,24.118324E,18,11.4,244
4181,T,220830,054737,60.193653N,24.118271E,18,12.2,244
4182,T,220830,054738,60.193638N,24.118212E,17,13.3,242
4183,T,220830,054739,60.193619N,24.118160E,17,11.6,230
4184,T,220830,054740,60.193600N,24.118111E,17,12.9,232
4185,T,220830,054741,60.193581N,24.118055E,17,12.7,235
4186,T,220830,054742,60.193565N,24.118004E,17,13.1,237
4187,T,220830,054743,60.193546N,24.117956E,17,10.4,228
4188,T,220830,054744,60.193531N,24.117914E,17,9.5,229
4189,T,220830,054745,60.193516N,24.117868E,17,9.1,232
4190,T,220830,054746,60.193501N,24.117826E,16,11.0,231
4191,T,220830,054747,60.193481N,24.117781E,16,13.2,222
4192,T,220830,054748,60.193455N,24.117727E,16,13.7,223
4193,T,220830,054749,60.193432N,24.117670E,15,15.3,224
4194,T,220830,054750,60.193409N,24.117615E,15,14.7,225
4195,T,220830,054751,60.193375N,24.117556E,15,14.6,224
4196,T,220830,054752,60.193352N,24.117504E,15,13.1,227
4197,T,220830,054753,60.193321N,24.117455E,15,15.1,215
4198,T,220830,054754,60.193287N,24.117405E,15,16.0,212
4199,T,220830,054755,60.193253N,24.117365E,15,17.4,204
4200,T,220830,054756,60.193211N,24.117334E,16,18.2,201
4201,T,220830,054757,60.193172N,24.117311E,17,15.4,193
4202,T,220830,054758,60.193130N,24.117283E,15,16.2,193
4203,T,220830,054759,60.193096N,24.117258E,16,15.3,191
4204,T,220830,054800,60.193047N,24.117249E,14,17.3,190
4205,T,220830,054801,60.193008N,24.117243E,14,16.1,190
4206,T,220830,054802,60.192966N,24.117235E,13,15.8,189
4207,T,220830,054803,60.192932N,24.117231E,14,14.5,176
4208,T,220830,054804,60.192898N,24.117229E,14,14.4,177
4209,T,220830,054805,60.192860N,24.117226E,14,14.3,179
4210,T,220830,054806,60.192825N,24.117228E,14,14.0,178
4211,T,220830,054807,60.192791N,24.117226E,14,13.5,178
4212,T,220830,054808,60.192760N,24.117222E,14,13.0,179
4213,T,220830,054809,60.192726N,24.117218E,15,12.9,179
4214,T,220830,054810,60.192692N,24.117218E,15,13.1,178
4215,T,220830,054811,60.192661N,24.117222E,15,11.5,178
4216,T,220830,054812,60.192631N,24.117224E,14,11.9,178
4217,T,220830,054813,60.192600N,24.117224E,14,13.3,178
4218,T,220830,054814,60.192570N,24.117224E,14,12.1,178
4219,T,220830,054815,60.192535N,24.117226E,13,12.0,184
4220,T,220830,054816,60.192509N,24.117220E,13,12.4,184
4221,T,220830,054817,60.192478N,24.117216E,13,12.4,184
4222,T,220830,054818,60.192444N,24.117208E,12,12.9,186
4223,T,220830,054819,60.192417N,24.117207E,13,11.8,173
4224,T,220830,054820,60.192387N,24.117218E,13,11.7,168
4225,T,220830,054821,60.192360N,24.117224E,13,11.7,169
4226,T,220830,054822,60.192333N,24.117226E,14,12.4,170
4227,T,220830,054823,60.192299N,24.117224E,14,13.1,171
4228,T,220830,054824,60.192268N,24.117222E,14,13.6,173
4229,T,220830,054825,60.192238N,24.117224E,13,12.6,179
4230,T,220830,054826,60.192200N,24.117226E,12,13.1,179
4231,T,220830,054827,60.192169N,24.117228E,12,12.3,178
4232,T,220830,054828,60.192135N,24.117224E,11,12.3,186
4233,T,220830,054829,60.192108N,24.117220E,12,11.8,186
4234,T,220830,054830,60.192078N,24.117218E,12,12.4,182
4235,T,220830,054831,60.192047N,24.117220E,11,11.5,182
4236,T,220830,054832,60.192017N,24.117220E,11,12.9,182
4237,T,220830,054833,60.191978N,24.117216E,10,13.3,183
4238,T,220830,054834,60.191952N,24.117214E,10,12.1,179
4239,T,220830,054835,60.191925N,24.117214E,10,12.6,181
4240,T,220830,054836,60.191891N,24.117212E,11,12.7,181
4241,T,220830,054837,60.191864N,24.117214E,11,12.3,178
4242,T,220830,054838,60.191837N,24.117218E,11,12.3,178
4243,T,220830,054839,60.191807N,24.117220E,12,11.7,177
4244,T,220830,054840,60.191780N,24.117222E,12,11.7,176
4245,T,220830,054841,60.191753N,24.117228E,12,11.3,175
4246,T,220830,054842,60.191723N,24.117233E,12,11.2,175
4247,T,220830,054843,60.191700N,24.117235E,12,11.2,175
4248,T,220830,054844,60.191677N,24.117245E,13,9.9,167
4249,T,220830,054845,60.191650N,24.117256E,13,10.0,167
4250,T,220830,054846,60.191624N,24.117266E,13,12.2,167
4251,T,220830,054847,60.191593N,24.117268E,13,11.7,169
4252,T,220830,054848,60.191563N,24.117270E,13,11.8,169
4253,T,220830,054849,60.191532N,24.117275E,12,11.8,170
4254,T,220830,054850,60.191509N,24.117275E,13,10.5,171
4255,T,220830,054851,60.191479N,24.117273E,13,11.7,183
4256,T,220830,054852,60.191452N,24.117268E,14,11.6,183
4257,T,220830,054853,60.191433N,24.117262E,15,11.7,181
4258,T,220830,054854,60.191406N,24.117252E,15,11.6,189
4259,T,220830,054855,60.191383N,24.117243E,15,9.9,188
4260,T,220830,054856,60.191360N,24.117241E,16,9.8,187
4261,T,220830,054857,60.191338N,24.117245E,16,9.3,186
4262,T,220830,054858,60.191311N,24.117245E,16,11.8,185
4263,T,220830,054859,60.191280N,24.117231E,16,12.5,186
4264,T,220830,054900,60.191250N,24.117214E,16,13.9,185
4265,T,220830,054901,60.191212N,24.117195E,17,15.3,186
4266,T,220830,054902,60.191174N,24.117188E,17,15.3,185
4267,T,220830,054903,60.191132N,24.117184E,17,15.3,185
4268,T,220830,054904,60.191097N,24.117182E,17,15.6,178
4269,T,220830,054905,60.191055N,24.117178E,17,15.2,179
4270,T,220830,054906,60.191021N,24.117170E,16,15.3,180
4271,T,220830,054907,60.190979N,24.117155E,16,14.9,181
4272,T,220830,054908,60.190945N,24.117147E,16,15.4,184
4273,T,220830,054909,60.190903N,24.117142E,16,16.0,184
4274,T,220830,054910,60.190865N,24.117136E,16,16.7,184
4275,T,220830,054911,60.190819N,24.117134E,16,17.5,183
4276,T,220830,054912,60.190777N,24.117134E,16,17.4,183
4277,T,220830,054913,60.190735N,24.117140E,16,15.9,181
4278,T,220830,054914,60.190693N,24.117140E,16,15.9,181
4279,T,220830,054915,60.190651N,24.117140E,15,17.2,177
4280,T,220830,054916,60.190605N,24.117147E,15,18.9,174
4281,T,220830,054917,60.190559N,24.117155E,14,18.9,177
4282,T,220830,054918,60.190514N,24.117155E,14,18.9,180
4283,T,220830,054919,60.190460N,24.117155E,14,19.7,179
4284,T,220830,054920,60.190411N,24.117153E,13,18.5,181
4285,T,220830,054921,60.190369N,24.117144E,12,16.7,187
4286,T,220830,054922,60.190327N,24.117136E,12,17.0,185
4287,T,220830,054923,60.190289N,24.117130E,12,16.9,182
4288,T,220830,054924,60.190250N,24.117125E,12,16.2,189
4289,T,220830,054925,60.190212N,24.117107E,11,17.1,200
4290,T,220830,054926,60.190170N,24.117077E,12,18.4,206
4291,T,220830,054927,60.190128N,24.117022E,12,21.6,213
4292,T,220830,054928,60.190086N,24.116962E,11,20.6,215
4293,T,220830,054929,60.190041N,24.116899E,11,21.6,214
4294,T,220830,054930,60.189999N,24.116840E,11,21.1,215
4295,T,220830,054931,60.189960N,24.116776E,11,20.8,215
4296,T,220830,054932,60.189919N,24.116695E,11,21.6,229
4297,T,220830,054933,60.189892N,24.116610E,11,20.6,240
4298,T,220830,054934,60.189873N,24.116520E,11,19.1,249
4299,T,220830,054935,60.189854N,24.116426E,11,19.2,252
4300,T,220830,054936,60.189842N,24.116331E,11,18.7,263
4301,T,220830,054937,60.189838N,24.116243E,11,17.5,267
4302,T,220830,054938,60.189838N,24.116163E,11,14.3,278
4303,T,220830,054939,60.189854N,24.116089E,11,16.2,289
4304,T,220830,054940,60.189869N,24.116016E,11,15.4,295
4305,T,220830,054941,60.189888N,24.115940E,11,17.0,296
4306,T,220830,054942,60.189903N,24.115864E,11,16.0,294
4307,T,220830,054943,60.189922N,24.115795E,12,15.3,303
4308,T,220830,054944,60.189941N,24.115728E,12,15.2,302
4309,T,220830,054945,60.189960N,24.115656E,13,15.3,299
4310,T,220830,054946,60.189976N,24.115585E,13,14.9,297
4311,T,220830,054947,60.189991N,24.115517E,13,15.0,295
4312,T,220830,054948,60.190006N,24.115450E,14,14.0,296
4313,T,220830,054949,60.190022N,24.115391E,14,12.6,294
4314,T,220830,054950,60.190037N,24.115326E,15,13.6,286
4315,T,220830,054951,60.190044N,24.115259E,15,13.0,285
4316,T,220830,054952,60.190052N,24.115192E,16,12.9,278
4317,T,220830,054953,60.190052N,24.115126E,16,12.5,268
4318,T,220830,054954,60.190052N,24.115061E,16,13.2,268
4319,T,220830,054955,60.190060N,24.114992E,16,13.8,270
4320,T,220830,054956,60.190060N,24.114918E,16,14.5,272
4321,T,220830,054957,60.190067N,24.114838E,16,15.5,274
4322,T,220830,054958,60.190071N,24.114756E,16,16.4,276
4323,T,220830,054959,60.190079N,24.114670E,16,17.2,277
4324,T,220830,055000,60.190090N,24.114584E,15,18.2,279
4325,T,220830,055001,60.190109N,24.114494E,15,18.8,280
4326,T,220830,055002,60.190125N,24.114403E,15,19.5,281
4327,T,220830,055003,60.190144N,24.114305E,15,19.9,282
4328,T,220830,055004,60.190163N,24.114210E,15,20.4,283
4329,T,220830,055005,60.190182N,24.114115E,15,20.5,284
4330,T,220830,055006,60.190201N,24.114016E,15,20.7,285
4331,T,220830,055007,60.190220N,24.113920E,15,20.7,286
4332,T,220830,055008,60.190239N,24.113823E,15,20.8,287
4333,T,220830,055009,60.190266N,24.113726E,15,20.8,287
4334,T,220830,055010,60.190285N,24.113630E,15,20.9,288
4335,T,220830,055011,60.190308N,24.113535E,15,20.9,289
4336,T,220830,055012,60.190327N,24.113436E,15,21.0,289
4337,T,220830,055013,60.190353N,24.113342E,15,21.0,290
4338,T,220830,055014,60.190372N,24.113249E,15,20.1,291
4339,T,220830,055015,60.190392N,24.113150E,16,20.8,291
4340,T,220830,055016,60.190411N,24.113056E,16,20.7,292
4341,T,220830,055017,60.190434N,24.112955E,16,20.7,292
4342,T,220830,055018,60.190453N,24.112858E,16,20.8,292
4343,T,220830,055019,60.190472N,24.112762E,16,20.9,292
4344,T,220830,055020,60.190487N,24.112663E,16,21.3,292
4345,T,220830,055021,60.190510N,24.112564E,16,21.7,291
4346,T,220830,055022,60.190529N,24.112457E,16,22.2,291
4347,T,220830,055023,60.190552N,24.112354E,16,22.7,291
4348,T,220830,055024,60.190571N,24.112244E,16,23.5,292
4349,T,220830,055025,60.190598N,24.112137E,16,23.5,292
4350,T,220830,055026,60.190620N,24.112026E,15,23.8,293
4351,T,220830,055027,60.190647N,24.111916E,15,24.3,295
4352,T,220830,055028,60.190681N,24.111807E,15,25.0,304
4353,T,220830,055029,60.190720N,24.111704E,14,25.5,308
4354,T,220830,055030,60.190762N,24.111605E,14,25.8,311
4355,T,220830,055031,60.190807N,24.111511E,13,25.7,315
4356,T,220830,055032,60.190861N,24.111422E,13,25.4,321
4357,T,220830,055033,60.190910N,24.111347E,13,24.9,326
4358,T,220830,055034,60.190964N,24.111284E,13,24.1,328
4359,T,220830,055035,60.191021N,24.111221E,14,23.6,328
4360,T,220830,055036,60.191071N,24.111158E,14,23.3,328
4361,T,220830,055037,60.191120N,24.111095E,14,23.3,328
4362,T,220830,055038,60.191174N,24.111034E,14,23.1,328
4363,T,220830,055039,60.191219N,24.110975E,14,22.7,329
4364,T,220830,055040,60.191273N,24.110916E,14,22.3,329
4365,T,220830,055041,60.191319N,24.110863E,14,21.9,330
4366,T,220830,055042,60.191368N,24.110807E,15,21.5,330
4367,T,220830,055043,60.191418N,24.110756E,15,21.2,331
4368,T,220830,055044,60.191460N,24.110704E,15,20.8,330
4369,T,220830,055045,60.191505N,24.110655E,15,20.7,330
4370,T,220830,055046,60.191547N,24.110600E,15,20.2,329
4371,T,220830,055047,60.191593N,24.110546E,16,19.8,328
4372,T,220830,055048,60.191635N,24.110497E,16,19.4,329
4373,T,220830,055049,60.191677N,24.110449E,16,19.3,329
4374,T,220830,055050,60.191719N,24.110399E,17,19.2,329
4375,T,220830,055051,60.191761N,24.110350E,17,19.1,330
4376,T,220830,055052,60.191799N,24.110302E,17,19.0,330
4377,T,220830,055053,60.191845N,24.110256E,18,19.0,330
4378,T,220830,055054,60.191883N,24.110209E,18,18.9,330
4379,T,220830,055055,60.191929N,24.110163E,18,18.9,331
4380,T,220830,055056,60.191967N,24.110115E,18,19.0,331
4381,T,220830,055057,60.192017N,24.110065E,18,19.1,331
4382,T,220830,055058,60.192059N,24.110022E,19,19.1,331
4383,T,220830,055059,60.192104N,24.109980E,19,19.2,332
4384,T,220830,055100,60.192146N,24.109936E,19,18.8,331
4385,T,220830,055101,60.192188N,24.109890E,19,18.8,331
4386,T,220830,055102,60.192226N,24.109844E,19,18.7,331
4387,T,220830,055103,60.192268N,24.109804E,19,18.2,332
4388,T,220830,055104,60.192307N,24.109764E,20,17.9,333
4389,T,220830,055105,60.192348N,24.109730E,20,17.6,334
4390,T,220830,055106,60.192387N,24.109692E,20,17.1,334
4391,T,220830,055107,60.192425N,24.109652E,20,17.1,333
4392,T,220830,055108,60.192463N,24.109613E,21,17.0,333
4393,T,220830,055109,60.192501N,24.109575E,21,16.9,333
4394,T,220830,055110,60.192539N,24.109535E,21,16.3,332
4395,T,220830,055111,60.192577N,24.109497E,21,15.7,333
4396,T,220830,055112,60.192608N,24.109465E,22,14.8,333
4397,T,220830,055113,60.192638N,24.109428E,22,14.4,333
4398,T,220830,055114,60.192673N,24.109396E,22,14.1,333
4399,T,220830,055115,60.192703N,24.109364E,22,14.0,332
4400,T,220830,055116,60.192734N,24.109331E,23,13.9,332
4401,T,220830,055117,60.192764N,24.109301E,23,13.5,333
4402,T,220830,055118,60.192791N,24.109268E,23,13.5,332
4403,T,220830,055119,60.192825N,24.109236E,23,13.0,332
4404,T,220830,055120,60.192848N,24.109203E,24,12.6,332
4405,T,220830,055121,60.192875N,24.109177E,24,12.5,332
4406,T,220830,055122,60.192905N,24.109148E,24,12.5,332
4407,T,220830,055123,60.192928N,24.109118E,25,12.5,331
4408,T,220830,055124,60.192959N,24.109089E,25,12.6,331
4409,T,220830,055125,60.192986N,24.109058E,25,12.6,331
4410,T,220830,055126,60.193012N,24.109030E,25,12.2,331
4411,T,220830,055127,60.193039N,24.109001E,25,12.1,331
4412,T,220830,055128,60.193066N,24.108976E,25,11.5,331
4413,T,220830,055129,60.193085N,24.108950E,26,11.2,332
4414,T,220830,055130,60.193108N,24.108925E,26,10.9,328
4415,T,220830,055131,60.193130N,24.108896E,26,10.5,329
4416,T,220830,055132,60.193153N,24.108875E,26,10.5,329
4417,T,220830,055133,60.193180N,24.108854E,26,11.0,330
4418,T,220830,055134,60.193203N,24.108826E,26,11.2,330
4419,T,220830,055135,60.193230N,24.108801E,26,12.0,332
4420,T,220830,055136,60.193256N,24.108770E,26,12.7,331
4421,T,220830,055137,60.193283N,24.108736E,25,12.7,330
4422,T,220830,055138,60.193314N,24.108704E,25,12.8,329
4423,T,220830,055139,60.193340N,24.108671E,25,13.5,329
4424,T,220830,055140,60.193367N,24.108637E,25,14.2,330
4425,T,220830,055141,60.193401N,24.108604E,25,15.2,332
4426,T,220830,055142,60.193436N,24.108572E,25,16.6,334
4427,T,220830,055143,60.193478N,24.108536E,24,18.0,334
4428,T,220830,055144,60.193516N,24.108494E,24,20.1,336
4429,T,220830,055145,60.193565N,24.108442E,23,23.1,336
4430,T,220830,055146,60.193619N,24.108383E,23,26.4,336
4431,T,220830,055147,60.193680N,24.108311E,22,29.6,335
4432,T,220830,055148,60.193748N,24.108236E,21,33.5,335
4433,T,220830,055149,60.193825N,24.108156E,20,36.0,334
4434,T,220830,055150,60.193909N,24.108070E,19,37.3,333
4435,T,220830,055151,60.193993N,24.107979E,18,38.2,331
4436,T,220830,055152,60.194073N,24.107882E,17,38.6,328
4437,T,220830,055153,60.194149N,24.107777E,17,37.9,321
4438,T,220830,055154,60.194218N,24.107653E,17,36.8,315
4439,T,220830,055155,60.194279N,24.107517E,16,35.3,309
4440,T,220830,055156,60.194328N,24.107378E,16,34.0,303
4441,T,220830,055157,60.194366N,24.107237E,15,32.2,297
4442,T,220830,055158,60.194405N,24.107096E,15,30.5,291
4443,T,220830,055159,60.194431N,24.106964E,15,27.7,292
4444,T,220830,055200,60.194454N,24.106840E,15,25.0,291
4445,T,220830,055201,60.194473N,24.106726E,15,23.7,288
4446,T,220830,055202,60.194489N,24.106623E,16,22.0,286
4447,T,220830,055203,60.194500N,24.106524E,16,20.4,283
4448,T,220830,055204,60.194511N,24.106428E,16,18.9,282
4449,T,220830,055205,60.194519N,24.106344E,16,17.3,282
4450,T,220830,055206,60.194530N,24.106266E,16,15.7,282
4451,T,220830,055207,60.194538N,24.106195E,16,14.6,281
4452,T,220830,055208,60.194550N,24.106125E,16,14.7,281
4453,T,220830,055209,60.194553N,24.106056E,16,14.7,281
4454,T,220830,055210,60.194561N,24.105984E,17,14.6,281
4455,T,220830,055211,60.194569N,24.105913E,17,14.5,281
4456,T,220830,055212,60.194572N,24.105844E,17,14.4,280
4457,T,220830,055213,60.194580N,24.105774E,17,14.4,279
4458,T,220830,055214,60.194588N,24.105703E,17,14.4,280
4459,T,220830,055215,60.194595N,24.105635E,17,14.4,282
4460,T,220830,055216,60.194603N,24.105564E,17,14.5,283
4461,T,220830,055217,60.194611N,24.105492E,18,14.5,282
4462,T,220830,055218,60.194618N,24.105419E,18,14.6,281
4463,T,220830,055219,60.194626N,24.105350E,18,14.6,280
4464,T,220830,055220,60.194633N,24.105280E,18,14.2,280
4465,T,220830,055221,60.194641N,24.105211E,18,14.6,281
4466,T,220830,055222,60.194649N,24.105141E,19,14.4,282
4467,T,220830,055223,60.194656N,24.105072E,19,14.1,281
4468,T,220830,055224,60.194660N,24.105001E,19,14.1,281
4469,T,220830,055225,60.194672N,24.104931E,19,14.1,281
4470,T,220830,055226,60.194679N,24.104860E,19,14.1,281
4471,T,220830,055227,60.194683N,24.104792E,19,14.2,281
4472,T,220830,055228,60.194691N,24.104721E,20,14.2,282
4473,T,220830,055229,60.194698N,24.104652E,20,14.2,282
4474,T,220830,055230,60.194710N,24.104580E,20,14.3,281
4475,T,220830,055231,60.194714N,24.104506E,20,14.2,281
4476,T,220830,055232,60.194721N,24.104437E,21,13.9,280
4477,T,220830,055233,60.194725N,24.104364E,21,13.5,281
4478,T,220830,055234,60.194733N,24.104298E,21,13.5,281
4479,T,220830,055235,60.194740N,24.104233E,21,13.4,282
4480,T,220830,055236,60.194748N,24.104164E,22,13.4,281
4481,T,220830,055237,60.194752N,24.104097E,22,13.3,280
4482,T,220830,055238,60.194759N,24.104031E,22,13.4,279
4483,T,220830,055239,60.194767N,24.103964E,22,13.9,285
4484,T,220830,055240,60.194775N,24.103893E,23,14.7,284
4485,T,220830,055241,60.194782N,24.103819E,23,15.2,284
4486,T,220830,055242,60.194794N,24.103743E,23,15.8,284
4487,T,220830,055243,60.194805N,24.103664E,23,16.7,287
4488,T,220830,055244,60.194820N,24.103579E,23,18.0,288
4489,T,220830,055245,60.194836N,24.103491E,23,19.2,290
4490,T,220830,055246,60.194855N,24.103401E,23,19.5,292
4491,T,220830,055247,60.194878N,24.103313E,22,19.5,294
4492,T,220830,055248,60.194897N,24.103226E,22,19.5,295
4493,T,220830,055249,60.194923N,24.103146E,22,19.5,307
4494,T,220830,055250,60.194958N,24.103077E,22,19.7,316
4495,T,220830,055251,60.194992N,24.103012E,22,19.8,320
4496,T,220830,055252,60.195030N,24.102951E,22,19.9,323
4497,T,220830,055253,60.195072N,24.102896E,21,20.0,327
4498,T,220830,055254,60.195114N,24.102848E,21,20.0,331
4499,T,220830,055255,60.195160N,24.102806E,21,19.5,335
4500,T,220830,055256,60.195206N,24.102770E,21,19.0,337
4501,T,220830,055257,60.195248N,24.102737E,21,18.4,340
4502,T,220830,055258,60.195290N,24.102711E,21,17.5,341
4503,T,220830,055259,60.195328N,24.102684E,21,16.9,339
4504,T,220830,055300,60.195370N,24.102654E,21,16.5,338
4505,T,220830,055301,60.195404N,24.102627E,21,16.4,335
4506,T,220830,055302,60.195438N,24.102594E,21,16.1,333
4507,T,220830,055303,60.195480N,24.102556E,21,16.0,331
4508,T,220830,055304,60.195511N,24.102516E,22,15.7,330
4509,T,220830,055305,60.195545N,24.102480E,22,15.2,329
4510,T,220830,055306,60.195576N,24.102442E,22,14.7,327
4511,T,220830,055307,60.195599N,24.102406E,22,13.9,326
4512,T,220830,055308,60.195629N,24.102367E,22,13.3,324
4513,T,220830,055309,60.195652N,24.102333E,22,12.8,323
4514,T,220830,055310,60.195679N,24.102297E,23,12.7,324
4515,T,220830,055311,60.195709N,24.102257E,23,12.7,323
4516,T,220830,055312,60.195732N,24.102219E,23,12.6,324
4517,T,220830,055313,60.195755N,24.102180E,23,12.5,323
4518,T,220830,055314,60.195782N,24.102139E,24,12.1,322
4519,T,220830,055315,60.195805N,24.102098E,24,12.1,321
4520,T,220830,055316,60.195824N,24.102060E,24,11.4,321
4521,T,220830,055317,60.195847N,24.102020E,25,11.5,320
4522,T,220830,055318,60.195873N,24.101984E,25,11.4,319
4523,T,220830,055319,60.195889N,24.101942E,25,11.0,318
4524,T,220830,055320,60.195911N,24.101904E,25,10.6,317
4525,T,220830,055321,60.195927N,24.101866E,26,10.9,316
4526,T,220830,055322,60.195953N,24.101828E,26,10.9,316
4527,T,220830,055323,60.195972N,24.101788E,26,11.0,317
4528,T,220830,055324,60.195992N,24.101749E,26,11.0,317
4529,T,220830,055325,60.196011N,24.101709E,26,11.3,315
4530,T,220830,055326,60.196033N,24.101667E,26,11.7,315
4531,T,220830,055327,60.196053N,24.101624E,27,12.0,315
4532,T,220830,055328,60.196075N,24.101582E,27,12.3,315
4533,T,220830,055329,60.196095N,24.101536E,27,12.6,315
4534,T,220830,055330,60.196121N,24.101494E,27,12.7,316
4535,T,220830,055331,60.196144N,24.101448E,27,12.7,316
4536,T,220830,055332,60.196167N,24.101406E,27,12.7,316
4537,T,220830,055333,60.196194N,24.101362E,28,12.7,317
4538,T,220830,055334,60.196217N,24.101318E,28,12.8,317
4539,T,220830,055335,60.196239N,24.101276E,28,12.7,317
4540,T,220830,055336,60.196259N,24.101233E,28,12.7,319
4541,T,220830,055337,60.196289N,24.101192E,28,12.4,319
4542,T,220830,055338,60.196312N,24.101152E,28,12.3,319
4543,T,220830,055339,60.196331N,24.101110E,28,12.3,319
4544,T,220830,055340,60.196358N,24.101068E,29,12.2,318
4545,T,220830,055341,60.196381N,24.101027E,29,12.2,317
4546,T,220830,055342,60.196400N,24.100985E,29,12.2,318
4547,T,220830,055343,60.196423N,24.100945E,29,12.2,319
4548,T,220830,055344,60.196449N,24.100906E,29,12.3,319
4549,T,220830,055345,60.196476N,24.100868E,29,12.3,320
4550,T,220830,055346,60.196499N,24.100828E,30,12.4,321
4551,T,220830,055347,60.196526N,24.100788E,30,12.4,320
4552,T,220830,055348,60.196552N,24.100748E,30,12.5,321
4553,T,220830,055349,60.196575N,24.100708E,30,12.6,322
4554,T,220830,055350,60.196602N,24.100670E,31,12.7,322
4555,T,220830,055351,60.196629N,24.100630E,31,13.0,322
4556,T,220830,055352,60.196655N,24.100590E,31,13.0,322
4557,T,220830,055353,60.196678N,24.100548E,31,13.1,321
4558,T,220830,055354,60.196709N,24.100506E,31,13.1,322
4559,T,220830,055355,60.196732N,24.100468E,31,12.6,323
4560,T,220830,055356,60.196758N,24.100435E,32,12.5,325
4561,T,220830,055357,60.196789N,24.100401E,32,13.0,327
4562,T,220830,055358,60.196812N,24.100365E,32,12.6,328
4563,T,220830,055359,60.196838N,24.100336E,32,12.2,328
4564,T,220830,055400,60.196869N,24.100300E,33,12.3,328
4565,T,220830,055401,60.196892N,24.100266E,33,12.8,329
4566,T,220830,055402,60.196918N,24.100237E,33,12.9,331
4567,T,220830,055403,60.196953N,24.100204E,33,13.5,331
4568,T,220830,055404,60.196980N,24.100170E,34,13.8,330
4569,T,220830,055405,60.197006N,24.100136E,34,13.5,328
4570,T,220830,055406,60.197037N,24.100103E,34,13.8,331
4571,T,220830,055407,60.197060N,24.100075E,35,13.2,330
4572,T,220830,055408,60.197086N,24.100044E,35,13.8,332
4573,T,220830,055409,60.197121N,24.100018E,35,13.3,334
4574,T,220830,055410,60.197151N,24.099989E,35,14.2,335
4575,T,220830,055411,60.197186N,24.099962E,35,13.7,334
4576,T,220830,055412,60.197216N,24.099936E,35,14.3,337
4577,T,220830,055413,60.197247N,24.099915E,35,13.8,338
4578,T,220830,055414,60.197281N,24.099888E,35,14.3,338
4579,T,220830,055415,60.197311N,24.099867E,35,14.6,341
4580,T,220830,055416,60.197350N,24.099852E,36,13.9,343
4581,T,220830,055417,60.197380N,24.099848E,35,14.5,354
4582,T,220830,055418,60.197414N,24.099840E,36,14.5,353
4583,T,220830,055419,60.197453N,24.099834E,36,14.6,353
4584,T,220830,055420,60.197487N,24.099827E,36,14.7,353
4585,T,220830,055421,60.197529N,24.099817E,36,14.8,354
4586,T,220830,055422,60.197563N,24.099815E,36,14.8,355
4587,T,220830,055423,60.197605N,24.099810E,37,14.9,355
4588,T,220830,055424,60.197639N,24.099810E,37,14.9,356
4589,T,220830,055425,60.197678N,24.099812E,37,14.5,358
4590,T,220830,055426,60.197712N,24.099815E,37,14.2,1
4591,T,220830,055427,60.197742N,24.099817E,37,13.7,1
4592,T,220830,055428,60.197781N,24.099817E,38,13.2,358
4593,T,220830,055429,60.197807N,24.099819E,38,13.1,358
4594,T,220830,055430,60.197842N,24.099819E,38,13.2,359
4595,T,220830,055431,60.197876N,24.099821E,38,13.1,359
4596,T,220830,055432,60.197906N,24.099827E,38,13.2,2
4597,T,220830,055433,60.197941N,24.099831E,39,13.1,2
4598,T,220830,055434,60.197968N,24.099842E,39,13.1,2
4599,T,220830,055435,60.198002N,24.099846E,39,12.5,2
4600,T,220830,055436,60.198032N,24.099850E,40,12.8,2
4601,T,220830,055437,60.198067N,24.099855E,40,13.5,2
4602,T,220830,055438,60.198101N,24.099857E,41,13.1,3
4603,T,220830,055439,60.198135N,24.099867E,41,12.7,3
4604,T,220830,055440,60.198170N,24.099871E,42,12.6,2
4605,T,220830,055441,60.198200N,24.099874E,42,11.7,5
4606,T,220830,055442,60.198227N,24.099882E,43,11.4,5
4607,T,220830,055443,60.198261N,24.099888E,43,12.6,4
4608,T,220830,055444,60.198292N,24.099895E,44,13.0,2
4609,T,220830,055445,60.198326N,24.099897E,44,13.2,3
4610,T,220830,055446,60.198360N,24.099901E,45,13.0,3
4611,T,220830,055447,60.198395N,24.099903E,45,12.3,4
4612,T,220830,055448,60.198429N,24.099903E,45,12.1,4
4613,T,220830,055449,60.198460N,24.099903E,46,11.5,3
4614,T,220830,055450,60.198498N,24.099903E,47,11.5,2
4615,T,220830,055451,60.198528N,24.099909E,47,12.8,2
4616,T,220830,055452,60.198559N,24.099916E,48,12.4,3
4617,T,220830,055453,60.198597N,24.099920E,48,11.8,4
4618,T,220830,055454,60.198627N,24.099924E,49,11.7,4
4619,T,220830,055455,60.198654N,24.099928E,50,10.8,5
4620,T,220830,055456,60.198685N,24.099934E,50,10.8,5
4621,T,220830,055457,60.198715N,24.099939E,50,11.7,6
4622,T,220830,055458,60.198753N,24.099945E,50,11.6,7
4623,T,220830,055459,60.198780N,24.099957E,51,10.8,8
4624,T,220830,055500,60.198807N,24.099964E,51,10.7,7
4625,T,220830,055501,60.198837N,24.099974E,51,9.6,8
4626,T,220830,055502,60.198860N,24.099981E,52,9.0,8
4627,T,220830,055503,60.198883N,24.099983E,53,9.7,3
4628,T,220830,055504,60.198914N,24.099983E,53,8.3,359
4629,T,220830,055505,60.198944N,24.099983E,54,9.8,359
4630,T,220830,055506,60.198975N,24.099979E,54,9.0,354
4631,T,220830,055507,60.199009N,24.099977E,55,8.4,356
4632,T,220830,055508,60.199032N,24.099979E,56,8.7,357
4633,T,220830,055509,60.199074N,24.099972E,56,9.5,357
4634,T,220830,055510,60.199097N,24.099960E,55,9.6,350
4635,T,220830,055511,60.199123N,24.099957E,56,10.7,353
4636,T,220830,055512,60.199146N,24.099957E,56,8.4,355
4637,T,220830,055513,60.199177N,24.099953E,56,8.9,353
4638,T,220830,055514,60.199200N,24.099943E,56,9.0,353
4639,T,220830,055515,60.199223N,24.099936E,57,8.1,347
4640,T,220830,055516,60.199257N,24.099924E,58,8.1,343
4641,T,220830,055517,60.199280N,24.099913E,58,8.7,344
4642,T,220830,055518,60.199303N,24.099897E,58,10.0,344
4643,T,220830,055519,60.199333N,24.099882E,58,10.1,340
4644,T,220830,055520,60.199368N,24.099863E,58,10.9,343
4645,T,220830,055521,60.199406N,24.099846E,58,10.9,342
4646,T,220830,055522,60.199440N,24.099825E,57,12.9,340
4647,T,220830,055523,60.199471N,24.099802E,57,13.0,341
4648,T,220830,055524,60.199512N,24.099777E,57,13.1,341
4649,T,220830,055525,60.199543N,24.099758E,57,12.7,339
4650,T,220830,055526,60.199585N,24.099724E,56,15.6,338
4651,T,220830,055527,60.199638N,24.099678E,55,17.5,337
4652,T,220830,055528,60.199688N,24.099632E,54,20.3,336
4653,T,220830,055529,60.199749N,24.099585E,52,22.7,336
4654,T,220830,055530,60.199802N,24.099537E,51,21.3,335
4655,T,220830,055531,60.199860N,24.099483E,50,22.5,335
4656,T,220830,055532,60.199913N,24.099447E,49,21.3,336
4657,T,220830,055533,60.199966N,24.099409E,49,21.9,336
4658,T,220830,055534,60.200020N,24.099365E,48,21.0,335
4659,T,220830,055535,60.200069N,24.099323E,48,18.4,334
4660,T,220830,055536,60.200146N,24.099298E,47,18.7,334
4661,T,220830,055537,60.200195N,24.099258E,46,17.5,334
4662,T,220830,055538,60.200237N,24.099222E,45,16.0,334
4663,T,220830,055539,60.200272N,24.099188E,44,14.0,336
4664,T,220830,055540,60.200302N,24.099161E,44,14.4,337
4665,T,220830,055541,60.200340N,24.099133E,43,15.1,338
4666,T,220830,055542,60.200375N,24.099098E,43,14.4,337
4667,T,220830,055543,60.200409N,24.099066E,42,13.7,336
4668,T,220830,055544,60.200436N,24.099045E,42,12.4,343
4669,T,220830,055545,60.200466N,24.099022E,42,11.9,342
4670,T,220830,055546,60.200504N,24.098997E,42,13.3,342
4671,T,220830,055547,60.200531N,24.098969E,41,14.2,341
4672,T,220830,055548,60.200565N,24.098936E,41,15.2,340
4673,T,220830,055549,60.200600N,24.098904E,40,16.5,337
4674,T,220830,055550,60.200638N,24.098866E,39,17.3,336
4675,T,220830,055551,60.200676N,24.098829E,39,18.3,335
4676,T,220830,055552,60.200722N,24.098789E,38,19.4,334
4677,T,220830,055553,60.200764N,24.098745E,38,20.4,334
4678,T,220830,055554,60.200809N,24.098701E,37,21.4,334
4679,T,220830,055555,60.200859N,24.098656E,37,22.4,334
4680,T,220830,055556,60.200912N,24.098608E,36,23.2,335
4681,T,220830,055557,60.200970N,24.098560E,36,23.3,335
4682,T,220830,055558,60.201019N,24.098513E,35,23.4,336
4683,T,220830,055559,60.201077N,24.098463E,35,23.5,337
4684,T,220830,055600,60.201126N,24.098417E,34,23.6,337
4685,T,220830,055601,60.201187N,24.098373E,34,24.1,338
4686,T,220830,055602,60.201248N,24.098331E,34,24.8,339
4687,T,220830,055603,60.201309N,24.098291E,33,25.5,340
4688,T,220830,055604,60.201366N,24.098251E,32,26.3,342
4689,T,220830,055605,60.201431N,24.098215E,32,27.1,343
4690,T,220830,055606,60.201500N,24.098179E,31,27.8,344
4691,T,220830,055607,60.201576N,24.098143E,31,27.9,345
4692,T,220830,055608,60.201645N,24.098104E,30,28.0,345
4693,T,220830,055609,60.201714N,24.098068E,30,28.1,345
4694,T,220830,055610,60.201778N,24.098028E,30,28.2,344
4695,T,220830,055611,60.201851N,24.097988E,29,28.8,344
4696,T,220830,055612,60.201923N,24.097952E,28,29.4,344
4697,T,220830,055613,60.201996N,24.097916E,28,30.4,345
4698,T,220830,055614,60.202072N,24.097883E,27,31.5,346
4699,T,220830,055615,60.202152N,24.097851E,26,32.6,347
4700,T,220830,055616,60.202236N,24.097815E,25,33.3,347
4701,T,220830,055617,60.202316N,24.097776E,25,33.7,347
4702,T,220830,055618,60.202400N,24.097736E,24,33.7,347
4703,T,220830,055619,60.202480N,24.097698E,24,33.4,347
4704,T,220830,055620,60.202560N,24.097662E,23,32.6,347
4705,T,220830,055621,60.202641N,24.097628E,23,31.7,347
4706,T,220830,055622,60.202717N,24.097591E,23,30.7,347
4707,T,220830,055623,60.202793N,24.097555E,23,29.6,346
4708,T,220830,055624,60.202862N,24.097525E,23,28.4,346
4709,T,220830,055625,60.202927N,24.097492E,23,27.0,346
4710,T,220830,055626,60.202991N,24.097460E,23,25.6,346
4711,T,220830,055627,60.203053N,24.097427E,23,24.0,345
4712,T,220830,055628,60.203110N,24.097397E,23,22.8,344
4713,T,220830,055629,60.203159N,24.097364E,23,22.2,343
4714,T,220830,055630,60.203213N,24.097328E,23,21.2,341
4715,T,220830,055631,60.203259N,24.097294E,24,20.0,340
4716,T,220830,055632,60.203304N,24.097260E,24,18.6,340
4717,T,220830,055633,60.203342N,24.097227E,24,17.7,339
4718,T,220830,055634,60.203384N,24.097197E,24,16.5,337
4719,T,220830,055635,60.203419N,24.097158E,25,15.7,336
4720,T,220830,055636,60.203453N,24.097124E,25,15.0,334
4721,T,220830,055637,60.203484N,24.097090E,26,14.5,334
4722,T,220830,055638,60.203514N,24.097057E,26,13.9,333
4723,T,220830,055639,60.203545N,24.097021E,26,13.6,332
4724,T,220830,055640,60.203571N,24.096987E,27,13.5,331
4725,T,220830,055641,60.203602N,24.096954E,27,13.0,331
4726,T,220830,055642,60.203629N,24.096922E,28,12.7,331
4727,T,220830,055643,60.203655N,24.096889E,28,12.1,331
4728,T,220830,055644,60.203686N,24.096863E,28,11.8,331
4729,T,220830,055645,60.203709N,24.096836E,28,11.8,333
4730,T,220830,055646,60.203735N,24.096811E,28,12.1,335
4731,T,220830,055647,60.203766N,24.096790E,29,12.5,336
4732,T,220830,055648,60.203796N,24.096769E,29,12.9,337
4733,T,220830,055649,60.203827N,24.096756E,29,13.3,339
4734,T,220830,055650,60.203861N,24.096748E,29,13.5,340
4735,T,220830,055651,60.203896N,24.096745E,29,14.2,341
4736,T,220830,055652,60.203930N,24.096745E,29,14.8,343
4737,T,220830,055653,60.203968N,24.096746E,29,15.4,2
4738,T,220830,055654,60.204006N,24.096756E,28,15.9,8
4739,T,220830,055655,60.204048N,24.096771E,28,16.7,14
4740,T,220830,055656,60.204086N,24.096796E,28,17.7,16
4741,T,220830,055657,60.204132N,24.096825E,27,18.3,19
4742,T,220830,055658,60.204178N,24.096863E,27,18.8,23
4743,T,220830,055659,60.204220N,24.096905E,27,19.4,25
4744,T,220830,055700,60.204266N,24.096947E,27,19.5,25
4745,T,220830,055701,60.204311N,24.096992E,27,19.5,25
4746,T,220830,055702,60.204353N,24.097036E,27,19.5,25
4747,T,220830,055703,60.204395N,24.097078E,27,19.2,24
4748,T,220830,055704,60.204441N,24.097122E,27,18.8,24
4749,T,220830,055705,60.204483N,24.097164E,27,18.8,24
4750,T,220830,055706,60.204525N,24.097204E,27,18.4,24
4751,T,220830,055707,60.204567N,24.097244E,27,18.4,24
4752,T,220830,055708,60.204609N,24.097284E,27,18.5,24
4753,T,220830,055709,60.204655N,24.097330E,27,18.4,25
4754,T,220830,055710,60.204700N,24.097383E,27,18.5,26
4755,T,220830,055711,60.204742N,24.097443E,26,19.1,29
4756,T,220830,055712,60.204784N,24.097498E,26,19.7,31
4757,T,220830,055713,60.204823N,24.097557E,26,19.8,34
4758,T,220830,055714,60.204865N,24.097620E,26,20.3,36
4759,T,220830,055715,60.204899N,24.097677E,26,20.9,36
4760,T,220830,055716,60.204948N,24.097736E,26,21.5,36
4761,T,220830,055717,60.204990N,24.097788E,25,21.5,36
4762,T,220830,055718,60.205036N,24.097837E,25,21.3,35
4763,T,220830,055719,60.205086N,24.097883E,25,20.5,34
4764,T,220830,055720,60.205128N,24.097935E,25,19.8,33
4765,T,220830,055721,60.205173N,24.097982E,25,19.7,30
4766,T,220830,055722,60.205212N,24.098026E,25,19.5,29
4767,T,220830,055723,60.205257N,24.098072E,25,19.5,27
4768,T,220830,055724,60.205299N,24.098116E,25,19.4,26
4769,T,220830,055725,60.205345N,24.098160E,25,19.4,26
4770,T,220830,055726,60.205387N,24.098204E,25,19.3,25
4771,T,220830,055727,60.205433N,24.098248E,25,19.2,26
4772,T,220830,055728,60.205475N,24.098291E,25,19.1,26
4773,T,220830,055729,60.205521N,24.098335E,25,18.8,26
4774,T,220830,055730,60.205559N,24.098383E,25,18.9,27
4775,T,220830,055731,60.205601N,24.098425E,25,18.5,27
4776,T,220830,055732,60.205639N,24.098463E,25,18.2,27
4777,T,220830,055733,60.205681N,24.098503E,25,17.7,27
4778,T,220830,055734,60.205719N,24.098543E,25,16.9,26
4779,T,220830,055735,60.205757N,24.098579E,25,16.2,27
4780,T,220830,055736,60.205791N,24.098616E,26,15.8,26
4781,T,220830,055737,60.205830N,24.098650E,26,15.4,26
4782,T,220830,055738,60.205860N,24.098684E,26,15.2,26
4783,T,220830,055739,60.205891N,24.098721E,26,14.8,27
4784,T,220830,055740,60.205921N,24.098751E,26,14.3,26
4785,T,220830,055741,60.205956N,24.098785E,26,14.3,26
4786,T,220830,055742,60.205990N,24.098820E,26,14.2,27
4787,T,220830,055743,60.206020N,24.098854E,26,14.4,27
4788,T,220830,055744,60.206047N,24.098885E,26,14.9,27
4789,T,220830,055745,60.206085N,24.098915E,26,15.4,27
4790,T,220830,055746,60.206120N,24.098949E,26,16.3,26
4791,T,220830,055747,60.206158N,24.098988E,25,17.2,26
4792,T,220830,055748,60.206196N,24.099028E,25,18.2,26
4793,T,220830,055749,60.206238N,24.099068E,25,18.9,25
4794,T,220830,055750,60.206280N,24.099108E,25,19.6,25
4795,T,220830,055751,60.206329N,24.099150E,25,20.5,24
4796,T,220830,055752,60.206371N,24.099194E,24,21.0,24
4797,T,220830,055753,60.206421N,24.099237E,24,21.8,24
4798,T,220830,055754,60.206470N,24.099283E,24,22.4,24
4799,T,220830,055755,60.206524N,24.099333E,23,23.4,24
4800,T,220830,055756,60.206581N,24.099379E,23,24.4,23
4801,T,220830,055757,60.206638N,24.099424E,22,25.2,22
4802,T,220830,055758,60.206699N,24.099472E,22,26.1,21
4803,T,220830,055759,60.206764N,24.099516E,21,26.7,19
4804,T,220830,055800,60.206829N,24.099556E,21,26.7,18
4805,T,220830,055801,60.206890N,24.099598E,20,26.8,17
4806,T,220830,055802,60.206951N,24.099642E,20,26.7,17
4807,T,220830,055803,60.207016N,24.099680E,19,26.2,17
4808,T,220830,055804,60.207081N,24.099716E,19,25.5,16
4809,T,220830,055805,60.207142N,24.099749E,19,24.8,15
4810,T,220830,055806,60.207195N,24.099779E,19,24.0,15
4811,T,220830,055807,60.207253N,24.099812E,19,23.5,15
4812,T,220830,055808,60.207314N,24.099842E,18,22.9,14
4813,T,220830,055809,60.207363N,24.099871E,18,22.2,14
4814,T,220830,055810,60.207417N,24.099895E,18,21.4,14
4815,T,220830,055811,60.207466N,24.099924E,18,20.7,15
4816,T,220830,055812,60.207520N,24.099949E,18,20.1,15
4817,T,220830,055813,60.207569N,24.099974E,18,19.7,14
4818,T,220830,055814,60.207615N,24.099997E,18,19.9,14
4819,T,220830,055815,60.207664N,24.100021E,18,20.0,14
4820,T,220830,055816,60.207718N,24.100052E,18,20.4,14
4821,T,220830,055817,60.207767N,24.100082E,18,20.5,15
4822,T,220830,055818,60.207817N,24.100107E,18,20.1,15
4823,T,220830,055819,60.207859N,24.100132E,18,15.5,15
4824,T,220830,055820,60.207893N,24.100149E,18,9.7,15
4825,T,220830,055821,60.207912N,24.100145E,18,6.5,336
4826,T,220830,055822,60.207912N,24.100124E,18,6.4,328
4827,T,220830,055823,60.207901N,24.100103E,18,7.0,186
4828,T,220830,055824,60.207874N,24.100105E,18,7.6,183
4829,T,220830,055825,60.207855N,24.100122E,17,7.5,180
4830,T,220830,055826,60.207840N,24.100143E,18,7.6,176
4831,T,220830,055827,60.207825N,24.100170E,17,7.2,171
4832,T,220830,055828,60.207813N,24.100187E,17,5.1,171
4833,T,220830,055829,60.207802N,24.100191E,17,0.0,171
4834,T,220830,055830,60.207806N,24.100197E,17,0.0,171
4835,T,220830,055831,60.207809N,24.100203E,17,0.0,171
4836,T,220830,055832,60.207809N,24.100204E,17,0.0,171
4837,T,220830,055833,60.207809N,24.100204E,17,0.0,171
4838,T,220830,055834,60.207809N,24.100204E,17,0.0,171
4839,T,220830,055835,60.207809N,24.100204E,17,0.0,171
4840,T,220830,055836,60.207809N,24.100204E,17,0.0,171
4841,T,220830,055837,60.207809N,24.100204E,17,0.0,171
4842,T,220830,055838,60.207809N,24.100204E,17,0.0,171
4843,T,220830,055839,60.207809N,24.100204E,17,0.0,171
4844,T,220830,055840,60.207809N,24.100204E,17,0.0,171
4845,T,220830,055841,60.207809N,24.100204E,17,0.0,171
4846,T,220830,055842,60.207809N,24.100204E,17,0.0,171
4847,T,220830,055843,60.207809N,24.100204E,17,0.0,171
4848,T,220830,055844,60.207809N,24.100204E,17,0.0,171
4849,T,220830,055845,60.207809N,24.100204E,17,0.0,171
4850,T,220830,055846,60.207809N,24.100204E,17,0.0,171
4851,T,220830,055847,60.207809N,24.100204E,17,0.0,171
4852,T,220830,055848,60.207809N,24.100204E,17,0.0,171
4853,T,220830,055849,60.207809N,24.100204E,17,0.0,171
4854,T,220830,055850,60.207809N,24.100204E,17,0.0,171
4855,T,220830,055851,60.207809N,24.100204E,17,0.0,171
4856,T,220830,055852,60.207809N,24.100204E,17,0.0,171
4857,T,220830,055853,60.207809N,24.100204E,17,0.0,171
4858,T,220830,055854,60.207809N,24.100204E,17,0.0,171
4859,T,220830,055855,60.207809N,24.100204E,17,0.0,171
4860,T,220830,055856,60.207809N,24.100204E,17,0.0,171
4861,T,220830,055857,60.207809N,24.100204E,17,0.0,171
4862,T,220830,055858,60.207809N,24.100204E,17,0.0,171
4863,T,220830,055859,60.207809N,24.100204E,17,0.0,171
4864,T,220830,055900,60.207809N,24.100204E,17,0.0,171
4865,T,220830,055901,60.207809N,24.100204E,17,0.0,171
4866,T,220830,055902,60.207809N,24.100204E,17,0.0,171
4867,T,220830,055903,60.207809N,24.100204E,17,0.0,171
4868,T,220830,055904,60.207809N,24.100204E,17,0.0,171
4869,T,220830,055905,60.207809N,24.100204E,17,0.0,171
4870,T,220830,055906,60.207809N,24.100204E,17,0.0,171
4871,T,220830,055907,60.207809N,24.100204E,17,0.0,171
4872,T,220830,055908,60.207809N,24.100204E,17,0.0,171
4873,T,220830,055909,60.207809N,24.100204E,17,0.0,171
4874,T,220830,055910,60.207809N,24.100204E,17,0.0,171
4875,T,220830,055911,60.207809N,24.100204E,17,0.0,171
4876,T,220830,055912,60.207809N,24.100204E,17,0.0,171
4877,T,220830,055913,60.207809N,24.100204E,17,0.0,171
4878,T,220830,055914,60.207809N,24.100204E,17,0.0,171
4879,T,220830,055915,60.207809N,24.100204E,17,0.0,171
4880,T,220830,055916,60.207809N,24.100204E,17,0.0,171
4881,T,220830,055917,60.207809N,24.100204E,17,0.0,171
4882,T,220830,055918,60.207809N,24.100204E,17,0.0,171
4883,T,220830,055919,60.207809N,24.100204E,17,0.0,171
4884,T,220830,055920,60.207809N,24.100204E,17,0.0,171
4885,T,220830,055921,60.207809N,24.100204E,17,0.0,171
4886,T,220830,055922,60.207809N,24.100204E,17,0.0,171
4887,T,220830,055923,60.207809N,24.100204E,17,0.0,171
4888,T,220830,055924,60.207809N,24.100204E,17,0.0,171
4889,T,220830,055925,60.207809N,24.100204E,17,0.0,171
4890,T,220830,055926,60.207809N,24.100204E,17,0.0,171
4891,T,220830,055927,60.207809N,24.100204E,17,0.0,171
4892,T,220830,055928,60.207809N,24.100204E,17,0.0,171
4893,T,220830,055929,60.207809N,24.100204E,17,0.0,171
4894,T,220830,055930,60.207809N,24.100204E,17,0.0,171
4895,T,220830,055931,60.207809N,24.100204E,17,0.0,171
4896,T,220830,055932,60.207809N,24.100204E,17,0.0,171
4897,T,220830,055933,60.207809N,24.100204E,17,0.0,171
4898,T,220830,055934,60.207809N,24.100204E,17,0.0,171
4899,T,220830,055935,60.207809N,24.100204E,17,0.0,171
4900,T,220830,055936,60.207809N,24.100204E,17,0.0,171
4901,T,220830,055937,60.207809N,24.100204E,17,0.0,171
4902,T,220830,055938,60.207809N,24.100204E,17,0.0,171
4903,T,220830,055939,60.207809N,24.100204E,17,0.0,171
4904,T,220830,055940,60.207809N,24.100204E,17,0.0,171
4905,T,220830,055941,60.207809N,24.100204E,17,0.0,171
4906,T,220830,055942,60.207809N,24.100204E,17,0.0,171
4907,T,220830,055943,60.207809N,24.100204E,17,0.0,171
4908,T,220830,055944,60.207809N,24.100204E,17,0.0,171
4909,T,220830,055945,60.207809N,24.100204E,17,0.0,171
4910,T,220830,055946,60.207809N,24.100204E,17,0.0,171
4911,T,220830,055947,60.207809N,24.100204E,17,0.0,171
4912,T,220830,055948,60.207809N,24.100204E,17,0.0,171
4913,T,220830,055949,60.207809N,24.100204E,17,0.0,171
4914,T,220830,055950,60.207809N,24.100204E,17,0.0,171
4915,T,220830,055951,60.207809N,24.100204E,17,0.0,171
4916,T,220830,055952,60.207809N,24.100204E,17,0.0,171
4917,T,220830,055953,60.207809N,24.100204E,17,0.0,171
4918,T,220830,055954,60.207809N,24.100204E,17,0.0,171
4919,T,220830,055955,60.207809N,24.100204E,17,0.0,171
4920,T,220830,055956,60.207809N,24.100204E,17,0.0,171
4921,T,220830,055957,60.207809N,24.100204E,17,0.0,171
4922,T,220830,055958,60.207809N,24.100204E,17,0.0,171
4923,T,220830,055959,60.207809N,24.100204E,17,0.0,171
4924,T,220830,060000,60.207809N,24.100204E,17,0.0,171
4925,T,220830,060001,60.207809N,24.100204E,17,0.0,171
4926,T,220830,060002,60.207809N,24.100204E,17,0.0,171
4927,T,220830,060003,60.207809N,24.100204E,17,0.0,171
4928,T,220830,060004,60.207809N,24.100204E,17,0.0,171
4929,T,220830,060005,60.207809N,24.100204E,17,0.0,171
4930,T,220830,060006,60.207809N,24.100204E,17,0.0,171
4931,T,220830,060007,60.207809N,24.100204E,17,0.0,171
4932,T,220830,060008,60.207809N,24.100204E,17,0.0,171
4933,T,220830,060009,60.207809N,24.100204E,17,0.0,171
4934,T,220830,060010,60.207809N,24.100204E,17,0.0,171
4935,T,220830,060011,60.207809N,24.100204E,17,0.0,171
4936,T,220830,060012,60.207809N,24.100204E,17,0.0,171
4937,T,220830,060013,60.207809N,24.100204E,17,0.0,171
4938,T,220830,060014,60.207809N,24.100204E,17,0.0,171
4939,T,220830,060015,60.207809N,24.100204E,17,0.0,171
4940,T,220830,060016,60.207809N,24.100204E,17,0.0,171
4941,T,220830,060017,60.207809N,24.100204E,17,0.0,171
4942,T,220830,060018,60.207809N,24.100204E,17,0.0,171
4943,T,220830,060019,60.207809N,24.100204E,17,0.0,171
4944,T,220830,060020,60.207809N,24.100204E,17,0.0,171
4945,T,220830,060021,60.207809N,24.100204E,17,0.0,171
4946,T,220830,060022,60.207809N,24.100204E,17,0.0,171
4947,T,220830,060023,60.207809N,24.100204E,17,0.0,171
4948,T,220830,060024,60.207809N,24.100204E,17,0.0,171
4949,T,220830,060025,60.207809N,24.100204E,17,0.0,171
4950,T,220830,060026,60.207809N,24.100204E,17,0.0,171
4951,T,220830,060027,60.207809N,24.100204E,17,0.0,171
4952,T,220830,060028,60.207809N,24.100204E,17,0.0,171
4953,T,220830,060029,60.207809N,24.100204E,17,0.0,171
4954,T,220830,060030,60.207809N,24.100204E,17,0.0,171
4955,T,220830,060031,60.207809N,24.100204E,17,0.0,171
4956,T,220830,060032,60.207809N,24.100204E,17,0.0,171
4957,T,220830,060033,60.207809N,24.100204E,17,0.0,171
4958,T,220830,060034,60.207809N,24.100204E,17,0.0,171
4959,T,220830,060035,60.207809N,24.100204E,17,0.0,171
4960,T,220830,060036,60.207809N,24.100204E,17,0.0,171
4961,T,220830,060037,60.207809N,24.100204E,17,0.0,171
4962,T,220830,060038,60.207809N,24.100204E,17,0.0,171
4963,T,220830,060039,60.207809N,24.100204E,17,0.0,171
4964,T,220830,060040,60.207809N,24.100204E,17,0.0,171
4965,T,220830,060041,60.207809N,24.100204E,17,0.0,171
4966,T,220830,060042,60.207809N,24.100204E,17,0.0,171
4967,T,220830,060043,60.207809N,24.100204E,17,0.0,171
4968,T,220830,060044,60.207809N,24.100204E,17,0.0,171
4969,T,220830,060045,60.207809N,24.100204E,17,0.0,171
4970,T,220830,060046,60.207809N,24.100204E,17,0.0,171
4971,T,220830,060047,60.207809N,24.100204E,17,0.0,171
4972,T,220830,060048,60.207809N,24.100204E,17,0.0,171
4973,T,220830,060049,60.207809N,24.100204E,17,0.0,171
4974,T,220830,060050,60.207809N,24.100204E,17,0.0,171
4975,T,220830,060051,60.207809N,24.100204E,17,0.0,171
4976,T,220830,060052,60.207809N,24.100204E,17,0.0,171
4977,T,220830,060053,60.207809N,24.100204E,17,0.0,171
4978,T,220830,060054,60.207809N,24.100204E,17,0.0,171
4979,T,220830,060055,60.207809N,24.100204E,17,0.0,171
4980,T,220830,060056,60.207809N,24.100204E,17,0.0,171
4981,T,220830,060057,60.207809N,24.100204E,17,0.0,171
4982,T,220830,060058,60.207809N,24.100204E,17,0.0,171
4983,T,220830,060059,60.207809N,24.100204E,17,0.0,171
4984,T,220830,060100,60.207809N,24.100204E,17,0.0,171
4985,T,220830,060101,60.207809N,24.100204E,17,0.0,171
4986,T,220830,060102,60.207809N,24.100204E,17,0.0,171
4987,T,220830,060103,60.207809N,24.100204E,17,0.0,171
4988,T,220830,060104,60.207809N,24.100204E,17,0.0,171
4989,T,220830,060105,60.207809N,24.100204E,17,0.0,171
4990,T,220830,060106,60.207809N,24.100204E,17,0.0,171
4991,T,220830,060107,60.207809N,24.100204E,17,0.0,171
4992,T,220830,060108,60.207809N,24.100204E,17,0.0,171
4993,T,220830,060109,60.207809N,24.100206E,17,0.0,171
4994,T,220830,060110,60.207809N,24.100206E,17,0.0,171
4995,T,220830,060111,60.207809N,24.100206E,17,0.0,171
4996,T,220830,060112,60.207809N,24.100206E,17,0.0,171
4997,T,220830,060113,60.207809N,24.100206E,17,0.0,171
4998,T,220830,060114,60.207809N,24.100206E,17,0.0,171
4999,T,220830,060115,60.207809N,24.100206E,17,0.0,171
5000,T,220830,060116,60.207809N,24.100206E,17,0.0,171
5001,T,220830,060117,60.207809N,24.100206E,17,0.0,171
5002,T,220830,060118,60.207809N,24.100206E,17,0.0,171
5003,T,220830,060119,60.207809N,24.100206E,17,0.0,171
5004,T,220830,060120,60.207809N,24.100206E,17,0.0,171
5005,T,220830,060121,60.207809N,24.100206E,17,0.0,171
5006,T,220830,060122,60.207809N,24.100206E,17,0.0,171
5007,T,220830,060123,60.207809N,24.100206E,17,0.0,171
5008,T,220830,060124,60.207809N,24.100206E,17,0.0,171
5009,T,220830,060125,60.207809N,24.100206E,17,0.0,171
5010,T,220830,060126,60.207809N,24.100206E,17,0.0,171
5011,T,220830,060127,60.207809N,24.100206E,17,0.0,171
5012,T,220830,060128,60.207809N,24.100206E,17,0.0,171
5013,T,220830,060129,60.207809N,24.100206E,17,0.0,171
5014,T,220830,060130,60.207809N,24.100204E,17,0.0,171
5015,T,220830,060131,60.207813N,24.100199E,17,0.0,171
5016,T,220830,060132,60.207817N,24.100183E,17,0.0,171
5017,T,220830,060133,60.207821N,24.100178E,17,0.0,171
5018,T,220830,060134,60.207829N,24.100174E,17,0.0,171
5019,T,220830,060135,60.207840N,24.100163E,17,0.0,171
5020,T,220830,060136,60.207855N,24.100164E,18,0.0,171
5021,T,220830,060137,60.207874N,24.100176E,17,9.6,16
5022,T,220830,060138,60.207901N,24.100189E,18,12.4,16
5023,T,220830,060139,60.207935N,24.100204E,18,14.3,14
5024,T,220830,060140,60.207973N,24.100224E,18,15.6,16
5025,T,220830,060141,60.208012N,24.100245E,18,16.6,15
5026,T,220830,060142,60.208054N,24.100264E,18,17.0,14
5027,T,220830,060143,60.208096N,24.100285E,18,17.1,14
5028,T,220830,060144,60.208141N,24.100307E,18,17.1,15
5029,T,220830,060145,60.208179N,24.100330E,18,17.2,15
5030,T,220830,060146,60.208225N,24.100349E,18,17.2,14
5031,T,220830,060147,60.208263N,24.100370E,18,17.1,14
5032,T,220830,060148,60.208309N,24.100391E,18,17.1,14
5033,T,220830,060149,60.208347N,24.100414E,18,16.8,14
5034,T,220830,060150,60.208393N,24.100433E,18,16.7,14
5035,T,220830,060151,60.208431N,24.100454E,19,16.3,14
5036,T,220830,060152,60.208473N,24.100475E,19,16.2,14
5037,T,220830,060153,60.208508N,24.100496E,19,15.7,14
5038,T,220830,060154,60.208546N,24.100515E,19,15.4,14
5039,T,220830,060155,60.208584N,24.100536E,19,15.4,15
5040,T,220830,060156,60.208618N,24.100555E,19,15.3,15
5041,T,220830,060157,60.208656N,24.100576E,19,14.8,15
5042,T,220830,060158,60.208694N,24.100594E,19,14.9,14
5043,T,220830,060159,60.208733N,24.100613E,20,14.9,14
5044,T,220830,060200,60.208767N,24.100632E,20,14.6,14
5045,T,220830,060201,60.208801N,24.100651E,20,14.7,13
5046,T,220830,060202,60.208836N,24.100666E,20,14.6,14
5047,T,220830,060203,60.208874N,24.100681E,20,14.6,13
5048,T,220830,060204,60.208908N,24.100698E,20,14.7,13
5049,T,220830,060205,60.208939N,24.100718E,20,15.1,14
5050,T,220830,060206,60.208981N,24.100740E,20,15.2,15
5051,T,220830,060207,60.209019N,24.100758E,20,15.8,14
5052,T,220830,060208,60.209057N,24.100777E,20,15.9,13
5053,T,220830,060209,60.209095N,24.100792E,20,16.0,12
5054,T,220830,060210,60.209141N,24.100809E,20,16.3,12
5055,T,220830,060211,60.209179N,24.100826E,20,16.4,12
5056,T,220830,060212,60.209221N,24.100843E,20,16.5,12
5057,T,220830,060213,60.209263N,24.100864E,20,16.5,12
5058,T,220830,060214,60.209305N,24.100883E,20,16.4,14
5059,T,220830,060215,60.209339N,24.100914E,20,16.5,25
5060,T,220830,060216,60.209377N,24.100960E,20,16.1,43
5061,T,220830,060217,60.209400N,24.101028E,21,16.1,71
5062,T,220830,060218,60.209412N,24.101109E,21,16.2,77
5063,T,220830,060219,60.209423N,24.101189E,21,16.0,76
5064,T,220830,060220,60.209435N,24.101267E,21,15.6,76
5065,T,220830,060221,60.209442N,24.101345E,22,16.0,76
5066,T,220830,060222,60.209454N,24.101425E,22,15.9,77
5067,T,220830,060223,60.209465N,24.101505E,22,16.0,76
5068,T,220830,060224,60.209473N,24.101583E,22,15.8,76
5069,T,220830,060225,60.209484N,24.101664E,22,15.9,76
5070,T,220830,060226,60.209492N,24.101744E,22,16.0,77
5071,T,220830,060227,60.209499N,24.101824E,22,16.5,77
5072,T,220830,060228,60.209511N,24.101908E,22,16.8,77
5073,T,220830,060229,60.209518N,24.101994E,23,17.1,76
5074,T,220830,060230,60.209534N,24.102077E,22,17.6,75
5075,T,220830,060231,60.209545N,24.102163E,23,17.6,75
5076,T,220830,060232,60.209553N,24.102257E,23,18.0,76
5077,T,220830,060233,60.209564N,24.102348E,23,18.6,76
5078,T,220830,060234,60.209572N,24.102442E,23,18.0,78
5079,T,220830,060235,60.209579N,24.102537E,23,18.4,79
5080,T,220830,060236,60.209583N,24.102633E,23,18.4,79
5081,T,220830,060237,60.209583N,24.102724E,23,18.5,80
5082,T,220830,060238,60.209579N,24.102818E,23,19.1,95
5083,T,220830,060239,60.209572N,24.102917E,23,19.8,101
5084,T,220830,060240,60.209560N,24.103012E,22,20.6,106
5085,T,220830,060241,60.209541N,24.103111E,22,21.3,108
5086,T,220830,060242,60.209522N,24.103210E,22,21.2,110
5087,T,220830,060243,60.209499N,24.103308E,21,21.3,114
5088,T,220830,060244,60.209476N,24.103403E,21,21.8,120
5089,T,220830,060245,60.209442N,24.103497E,21,21.8,124
5090,T,220830,060246,60.209415N,24.103586E,21,21.7,124
5091,T,220830,060247,60.209385N,24.103680E,21,22.1,121
5092,T,220830,060248,60.209354N,24.103777E,21,22.4,121
5093,T,220830,060249,60.209328N,24.103874E,21,22.4,121
5094,T,220830,060250,60.209301N,24.103973E,20,22.5,114
5095,T,220830,060251,60.209278N,24.104078E,20,22.4,108
5096,T,220830,060252,60.209263N,24.104185E,20,22.3,103
5097,T,220830,060253,60.209255N,24.104296E,20,21.9,97
5098,T,220830,060254,60.209248N,24.104406E,20,22.0,92
5099,T,220830,060255,60.209248N,24.104521E,20,22.5,87
5100,T,220830,060256,60.209255N,24.104635E,20,23.2,84
5101,T,220830,060257,60.209263N,24.104752E,19,23.6,79
5102,T,220830,060258,60.209274N,24.104872E,19,23.9,77
5103,T,220830,060259,60.209290N,24.104992E,19,24.4,77
5104,T,220830,060300,60.209305N,24.105112E,19,24.8,77
5105,T,220830,060301,60.209320N,24.105236E,19,25.1,77
5106,T,220830,060302,60.209335N,24.105362E,18,25.5,77
5107,T,220830,060303,60.209354N,24.105494E,18,25.9,77
5108,T,220830,060304,60.209373N,24.105621E,18,26.4,77
5109,T,220830,060305,60.209389N,24.105755E,18,26.7,76
5110,T,220830,060306,60.209408N,24.105886E,17,27.1,76
5111,T,220830,060307,60.209423N,24.106022E,17,27.2,76
5112,T,220830,060308,60.209438N,24.106155E,17,27.2,76
5113,T,220830,060309,60.209457N,24.106289E,17,27.3,76
5114,T,220830,060310,60.209473N,24.106421E,16,27.3,76
5115,T,220830,060311,60.209488N,24.106554E,16,27.2,76
5116,T,220830,060312,60.209503N,24.106684E,16,26.9,77
5117,T,220830,060313,60.209515N,24.106815E,16,26.8,77
5118,T,220830,060314,60.209530N,24.106947E,16,26.5,78
5119,T,220830,060315,60.209545N,24.107077E,16,26.4,79
5120,T,220830,060316,60.209557N,24.107204E,16,26.2,78
5121,T,220830,060317,60.209572N,24.107332E,16,26.1,77
5122,T,220830,060318,60.209587N,24.107458E,16,26.0,76
5123,T,220830,060319,60.209602N,24.107582E,15,25.5,75
5124,T,220830,060320,60.209621N,24.107704E,15,25.2,73
5125,T,220830,060321,60.209644N,24.107822E,15,24.6,72
5126,T,220830,060322,60.209671N,24.107931E,15,24.1,71
5127,T,220830,060323,60.209702N,24.108036E,15,23.5,70
5128,T,220830,060324,60.209728N,24.108133E,15,23.2,68
5129,T,220830,060325,60.209763N,24.108225E,15,22.2,67
5130,T,220830,060326,60.209801N,24.108315E,15,22.3,66
5131,T,220830,060327,60.209831N,24.108397E,15,20.3,64
5132,T,220830,060328,60.209862N,24.108479E,15,19.9,63
5133,T,220830,060329,60.209888N,24.108555E,16,19.2,62
5134,T,220830,060330,60.209919N,24.108624E,16,18.4,60
5135,T,220830,060331,60.209953N,24.108694E,16,19.6,59
5136,T,220830,060332,60.209980N,24.108765E,16,18.0,58
5137,T,220830,060333,60.210007N,24.108831E,17,18.1,57
5138,T,220830,060334,60.210033N,24.108891E,17,17.4,56
5139,T,220830,060335,60.210056N,24.108950E,17,15.6,52
5140,T,220830,060336,60.210075N,24.109015E,17,16.1,54
5141,T,220830,060337,60.210098N,24.109076E,18,15.7,52
5142,T,220830,060338,60.210125N,24.109137E,18,15.7,50
5143,T,220830,060339,60.210148N,24.109196E,19,15.6,49
5144,T,220830,060340,60.210171N,24.109249E,19,13.2,48
5145,T,220830,060341,60.210194N,24.109297E,20,11.9,45
5146,T,220830,060342,60.210213N,24.109341E,20,11.9,54
5147,T,220830,060343,60.210232N,24.109394E,21,13.4,55
5148,T,220830,060344,60.210247N,24.109444E,21,12.3,55
5149,T,220830,060345,60.210262N,24.109497E,20,12.4,54
5150,T,220830,060346,60.210285N,24.109547E,20,12.7,52
5151,T,220830,060347,60.210304N,24.109594E,21,11.7,52
5152,T,220830,060348,60.210320N,24.109638E,21,11.5,54
5153,T,220830,060349,60.210335N,24.109686E,22,11.6,52
5154,T,220830,060350,60.210358N,24.109728E,22,11.5,52
5155,T,220830,060351,60.210377N,24.109770E,23,11.1,50
5156,T,220830,060352,60.210392N,24.109808E,24,9.8,49
5157,T,220830,060353,60.210407N,24.109846E,25,8.0,49
5158,T,220830,060354,60.210419N,24.109884E,25,9.2,49
5159,T,220830,060355,60.210438N,24.109921E,26,9.6,49
5160,T,220830,060356,60.210449N,24.109959E,27,9.3,49
5161,T,220830,060357,60.210464N,24.110003E,27,10.2,49
5162,T,220830,060358,60.210480N,24.110052E,27,10.3,50
5163,T,220830,060359,60.210491N,24.110100E,28,10.4,51
5164,T,220830,060400,60.210499N,24.110146E,28,9.1,68
5165,T,220830,060401,60.210510N,24.110195E,29,10.6,68
5166,T,220830,060402,60.210526N,24.110249E,29,10.5,68
5167,T,220830,060403,60.210533N,24.110300E,28,9.9,64
5168,T,220830,060404,60.210541N,24.110348E,29,9.8,65
5169,T,220830,060405,60.210545N,24.110403E,29,8.6,66
5170,T,220830,060406,60.210552N,24.110451E,29,8.7,67
5171,T,220830,060407,60.210552N,24.110497E,29,8.6,68
5172,T,220830,060408,60.210556N,24.110544E,30,9.8,69
5173,T,220830,060409,60.210560N,24.110588E,30,8.6,89
5174,T,220830,060410,60.210560N,24.110634E,30,8.7,88
5175,T,220830,060411,60.210564N,24.110680E,30,8.7,88
5176,T,220830,060412,60.210567N,24.110723E,31,9.2,87
5177,T,220830,060413,60.210567N,24.110773E,31,9.2,88
5178,T,220830,060414,60.210571N,24.110825E,32,9.2,87
5179,T,220830,060415,60.210575N,24.110867E,32,7.9,85
5180,T,220830,060416,60.210575N,24.110912E,33,10.0,90
5181,T,220830,060417,60.210575N,24.110956E,33,7.9,87
5182,T,220830,060418,60.210575N,24.110996E,34,8.4,86
5183,T,220830,060419,60.210575N,24.111036E,35,9.0,86
5184,T,220830,060420,60.210579N,24.111084E,36,9.0,75
5185,T,220830,060421,60.210587N,24.111126E,37,9.7,77
5186,T,220830,060422,60.210590N,24.111176E,37,9.7,77
5187,T,220830,060423,60.210602N,24.111221E,38,10.5,71
5188,T,220830,060424,60.210609N,24.111275E,38,10.6,67
5189,T,220830,060425,60.210625N,24.111320E,39,11.0,61
5190,T,220830,060426,60.210640N,24.111368E,40,11.1,57
5191,T,220830,060427,60.210655N,24.111418E,40,12.1,52
5192,T,220830,060428,60.210670N,24.111465E,40,11.5,52
5193,T,220830,060429,60.210693N,24.111517E,41,13.4,47
5194,T,220830,060430,60.210716N,24.111565E,40,12.6,47
5195,T,220830,060431,60.210739N,24.111612E,41,13.4,49
5196,T,220830,060432,60.210758N,24.111664E,40,14.7,48
5197,T,220830,060433,60.210781N,24.111725E,40,14.6,53
5198,T,220830,060434,60.210804N,24.111786E,39,16.3,54
5199,T,220830,060435,60.210823N,24.111858E,39,16.4,59
5200,T,220830,060436,60.210842N,24.111937E,39,16.2,66
5201,T,220830,060437,60.210861N,24.112009E,39,16.9,65
5202,T,220830,060438,60.210876N,24.112085E,38,16.4,66
5203,T,220830,060439,60.210888N,24.112165E,38,16.1,67
5204,T,220830,060440,60.210892N,24.112244E,38,16.7,68
5205,T,220830,060441,60.210896N,24.112324E,38,16.7,70
5206,T,220830,060442,60.210899N,24.112413E,37,17.2,72
5207,T,220830,060443,60.210896N,24.112495E,37,17.2,74
5208,T,220830,060444,60.210892N,24.112581E,37,16.8,75
5209,T,220830,060445,60.210892N,24.112663E,37,16.0,77
5210,T,220830,060446,60.210888N,24.112745E,37,16.0,79
5211,T,220830,060447,60.210884N,24.112829E,37,16.1,80
5212,T,220830,060448,60.210884N,24.112911E,37,16.2,82
5213,T,220830,060449,60.210880N,24.112993E,37,16.1,83
5214,T,220830,060450,60.210880N,24.113073E,37,16.1,84
5215,T,220830,060451,60.210884N,24.113152E,38,15.8,85
5216,T,220830,060452,60.210888N,24.113232E,38,15.7,85
5217,T,220830,060453,60.210892N,24.113312E,38,15.7,84
5218,T,220830,060454,60.210899N,24.113390E,38,15.7,82
5219,T,220830,060455,60.210907N,24.113468E,39,15.7,80
5220,T,220830,060456,60.210915N,24.113546E,39,15.7,78
5221,T,220830,060457,60.210922N,24.113625E,39,16.2,77
5222,T,220830,060458,60.210930N,24.113705E,39,16.2,77
5223,T,220830,060459,60.210938N,24.113785E,38,16.3,77
5224,T,220830,060500,60.210945N,24.113867E,38,16.3,76
5225,T,220830,060501,60.210953N,24.113947E,38,16.4,76
5226,T,220830,060502,60.210960N,24.114025E,38,16.6,76
5227,T,220830,060503,60.210972N,24.114111E,38,16.7,75
5228,T,220830,060504,60.210979N,24.114191E,38,16.7,76
5229,T,220830,060505,60.210991N,24.114273E,38,16.7,76
5230,T,220830,060506,60.211002N,24.114355E,38,16.8,76
5231,T,220830,060507,60.211021N,24.114437E,38,16.8,77
5232,T,220830,060508,60.211029N,24.114517E,38,16.8,77
5233,T,220830,060509,60.211040N,24.114601E,38,16.7,76
5234,T,220830,060510,60.211048N,24.114683E,38,16.7,76
5235,T,220830,060511,60.211056N,24.114765E,38,16.7,75
5236,T,220830,060512,60.211067N,24.114853E,38,16.7,76
5237,T,220830,060513,60.211075N,24.114931E,39,16.7,78
5238,T,220830,060514,60.211079N,24.115017E,39,16.8,79
5239,T,220830,060515,60.211086N,24.115099E,39,16.7,79
5240,T,220830,060516,60.211102N,24.115177E,39,16.7,79
5241,T,220830,060517,60.211109N,24.115261E,39,16.7,79
5242,T,220830,060518,60.211117N,24.115341E,39,16.7,79
5243,T,220830,060519,60.211121N,24.115423E,39,16.7,79
5244,T,220830,060520,60.211128N,24.115507E,39,16.8,79
5245,T,220830,060521,60.211136N,24.115591E,39,17.1,78
5246,T,220830,060522,60.211143N,24.115677E,39,17.2,78
5247,T,220830,060523,60.211151N,24.115763E,39,17.1,78
5248,T,220830,060524,60.211159N,24.115847E,39,17.0,79
5249,T,220830,060525,60.211159N,24.115932E,39,17.0,81
5250,T,220830,060526,60.211166N,24.116016E,39,16.9,80
5251,T,220830,060527,60.211178N,24.116100E,39,16.8,80
5252,T,220830,060528,60.211185N,24.116184E,39,16.8,79
5253,T,220830,060529,60.211193N,24.116266E,39,16.7,80
5254,T,220830,060530,60.211197N,24.116350E,39,16.7,80
5255,T,220830,060531,60.211205N,24.116432E,39,16.6,80
5256,T,220830,060532,60.211212N,24.116514E,39,16.5,79
5257,T,220830,060533,60.211220N,24.116596E,40,16.5,77
5258,T,220830,060534,60.211231N,24.116676E,40,16.5,76
5259,T,220830,060535,60.211239N,24.116756E,40,16.5,76
5260,T,220830,060536,60.211246N,24.116840E,40,16.8,76
5261,T,220830,060537,60.211254N,24.116924E,40,16.8,77
5262,T,220830,060538,60.211262N,24.117006E,40,16.8,77
5263,T,220830,060539,60.211273N,24.117092E,41,17.2,75
5264,T,220830,060540,60.211281N,24.117176E,41,16.5,74
5265,T,220830,060541,60.211288N,24.117256E,41,16.5,75
5266,T,220830,060542,60.211296N,24.117336E,41,15.9,76
5267,T,220830,060543,60.211300N,24.117418E,42,16.3,78
5268,T,220830,060544,60.211304N,24.117496E,42,15.9,79
5269,T,220830,060545,60.211308N,24.117575E,42,15.5,81
5270,T,220830,060546,60.211311N,24.117645E,42,15.2,82
5271,T,220830,060547,60.211315N,24.117720E,42,14.9,81
5272,T,220830,060548,60.211323N,24.117794E,42,14.9,81
5273,T,220830,060549,60.211327N,24.117867E,43,15.2,82
5274,T,220830,060550,60.211327N,24.117941E,43,14.6,84
5275,T,220830,060551,60.211327N,24.118013E,43,14.6,85
5276,T,220830,060552,60.211327N,24.118088E,44,14.7,87
5277,T,220830,060553,60.211319N,24.118156E,44,15.0,101
5278,T,220830,060554,60.211311N,24.118233E,44,15.1,107
5279,T,220830,060555,60.211296N,24.118303E,44,14.7,111
5280,T,220830,060556,60.211281N,24.118372E,45,15.1,119
5281,T,220830,060557,60.211262N,24.118437E,45,14.1,122
5282,T,220830,060558,60.211239N,24.118492E,45,13.0,123
5283,T,220830,060559,60.211220N,24.118542E,45,12.0,126
5284,T,220830,060600,60.211201N,24.118587E,46,11.1,124
5285,T,220830,060601,60.211185N,24.118635E,46,11.0,123
5286,T,220830,060602,60.211166N,24.118679E,46,11.4,124
5287,T,220830,060603,60.211151N,24.118732E,46,12.5,122
5288,T,220830,060604,60.211132N,24.118790E,45,13.7,121
5289,T,220830,060605,60.211113N,24.118853E,45,14.8,121
5290,T,220830,060606,60.211094N,24.118921E,45,16.8,120
5291,T,220830,060607,60.211071N,24.118999E,44,19.1,119
5292,T,220830,060608,60.211044N,24.119085E,44,20.6,120
5293,T,220830,060609,60.211006N,24.119181E,43,21.9,121
5294,T,220830,060610,60.210972N,24.119276E,42,23.0,123
5295,T,220830,060611,60.210941N,24.119373E,42,23.2,124
5296,T,220830,060612,60.210907N,24.119471E,41,23.0,125
5297,T,220830,060613,60.210873N,24.119564E,40,22.1,126
5298,T,220830,060614,60.210838N,24.119648E,40,20.2,127
5299,T,220830,060615,60.210808N,24.119724E,39,18.9,132
5300,T,220830,060616,60.210777N,24.119795E,39,18.8,133
5301,T,220830,060617,60.210739N,24.119858E,38,18.9,139
5302,T,220830,060618,60.210705N,24.119917E,38,18.7,144
5303,T,220830,060619,60.210663N,24.119965E,37,18.7,151
5304,T,220830,060620,60.210621N,24.120003E,37,19.7,159
5305,T,220830,060621,60.210571N,24.120024E,37,21.9,169
5306,T,220830,060622,60.210518N,24.120029E,37,23.3,178
5307,T,220830,060623,60.210457N,24.120020E,36,25.1,186
5308,T,220830,060624,60.210388N,24.120001E,36,27.0,191
5309,T,220830,060625,60.210320N,24.119959E,36,27.7,200
5310,T,220830,060626,60.210255N,24.119902E,35,28.5,206
5311,T,220830,060627,60.210194N,24.119831E,34,28.4,209
5312,T,220830,060628,60.210133N,24.119761E,34,27.8,210
5313,T,220830,060629,60.210072N,24.119684E,33,27.7,212
5314,T,220830,060630,60.210011N,24.119606E,32,27.7,212
5315,T,220830,060631,60.209953N,24.119535E,32,27.6,209
5316,T,220830,060632,60.209888N,24.119478E,31,27.7,198
5317,T,220830,060633,60.209820N,24.119446E,30,28.3,187
5318,T,220830,060634,60.209747N,24.119444E,29,30.2,175
5319,T,220830,060635,60.209671N,24.119471E,28,31.4,165
5320,T,220830,060636,60.209591N,24.119516E,28,33.0,160
5321,T,220830,060637,60.209515N,24.119579E,27,33.0,155
5322,T,220830,060638,60.209442N,24.119656E,27,33.0,150
5323,T,220830,060639,60.209377N,24.119743E,27,32.9,146
5324,T,220830,060640,60.209309N,24.119843E,27,32.6,143
5325,T,220830,060641,60.209244N,24.119944E,27,32.2,138
5326,T,220830,060642,60.209187N,24.120056E,26,31.5,135
5327,T,220830,060643,60.209133N,24.120167E,26,31.0,133
5328,T,220830,060644,60.209084N,24.120283E,26,30.2,130
5329,T,220830,060645,60.209030N,24.120396E,26,29.3,131
5330,T,220830,060646,60.208984N,24.120502E,26,28.5,133
5331,T,220830,060647,60.208935N,24.120604E,26,27.8,133
5332,T,220830,060648,60.208889N,24.120705E,26,27.1,132
5333,T,220830,060649,60.208843N,24.120804E,26,26.4,129
5334,T,220830,060650,60.208809N,24.120905E,26,24.2,128
5335,T,220830,060651,60.208778N,24.120998E,27,21.5,126
5336,T,220830,060652,60.208755N,24.121088E,27,18.7,115
5337,T,220830,060653,60.208740N,24.121176E,27,18.0,110
5338,T,220830,060654,60.208721N,24.121264E,27,16.8,111
5339,T,220830,060655,60.208706N,24.121347E,26,18.2,112
5340,T,220830,060656,60.208679N,24.121437E,26,19.9,113
5341,T,220830,060657,60.208652N,24.121536E,25,23.5,124
5342,T,220830,060658,60.208611N,24.121632E,24,27.3,135
5343,T,220830,060659,60.208557N,24.121723E,24,30.4,145
5344,T,220830,060700,60.208492N,24.121803E,23,31.6,148
5345,T,220830,060701,60.208424N,24.121883E,22,32.5,150
5346,T,220830,060702,60.208351N,24.121960E,22,33.1,153
5347,T,220830,060703,60.208279N,24.122028E,22,33.0,156
5348,T,220830,060704,60.208199N,24.122084E,21,32.9,161
5349,T,220830,060705,60.208122N,24.122131E,21,32.1,165
5350,T,220830,060706,60.208050N,24.122166E,21,31.4,168
5351,T,220830,060707,60.207970N,24.122189E,21,30.5,172
5352,T,220830,060708,60.207897N,24.122206E,21,29.9,172
5353,T,220830,060709,60.207821N,24.122225E,21,29.4,172
5354,T,220830,060710,60.207752N,24.122242E,21,29.0,172
5355,T,220830,060711,60.207680N,24.122259E,21,28.6,172
5356,T,220830,060712,60.207607N,24.122278E,20,28.2,172
5357,T,220830,060713,60.207539N,24.122295E,20,27.9,172
5358,T,220830,060714,60.207466N,24.122309E,20,27.7,172
5359,T,220830,060715,60.207401N,24.122326E,20,27.0,171
5360,T,220830,060716,60.207333N,24.122343E,20,26.8,171
5361,T,220830,060717,60.207264N,24.122362E,19,26.7,171
5362,T,220830,060718,60.207199N,24.122381E,19,26.8,171
5363,T,220830,060719,60.207130N,24.122402E,19,27.2,170
5364,T,220830,060720,60.207066N,24.122421E,19,27.3,170
5365,T,220830,060721,60.206997N,24.122442E,19,27.6,170
5366,T,220830,060722,60.206928N,24.122463E,19,27.6,170
5367,T,220830,060723,60.206860N,24.122484E,19,27.5,170
5368,T,220830,060724,60.206791N,24.122503E,19,27.5,170
5369,T,220830,060725,60.206722N,24.122526E,19,27.7,170
5370,T,220830,060726,60.206654N,24.122547E,18,28.1,170
5371,T,220830,060727,60.206585N,24.122572E,18,28.2,170
5372,T,220830,060728,60.206512N,24.122597E,18,28.2,170
5373,T,220830,060729,60.206444N,24.122616E,18,28.3,170
5374,T,220830,060730,60.206371N,24.122639E,18,28.4,170
5375,T,220830,060731,60.206303N,24.122660E,18,28.4,171
5376,T,220830,060732,60.206230N,24.122681E,18,28.5,171
5377,T,220830,060733,60.206161N,24.122698E,18,28.6,171
5378,T,220830,060734,60.206089N,24.122717E,18,28.5,172
5379,T,220830,060735,60.206020N,24.122730E,17,27.7,173
5380,T,220830,060736,60.205952N,24.122742E,17,27.2,174
5381,T,220830,060737,60.205883N,24.122751E,17,26.5,175
5382,T,220830,060738,60.205818N,24.122755E,17,25.7,177
5383,T,220830,060739,60.205757N,24.122763E,17,25.1,177
5384,T,220830,060740,60.205692N,24.122766E,17,24.3,177
5385,T,220830,060741,60.205631N,24.122776E,17,23.8,176
5386,T,220830,060742,60.205578N,24.122795E,17,23.2,175
5387,T,220830,060743,60.205521N,24.122818E,17,22.6,174
5388,T,220830,060744,60.205467N,24.122852E,17,21.9,160
5389,T,220830,060745,60.205421N,24.122898E,17,21.3,155
5390,T,220830,060746,60.205372N,24.122948E,17,20.5,152
5391,T,220830,060747,60.205330N,24.123001E,17,19.5,145
5392,T,220830,060748,60.205292N,24.123064E,17,18.1,138
5393,T,220830,060749,60.205265N,24.123129E,17,16.7,126
5394,T,220830,060750,60.205242N,24.123196E,17,15.3,114
5395,T,220830,060751,60.205235N,24.123268E,17,14.1,101
5396,T,220830,060752,60.205235N,24.123337E,17,13.2,90
5397,T,220830,060753,60.205235N,24.123396E,17,11.2,90
5398,T,220830,060754,60.205238N,24.123444E,17,8.4,93
5399,T,220830,060755,60.205238N,24.123476E,17,6.0,83
5400,T,220830,060756,60.205250N,24.123501E,17,4.7,83
5401,T,220830,060757,60.205257N,24.123503E,17,3.8,83
5402,T,220830,060758,60.205261N,24.123484E,17,3.8,83
5403,T,220830,060759,60.205261N,24.123463E,17,5.2,83
5404,T,220830,060800,60.205257N,24.123432E,17,5.6,265
5405,T,220830,060801,60.205254N,24.123398E,17,6.9,263
5406,T,220830,060802,60.205254N,24.123356E,17,8.0,265
5407,T,220830,060803,60.205254N,24.123312E,17,9.1,265
5408,T,220830,060804,60.205254N,24.123260E,17,9.9,266
5409,T,220830,060805,60.205261N,24.123205E,17,10.7,268
5410,T,220830,060806,60.205273N,24.123156E,17,12.2,271
5411,T,220830,060807,60.205288N,24.123100E,17,13.3,273
5412,T,220830,060808,60.205311N,24.123049E,17,14.0,277
5413,T,220830,060809,60.205345N,24.123005E,17,14.7,281
5414,T,220830,060810,60.205376N,24.122963E,16,15.2,285
5415,T,220830,060811,60.205406N,24.122919E,16,15.2,289
5416,T,220830,060812,60.205441N,24.122890E,16,15.1,294
5417,T,220830,060813,60.205479N,24.122864E,16,16.1,298
5418,T,220830,060814,60.205517N,24.122835E,16,15.2,303
5419,T,220830,060815,60.205551N,24.122816E,16,15.1,349
5420,T,220830,060816,60.205593N,24.122803E,16,15.2,348
5421,T,220830,060817,60.205631N,24.122789E,16,15.2,351
5422,T,220830,060818,60.205673N,24.122784E,16,15.2,358
5423,T,220830,060819,60.205711N,24.122782E,16,15.2,356
5424,T,220830,060820,60.205753N,24.122776E,16,15.3,355
5425,T,220830,060821,60.205788N,24.122770E,16,15.3,356
5426,T,220830,060822,60.205830N,24.122768E,16,15.2,0
5427,T,220830,060823,60.205868N,24.122766E,16,14.8,357
5428,T,220830,060824,60.205902N,24.122761E,16,14.8,354
5429,T,220830,060825,60.205944N,24.122753E,16,14.9,355
5430,T,220830,060826,60.205978N,24.122747E,15,14.9,356
5431,T,220830,060827,60.206020N,24.122744E,15,14.9,356
5432,T,220830,060828,60.206055N,24.122738E,15,14.8,355
5433,T,220830,060829,60.206093N,24.122732E,15,14.8,355
5434,T,220830,060830,60.206127N,24.122725E,15,14.8,355
5435,T,220830,060831,60.206169N,24.122713E,15,14.8,353
5436,T,220830,060832,60.206203N,24.122704E,15,14.9,352
5437,T,220830,060833,60.206242N,24.122692E,15,14.9,352
5438,T,220830,060834,60.206280N,24.122679E,15,14.8,350
5439,T,220830,060835,60.206310N,24.122665E,15,14.5,350
5440,T,220830,060836,60.206352N,24.122654E,15,14.5,349
5441,T,220830,060837,60.206383N,24.122641E,15,14.5,349
5442,T,220830,060838,60.206421N,24.122625E,15,14.5,349
5443,T,220830,060839,60.206455N,24.122616E,15,14.5,350
5444,T,220830,060840,60.206493N,24.122604E,15,14.4,350
5445,T,220830,060841,60.206528N,24.122597E,15,14.5,352
5446,T,220830,060842,60.206570N,24.122585E,15,14.5,352
5447,T,220830,060843,60.206604N,24.122574E,15,14.8,351
5448,T,220830,060844,60.206638N,24.122561E,16,14.9,350
5449,T,220830,060845,60.206676N,24.122547E,16,14.9,351
5450,T,220830,060846,60.206711N,24.122538E,16,15.0,350
5451,T,220830,060847,60.206749N,24.122526E,16,15.0,350
5452,T,220830,060848,60.206783N,24.122515E,16,15.0,351
5453,T,220830,060849,60.206821N,24.122503E,16,15.1,350
5454,T,220830,060850,60.206860N,24.122488E,16,15.5,350
5455,T,220830,060851,60.206898N,24.122477E,16,15.5,351
5456,T,220830,060852,60.206936N,24.122463E,16,15.5,351
5457,T,220830,060853,60.206970N,24.122452E,16,15.6,350
5458,T,220830,060854,60.207012N,24.122437E,16,15.7,349
5459,T,220830,060855,60.207050N,24.122421E,16,15.7,349
5460,T,220830,060856,60.207088N,24.122408E,16,15.7,349
5461,T,220830,060857,60.207127N,24.122396E,16,15.6,350
5462,T,220830,060858,60.207169N,24.122381E,16,15.6,350
5463,T,220830,060859,60.207207N,24.122368E,16,15.5,351
5464,T,220830,060900,60.207245N,24.122360E,16,15.4,351
5465,T,220830,060901,60.207283N,24.122351E,16,15.4,352
5466,T,220830,060902,60.207321N,24.122337E,16,15.4,351
5467,T,220830,060903,60.207359N,24.122324E,16,15.5,350
5468,T,220830,060904,60.207401N,24.122313E,16,15.5,354
5469,T,220830,060905,60.207436N,24.122305E,16,15.4,354
5470,T,220830,060906,60.207478N,24.122292E,16,15.5,353
5471,T,220830,060907,60.207512N,24.122276E,16,15.4,351
5472,T,220830,060908,60.207554N,24.122265E,16,15.4,351
5473,T,220830,060909,60.207592N,24.122255E,16,15.4,354
5474,T,220830,060910,60.207626N,24.122248E,16,15.4,352
5475,T,220830,060911,60.207668N,24.122236E,16,16.2,353
5476,T,220830,060912,60.207703N,24.122229E,16,15.4,353
5477,T,220830,060913,60.207745N,24.122219E,16,14.8,354
5478,T,220830,060914,60.207779N,24.122211E,16,14.8,353
5479,T,220830,060915,60.207817N,24.122204E,16,15.1,353
5480,T,220830,060916,60.207855N,24.122194E,16,15.2,353
5481,T,220830,060917,60.207893N,24.122185E,16,15.6,352
5482,T,220830,060918,60.207932N,24.122173E,16,15.7,352
5483,T,220830,060919,60.207970N,24.122162E,16,15.8,352
5484,T,220830,060920,60.208008N,24.122149E,16,16.2,351
5485,T,220830,060921,60.208050N,24.122131E,16,16.3,350
5486,T,220830,060922,60.208088N,24.122116E,16,16.4,349
5487,T,220830,060923,60.208134N,24.122095E,16,16.5,347
5488,T,220830,060924,60.208172N,24.122076E,16,16.5,345
5489,T,220830,060925,60.208206N,24.122053E,16,16.5,344
5490,T,220830,060926,60.208248N,24.122025E,16,16.5,338
5491,T,220830,060927,60.208286N,24.121992E,17,16.2,337
5492,T,220830,060928,60.208324N,24.121960E,17,15.9,338
5493,T,220830,060929,60.208359N,24.121925E,17,15.4,332
5494,T,220830,060930,60.208393N,24.121893E,17,14.7,334
5495,T,220830,060931,60.208424N,24.121859E,17,13.3,333
5496,T,220830,060932,60.208450N,24.121828E,17,12.3,332
5497,T,220830,060933,60.208477N,24.121796E,18,12.2,329
5498,T,220830,060934,60.208500N,24.121763E,18,11.5,327
5499,T,220830,060935,60.208523N,24.121735E,18,11.5,327
5500,T,220830,060936,60.208553N,24.121702E,19,11.4,326
5501,T,220830,060937,60.208572N,24.121668E,19,11.0,324
5502,T,220830,060938,60.208595N,24.121634E,20,10.9,322
5503,T,220830,060939,60.208614N,24.121597E,20,10.6,321
5504,T,220830,060940,60.208637N,24.121565E,21,10.2,319
5505,T,220830,060941,60.208652N,24.121531E,21,9.6,316
5506,T,220830,060942,60.208668N,24.121492E,22,9.3,301
5507,T,220830,060943,60.208679N,24.121452E,23,9.2,303
5508,T,220830,060944,60.208691N,24.121416E,23,8.9,300
5509,T,220830,060945,60.208706N,24.121376E,24,8.5,299
5510,T,220830,060946,60.208717N,24.121342E,24,7.6,296
5511,T,220830,060947,60.208725N,24.121304E,25,8.3,295
5512,T,220830,060948,60.208736N,24.121264E,25,8.4,294
5513,T,220830,060949,60.208740N,24.121225E,25,8.3,293
5514,T,220830,060950,60.208752N,24.121185E,26,8.3,292
5515,T,220830,060951,60.208759N,24.121145E,26,8.3,292
5516,T,220830,060952,60.208767N,24.121101E,26,9.6,286
5517,T,220830,060953,60.208778N,24.121056E,26,10.8,287
5518,T,220830,060954,60.208794N,24.121002E,26,12.8,291
5519,T,220830,060955,60.208809N,24.120935E,25,14.6,291
5520,T,220830,060956,60.208832N,24.120871E,25,17.0,293
5521,T,220830,060957,60.208855N,24.120802E,25,18.2,294
5522,T,220830,060958,60.208885N,24.120731E,24,18.5,296
5523,T,220830,060959,60.208916N,24.120659E,24,17.9,297
5524,T,220830,061000,60.208942N,24.120592E,24,17.2,299
5525,T,220830,061001,60.208969N,24.120525E,25,16.4,300
5526,T,220830,061002,60.208996N,24.120461E,25,16.2,301
5527,T,220830,061003,60.209019N,24.120398E,25,16.3,302
5528,T,220830,061004,60.209049N,24.120338E,25,16.2,303
5529,T,220830,061005,60.209076N,24.120279E,25,16.1,304
5530,T,220830,061006,60.209103N,24.120222E,25,16.0,305
5531,T,220830,061007,60.209133N,24.120165E,25,16.0,306
5532,T,220830,061008,60.209160N,24.120104E,25,15.8,308
5533,T,220830,061009,60.209187N,24.120045E,25,15.8,310
5534,T,220830,061010,60.209213N,24.119986E,25,15.7,313
5535,T,220830,061011,60.209240N,24.119934E,25,15.1,315
5536,T,220830,061012,60.209267N,24.119884E,26,15.2,318
5537,T,220830,061013,60.209301N,24.119835E,26,15.1,320
5538,T,220830,061014,60.209328N,24.119785E,26,15.7,322
5539,T,220830,061015,60.209358N,24.119740E,26,14.8,323
5540,T,220830,061016,60.209393N,24.119694E,26,14.9,324
5541,T,220830,061017,60.209419N,24.119652E,26,14.6,326
5542,T,220830,061018,60.209454N,24.119616E,27,14.7,328
5543,T,220830,061019,60.209488N,24.119577E,27,14.6,330
5544,T,220830,061020,60.209515N,24.119549E,27,14.5,332
5545,T,220830,061021,60.209549N,24.119516E,27,14.5,333
5546,T,220830,061022,60.209579N,24.119490E,27,14.0,335
5547,T,220830,061023,60.209618N,24.119469E,27,13.6,336
5548,T,220830,061024,60.209644N,24.119452E,28,13.2,337
5549,T,220830,061025,60.209675N,24.119436E,28,12.9,338
5550,T,220830,061026,60.209709N,24.119423E,28,12.3,339
5551,T,220830,061027,60.209740N,24.119413E,28,12.2,340
5552,T,220830,061028,60.209766N,24.119410E,29,11.5,359
5553,T,220830,061029,60.209797N,24.119413E,29,11.6,4
5554,T,220830,061030,60.209824N,24.119423E,29,10.8,10
5555,T,220830,061031,60.209846N,24.119436E,29,11.2,12
5556,T,220830,061032,60.209881N,24.119452E,29,10.8,20
5557,T,220830,061033,60.209904N,24.119474E,29,11.1,24
5558,T,220830,061034,60.209927N,24.119501E,29,10.5,30
5559,T,220830,061035,60.209953N,24.119530E,29,9.6,35
5560,T,220830,061036,60.209972N,24.119558E,29,10.1,32
5561,T,220830,061037,60.209999N,24.119591E,30,10.9,31
5562,T,220830,061038,60.210018N,24.119621E,30,11.8,32
5563,T,220830,061039,60.210045N,24.119654E,31,10.4,32
5564,T,220830,061040,60.210068N,24.119684E,31,10.3,33
5565,T,220830,061041,60.210091N,24.119713E,31,10.4,27
5566,T,220830,061042,60.210114N,24.119738E,31,10.5,28
5567,T,220830,061043,60.210140N,24.119764E,32,10.5,30
5568,T,220830,061044,60.210159N,24.119797E,32,10.5,31
5569,T,220830,061045,60.210182N,24.119827E,32,11.2,31
5570,T,220830,061046,60.210209N,24.119856E,33,11.1,30
5571,T,220830,061047,60.210236N,24.119886E,33,11.7,30
5572,T,220830,061048,60.210262N,24.119917E,33,11.7,28
5573,T,220830,061049,60.210289N,24.119944E,34,11.8,26
5574,T,220830,061050,60.210316N,24.119968E,34,11.4,24
5575,T,220830,061051,60.210346N,24.119991E,34,12.1,22
5576,T,220830,061052,60.210369N,24.120014E,34,11.5,20
5577,T,220830,061053,60.210392N,24.120029E,35,11.4,10
5578,T,220830,061054,60.210415N,24.120041E,35,11.1,11
5579,T,220830,061055,60.210442N,24.120047E,35,10.6,10
5580,T,220830,061056,60.210468N,24.120047E,35,10.5,359
5581,T,220830,061057,60.210495N,24.120045E,35,10.6,358
5582,T,220830,061058,60.210526N,24.120041E,35,9.9,356
5583,T,220830,061059,60.210548N,24.120033E,36,10.4,354
5584,T,220830,061100,60.210575N,24.120020E,36,10.0,347
5585,T,220830,061101,60.210602N,24.120005E,36,10.6,341
5586,T,220830,061102,60.210625N,24.119986E,36,9.2,339
5587,T,220830,061103,60.210648N,24.119967E,36,9.6,335
5588,T,220830,061104,60.210663N,24.119944E,36,9.5,332
5589,T,220830,061105,60.210686N,24.119921E,37,8.8,329
5590,T,220830,061106,60.210705N,24.119894E,37,9.9,329
5591,T,220830,061107,60.210724N,24.119864E,37,8.4,322
5592,T,220830,061108,60.210739N,24.119837E,37,8.5,320
5593,T,220830,061109,60.210758N,24.119806E,37,9.0,316
5594,T,220830,061110,60.210773N,24.119774E,37,9.0,315
5595,T,220830,061111,60.210793N,24.119736E,37,9.4,313
5596,T,220830,061112,60.210804N,24.119698E,37,9.7,309
5597,T,220830,061113,60.210819N,24.119659E,37,9.7,308
5598,T,220830,061114,60.210835N,24.119619E,37,9.7,306
5599,T,220830,061115,60.210854N,24.119579E,38,9.7,306
5600,T,220830,061116,60.210869N,24.119539E,38,10.0,308
5601,T,220830,061117,60.210880N,24.119497E,38,10.4,309
5602,T,220830,061118,60.210896N,24.119457E,38,9.7,306
5603,T,220830,061119,60.210911N,24.119417E,38,9.8,304
5604,T,220830,061120,60.210922N,24.119375E,38,10.2,309
5605,T,220830,061121,60.210941N,24.119335E,38,9.9,308
5606,T,220830,061122,60.210953N,24.119295E,38,10.5,305
5607,T,220830,061123,60.210968N,24.119255E,39,10.5,302
5608,T,220830,061124,60.210979N,24.119219E,39,8.5,305
5609,T,220830,061125,60.210987N,24.119181E,39,9.8,306
5610,T,220830,061126,60.211002N,24.119144E,40,9.0,304
5611,T,220830,061127,60.211018N,24.119104E,40,9.1,304
5612,T,220830,061128,60.211033N,24.119064E,41,9.6,305
5613,T,220830,061129,60.211048N,24.119026E,41,9.6,305
5614,T,220830,061130,60.211056N,24.118990E,41,9.1,299
5615,T,220830,061131,60.211067N,24.118950E,41,9.1,298
5616,T,220830,061132,60.211082N,24.118908E,42,9.8,298
5617,T,220830,061133,60.211098N,24.118864E,42,9.4,301
5618,T,220830,061134,60.211109N,24.118824E,42,9.4,301
5619,T,220830,061135,60.211124N,24.118784E,42,9.4,303
5620,T,220830,061136,60.211136N,24.118742E,42,9.4,303
5621,T,220830,061137,60.211151N,24.118698E,42,10.2,303
5622,T,220830,061138,60.211159N,24.118656E,43,10.2,304
5623,T,220830,061139,60.211178N,24.118610E,43,11.0,304
5624,T,220830,061140,60.211193N,24.118561E,43,13.1,310
5625,T,220830,061141,60.211208N,24.118504E,42,13.7,307
5626,T,220830,061142,60.211227N,24.118450E,42,12.9,304
5627,T,220830,061143,60.211243N,24.118395E,41,13.0,301
5628,T,220830,061144,60.211262N,24.118338E,41,12.9,305
5629,T,220830,061145,60.211285N,24.118294E,41,12.2,322
5630,T,220830,061146,60.211311N,24.118265E,41,14.0,348
5631,T,220830,061147,60.211349N,24.118263E,41,13.5,5
5632,T,220830,061148,60.211380N,24.118284E,41,12.9,28
5633,T,220830,061149,60.211403N,24.118322E,41,13.5,41
5634,T,220830,061150,60.211433N,24.118374E,41,13.8,50
5635,T,220830,061151,60.211449N,24.118431E,42,13.9,60
5636,T,220830,061152,60.211468N,24.118496E,42,14.4,59
5637,T,220830,061153,60.211487N,24.118565E,42,14.5,58
5638,T,220830,061154,60.211514N,24.118629E,42,15.0,55
5639,T,220830,061155,60.211540N,24.118694E,42,15.3,47
5640,T,220830,061156,60.211567N,24.118752E,42,15.2,47
5641,T,220830,061157,60.211597N,24.118809E,43,15.3,47
5642,T,220830,061158,60.211624N,24.118868E,43,15.7,46
5643,T,220830,061159,60.211655N,24.118929E,43,16.7,45
5644,T,220830,061200,60.211685N,24.118986E,43,15.5,46
5645,T,220830,061201,60.211712N,24.119043E,43,16.0,45
5646,T,220830,061202,60.211739N,24.119104E,43,16.7,46
5647,T,220830,061203,60.211769N,24.119164E,43,17.4,46
5648,T,220830,061204,60.211796N,24.119228E,43,17.9,47
5649,T,220830,061205,60.211826N,24.119295E,43,18.3,47
5650,T,220830,061206,60.211861N,24.119364E,43,18.9,48
5651,T,220830,061207,60.211891N,24.119436E,43,19.0,47
5652,T,220830,061208,60.211929N,24.119505E,43,19.0,47
5653,T,220830,061209,60.211960N,24.119576E,43,18.9,47
5654,T,220830,061210,60.211990N,24.119646E,43,19.0,46
5655,T,220830,061211,60.212029N,24.119720E,43,19.5,46
5656,T,220830,061212,60.212059N,24.119795E,43,19.8,47
5657,T,220830,061213,60.212093N,24.119869E,43,20.4,48
5658,T,220830,061214,60.212128N,24.119946E,42,20.4,48
5659,T,220830,061215,60.212166N,24.120024E,42,20.4,48
5660,T,220830,061216,60.212196N,24.120100E,42,20.4,48
5661,T,220830,061217,60.212231N,24.120176E,42,20.3,48
5662,T,220830,061218,60.212265N,24.120253E,42,20.4,47
5663,T,220830,061219,60.212299N,24.120325E,42,20.8,47
5664,T,220830,061220,60.212337N,24.120403E,42,21.3,46
5665,T,220830,061221,60.212376N,24.120480E,42,21.8,45
5666,T,220830,061222,60.212418N,24.120556E,42,21.8,44
5667,T,220830,061223,60.212452N,24.120636E,42,21.8,44
5668,T,220830,061224,60.212494N,24.120718E,41,21.9,43
5669,T,220830,061225,60.212532N,24.120802E,41,22.6,44
5670,T,220830,061226,60.212570N,24.120886E,40,23.6,45
5671,T,220830,061227,60.212612N,24.120975E,40,24.7,46
5672,T,220830,061228,60.212654N,24.121071E,40,25.6,46
5673,T,220830,061229,60.212700N,24.121170E,39,26.7,48
5674,T,220830,061230,60.212746N,24.121277E,39,27.1,49
5675,T,220830,061231,60.212780N,24.121391E,39,27.0,58
5676,T,220830,061232,60.212807N,24.121511E,39,26.2,67
5677,T,220830,061233,60.212833N,24.121635E,39,25.1,75
5678,T,220830,061234,60.212841N,24.121756E,39,23.9,80
5679,T,220830,061235,60.212845N,24.121868E,39,22.3,82
5680,T,220830,061236,60.212849N,24.121977E,40,20.8,85
5681,T,220830,061237,60.212849N,24.122074E,40,19.7,87
5682,T,220830,061238,60.212849N,24.122171E,40,19.3,86
5683,T,220830,061239,60.212852N,24.122271E,40,20.2,85
5684,T,220830,061240,60.212852N,24.122375E,39,21.1,87
5685,T,220830,061241,60.212852N,24.122484E,39,22.3,88
5686,T,220830,061242,60.212849N,24.122597E,39,22.4,91
5687,T,220830,061243,60.212841N,24.122707E,39,22.4,92
5688,T,220830,061244,60.212837N,24.122820E,39,22.3,94
5689,T,220830,061245,60.212833N,24.122931E,39,22.2,96
5690,T,220830,061246,60.212826N,24.123041E,39,22.3,96
5691,T,220830,061247,60.212818N,24.123156E,39,22.2,95
5692,T,220830,061248,60.212814N,24.123266E,38,22.2,93
5693,T,220830,061249,60.212814N,24.123377E,38,22.1,92
5694,T,220830,061250,60.212826N,24.123484E,38,21.6,77
5695,T,220830,061251,60.212841N,24.123587E,38,20.6,68
5696,T,220830,061252,60.212864N,24.123676E,38,19.3,55
5697,T,220830,061253,60.212891N,24.123753E,38,19.3,47
5698,T,220830,061254,60.212929N,24.123823E,38,18.9,46
5699,T,220830,061255,60.212959N,24.123898E,38,18.4,45
5700,T,220830,061256,60.212997N,24.123964E,38,17.4,46
5701,T,220830,061257,60.213024N,24.124025E,38,16.3,46
5702,T,220830,061258,60.213055N,24.124084E,38,15.5,44
5703,T,220830,061259,60.213081N,24.124134E,38,15.0,41
5704,T,220830,061300,60.213108N,24.124182E,39,13.2,46
5705,T,220830,061301,60.213127N,24.124226E,38,12.3,45
5706,T,220830,061302,60.213146N,24.124266E,38,10.8,44
5707,T,220830,061303,60.213169N,24.124308E,38,12.1,46
5708,T,220830,061304,60.213188N,24.124348E,38,12.1,39
5709,T,220830,061305,60.213207N,24.124388E,39,10.9,40
5710,T,220830,061306,60.213230N,24.124430E,39,12.2,42
5711,T,220830,061307,60.213253N,24.124475E,39,12.3,43
5712,T,220830,061308,60.213272N,24.124521E,39,13.5,43
5713,T,220830,061309,60.213299N,24.124573E,39,14.3,45
5714,T,220830,061310,60.213326N,24.124626E,39,15.8,46
5715,T,220830,061311,60.213352N,24.124683E,39,15.1,47
5716,T,220830,061312,60.213375N,24.124743E,38,17.0,47
5717,T,220830,061313,60.213409N,24.124804E,38,17.5,45
5718,T,220830,061314,60.213436N,24.124863E,38,16.8,43
5719,T,220830,061315,60.213463N,24.124920E,37,16.2,43
5720,T,220830,061316,60.213497N,24.124966E,38,14.1,42
5721,T,220830,061317,60.213524N,24.125000E,37,13.4,41
5722,T,220830,061318,60.213551N,24.125025E,37,11.3,40
5723,T,220830,061319,60.213581N,24.125042E,37,11.7,13
5724,T,220830,061320,60.213608N,24.125051E,37,12.1,7
5725,T,220830,061321,60.213631N,24.125059E,37,11.2,10
5726,T,220830,061322,60.213661N,24.125069E,37,12.0,8
5727,T,220830,061323,60.213692N,24.125076E,38,12.0,6
5728,T,220830,061324,60.213718N,24.125080E,38,11.8,4
5729,T,220830,061325,60.213753N,24.125082E,38,12.9,1
5730,T,220830,061326,60.213791N,24.125082E,39,12.9,0
5731,T,220830,061327,60.213825N,24.125074E,39,12.5,357
5732,T,220830,061328,60.213856N,24.125067E,40,10.5,357
5733,T,220830,061329,60.213879N,24.125065E,39,9.4,358
5734,T,220830,061330,60.213902N,24.125065E,40,7.9,358
5735,T,220830,061331,60.213921N,24.125065E,40,6.0,357
5736,T,220830,061332,60.213936N,24.125065E,40,5.5,5
5737,T,220830,061333,60.213951N,24.125067E,41,4.7,5
5738,T,220830,061334,60.213959N,24.125072E,41,4.1,5
5739,T,220830,061335,60.213966N,24.125076E,41,0.0,5
5740,T,220830,061336,60.213978N,24.125082E,41,0.0,5
5741,T,220830,061337,60.213982N,24.125080E,41,0.0,5
5742,T,220830,061338,60.213982N,24.125080E,41,0.0,5
5743,T,220830,061339,60.213985N,24.125080E,41,0.0,5
5744,T,220830,061340,60.213985N,24.125082E,41,0.0,5
5745,T,220830,061341,60.213985N,24.125082E,41,0.0,5
5746,T,220830,061342,60.213989N,24.125084E,41,0.0,5
5747,T,220830,061343,60.213989N,24.125082E,41,0.0,5
5748,T,220830,061344,60.213993N,24.125078E,41,0.0,5
5749,T,220830,061345,60.213993N,24.125076E,41,0.0,5
5750,T,220830,061346,60.213993N,24.125076E,41,0.0,5
5751,T,220830,061347,60.213993N,24.125078E,42,0.0,5
5752,T,220830,061348,60.214001N,24.125082E,42,0.0,5
5753,T,220830,061349,60.214005N,24.125084E,42,0.0,5
5754,T,220830,061350,60.214012N,24.125086E,42,4.2,5
5755,T,220830,061351,60.214024N,24.125084E,42,5.9,358
5756,T,220830,061352,60.214043N,24.125084E,42,8.1,359
5757,T,220830,061353,60.214069N,24.125082E,41,9.9,356
5758,T,220830,061354,60.214096N,24.125076E,41,11.5,355
5759,T,220830,061355,60.214127N,24.125071E,41,13.1,357
5760,T,220830,061356,60.214165N,24.125065E,41,13.2,356
5761,T,220830,061357,60.214207N,24.125065E,41,15.9,355
5762,T,220830,061358,60.214256N,24.125065E,41,16.0,355
5763,T,220830,061359,60.214306N,24.125055E,41,17.2,356
5764,T,220830,061400,60.214352N,24.125048E,41,16.9,356
5765,T,220830,061401,60.214394N,24.125038E,41,17.4,355
5766,T,220830,061402,60.214436N,24.125019E,41,17.0,355
5767,T,220830,061403,60.214485N,24.125015E,41,17.1,359
5768,T,220830,061404,60.214527N,24.125013E,40,17.6,357
5769,T,220830,061405,60.214573N,24.125006E,40,18.3,357
5770,T,220830,061406,60.214619N,24.124998E,40,18.7,357
5771,T,220830,061407,60.214672N,24.124987E,39,18.2,356
5772,T,220830,061408,60.214722N,24.124981E,39,19.1,358
5773,T,220830,061409,60.214767N,24.124971E,39,20.1,356
5774,T,220830,061410,60.214821N,24.124964E,38,20.7,357
5775,T,220830,061411,60.214874N,24.124960E,38,22.1,357
5776,T,220830,061412,60.214931N,24.124952E,38,23.0,355
5777,T,220830,061413,60.214993N,24.124943E,39,21.2,355
5778,T,220830,061414,60.215042N,24.124935E,39,20.0,355
5779,T,220830,061415,60.215092N,24.124935E,39,17.8,355
5780,T,220830,061416,60.215141N,24.124931E,39,18.3,356
5781,T,220830,061417,60.215183N,24.124928E,39,16.8,355
5782,T,220830,061418,60.215229N,24.124924E,40,15.5,358
5783,T,220830,061419,60.215271N,24.124920E,40,16.1,1
5784,T,220830,061420,60.215313N,24.124918E,40,14.0,0
5785,T,220830,061421,60.215351N,24.124924E,40,15.4,11
5786,T,220830,061422,60.215393N,24.124945E,40,14.5,16
5787,T,220830,061423,60.215427N,24.124966E,40,14.5,17
5788,T,220830,061424,60.215462N,24.124994E,40,14.4,27
5789,T,220830,061425,60.215496N,24.125023E,40,14.0,24
5790,T,220830,061426,60.215523N,24.125051E,40,13.5,25
5791,T,220830,061427,60.215557N,24.125093E,41,14.7,26
5792,T,220830,061428,60.215591N,24.125143E,41,14.9,28
5793,T,220830,061429,60.215630N,24.125204E,41,14.7,29
5794,T,220830,061430,60.215660N,24.125248E,41,14.1,30
5795,T,220830,061431,60.215691N,24.125298E,42,14.0,32
5796,T,220830,061432,60.215721N,24.125347E,43,14.0,33
5797,T,220830,061433,60.215748N,24.125402E,43,14.0,34
5798,T,220830,061434,60.215771N,24.125456E,43,14.5,51
5799,T,220830,061435,60.215801N,24.125509E,44,14.6,50
5800,T,220830,061436,60.215832N,24.125568E,44,15.9,50
5801,T,220830,061437,60.215858N,24.125629E,44,17.2,49
5802,T,220830,061438,60.215893N,24.125698E,44,18.2,48
5803,T,220830,061439,60.215919N,24.125771E,44,18.5,49
5804,T,220830,061440,60.215954N,24.125841E,44,18.0,49
5805,T,220830,061441,60.215981N,24.125914E,44,17.2,55
5806,T,220830,061442,60.216003N,24.125986E,44,18.0,56
5807,T,220830,061443,60.216026N,24.126062E,44,17.5,58
5808,T,220830,061444,60.216049N,24.126137E,44,16.3,63
5809,T,220830,061445,60.216064N,24.126205E,44,16.2,63
5810,T,220830,061446,60.216084N,24.126276E,44,15.5,63
5811,T,220830,061447,60.216099N,24.126345E,44,15.6,63
5812,T,220830,061448,60.216122N,24.126408E,44,12.4,63
5813,T,220830,061449,60.216133N,24.126463E,44,11.2,62
5814,T,220830,061450,60.216148N,24.126518E,44,12.2,63
5815,T,220830,061451,60.216156N,24.126572E,44,10.1,65
5816,T,220830,061452,60.216164N,24.126616E,44,9.0,66
5817,T,220830,061453,60.216167N,24.126656E,44,7.2,73
5818,T,220830,061454,60.216167N,24.126690E,44,5.6,86
5819,T,220830,061455,60.216171N,24.126717E,43,4.2,86
5820,T,220830,061456,60.216179N,24.126730E,43,0.0,86
5821,T,220830,061457,60.216183N,24.126726E,43,0.0,86
5822,T,220830,061458,60.216179N,24.126720E,43,0.0,86
5823,T,220830,061459,60.216175N,24.126711E,43,0.0,86
5824,T,220830,061500,60.216171N,24.126701E,43,3.6,86
5825,T,220830,061501,60.216167N,24.126684E,43,3.6,241
5826,T,220830,061502,60.216160N,24.126659E,43,3.8,242
5827,T,220830,061503,60.216152N,24.126640E,43,3.8,244
5828,T,220830,061504,60.216152N,24.126623E,43,0.0,244
5829,T,220830,061505,60.216145N,24.126619E,44,0.0,244
5830,T,220830,061506,60.216141N,24.126619E,44,0.0,244
5831,T,220830,061507,60.216141N,24.126617E,44,0.0,244
5832,T,220830,061508,60.216141N,24.126612E,44,0.0,244
5833,T,220830,061509,60.216141N,24.126610E,44,0.0,244
5834,T,220830,061510,60.216141N,24.126610E,44,0.0,244
5835,T,220830,061511,60.216141N,24.126610E,44,0.0,244
5836,T,220830,061512,60.216141N,24.126608E,44,0.0,244
5837,T,220830,061513,60.216141N,24.126608E,44,0.0,244
5838,T,220830,061514,60.216141N,24.126608E,44,0.0,244
5839,T,220830,061515,60.216141N,24.126606E,44,0.0,244
5840,T,220830,061516,60.216141N,24.126606E,44,0.0,244
5841,T,220830,061517,60.216141N,24.126606E,44,0.0,244
5842,T,220830,061518,60.216141N,24.126606E,44,0.0,244
5843,T,220830,061519,60.216141N,24.126604E,44,0.0,244
5844,T,220830,061520,60.216141N,24.126604E,44,0.0,244
5845,T,220830,061521,60.216145N,24.126606E,44,0.0,244
5846,T,220830,061522,60.216145N,24.126606E,44,0.0,244
5847,T,220830,061523,60.216141N,24.126606E,44,0.0,244
5848,T,220830,061524,60.216141N,24.126606E,44,0.0,244
5849,T,220830,061525,60.216141N,24.126606E,44,0.0,244
5850,T,220830,061526,60.216141N,24.126606E,44,0.0,244
5851,T,220830,061527,60.216141N,24.126606E,44,0.0,244
5852,T,220830,061528,60.216141N,24.126606E,44,0.0,244
5853,T,220830,061529,60.216141N,24.126606E,44,0.0,244
5854,T,220830,061530,60.216141N,24.126604E,44,0.0,244
5855,T,220830,061531,60.216141N,24.126604E,44,0.0,244
5856,T,220830,061532,60.216141N,24.126604E,44,0.0,244
5857,T,220830,061533,60.216141N,24.126604E,44,0.0,244
5858,T,220830,061534,60.216141N,24.126604E,44,0.0,244
5859,T,220830,061535,60.216141N,24.126604E,44,0.0,244
5860,T,220830,061536,60.216141N,24.126604E,44,0.0,244
5861,T,220830,061537,60.216141N,24.126604E,44,0.0,244
5862,T,220830,061538,60.216141N,24.126604E,44,0.0,244
5863,T,220830,061539,60.216141N,24.126602E,44,0.0,244
5864,T,220830,061540,60.216137N,24.126575E,44,4.4,251
5865,T,220830,061541,60.216129N,24.126539E,44,8.2,247
5866,T,220830,061542,60.216110N,24.126474E,44,9.2,248
5867,T,220830,061543,60.216103N,24.126404E,44,12.0,248
5868,T,220830,061544,60.216087N,24.126335E,44,13.2,246
5869,T,220830,061545,60.216072N,24.126276E,44,12.0,245
5870,T,220830,061546,60.216049N,24.126211E,44,13.8,243
5871,T,220830,061547,60.216030N,24.126144E,44,15.3,242
5872,T,220830,061548,60.216007N,24.126076E,44,16.2,236
5873,T,220830,061549,60.215988N,24.126003E,44,16.7,235
5874,T,220830,061550,60.215965N,24.125935E,44,16.4,234
5875,T,220830,061551,60.215935N,24.125862E,44,16.9,233
5876,T,220830,061552,60.215912N,24.125790E,44,17.0,232
5877,T,220830,061553,60.215881N,24.125717E,44,16.2,230
5878,T,220830,061554,60.215851N,24.125656E,44,15.2,226
5879,T,220830,061555,60.215832N,24.125595E,45,14.2,231
5880,T,220830,061556,60.215809N,24.125542E,45,12.4,234
5881,T,220830,061557,60.215794N,24.125496E,45,9.9,231
5882,T,220830,061558,60.215778N,24.125456E,45,8.4,236
5883,T,220830,061559,60.215771N,24.125418E,45,7.2,250
5884,T,220830,061600,60.215767N,24.125387E,45,5.8,248
5885,T,220830,061601,60.215763N,24.125374E,45,0.0,248
5886,T,220830,061602,60.215763N,24.125368E,45,0.0,248
5887,T,220830,061603,60.215763N,24.125366E,45,0.0,248
5888,T,220830,061604,60.215763N,24.125366E,44,0.0,248
5889,T,220830,061605,60.215763N,24.125366E,44,0.0,248
5890,T,220830,061606,60.215763N,24.125366E,44,0.0,248
5891,T,220830,061607,60.215763N,24.125366E,44,0.0,248
5892,T,220830,061608,60.215763N,24.125366E,44,0.0,248
5893,T,220830,061609,60.215763N,24.125364E,44,0.0,248
5894,T,220830,061610,60.215763N,24.125364E,44,0.0,248
5895,T,220830,061611,60.215767N,24.125366E,44,0.0,248
5896,T,220830,061612,60.215763N,24.125366E,44,0.0,248
5897,T,220830,061613,60.215763N,24.125366E,44,0.0,248
5898,T,220830,061614,60.215763N,24.125366E,44,0.0,248
5899,T,220830,061615,60.215763N,24.125366E,44,0.0,248
5900,T,220830,061616,60.215763N,24.125366E,44,0.0,248
5901,T,220830,061617,60.215763N,24.125366E,44,0.0,248
5902,T,220830,061618,60.215763N,24.125366E,44,0.0,248
5903,T,220830,061619,60.215763N,24.125366E,44,0.0,248
5904,T,220830,061620,60.215763N,24.125366E,44,0.0,248
5905,T,220830,061621,60.215763N,24.125366E,44,0.0,248
5906,T,220830,061622,60.215763N,24.125366E,44,0.0,248
5907,T,220830,061623,60.215763N,24.125366E,44,0.0,248
5908,T,220830,061624,60.215763N,24.125370E,44,0.0,248
5909,T,220830,061625,60.215759N,24.125372E,44,3.7,248
5910,T,220830,061626,60.215752N,24.125362E,44,3.7,205
5911,T,220830,061627,60.215740N,24.125338E,44,4.7,206
5912,T,220830,061628,60.215729N,24.125313E,44,7.2,208
5913,T,220830,061629,60.215714N,24.125277E,44,10.0,209
5914,T,220830,061630,60.215687N,24.125229E,44,12.1,211
5915,T,220830,061631,60.215664N,24.125177E,44,13.9,212
5916,T,220830,061632,60.215637N,24.125128E,44,14.7,213
5917,T,220830,061633,60.215603N,24.125078E,43,15.1,215
5918,T,220830,061634,60.215572N,24.125036E,43,15.8,210
5919,T,220830,061635,60.215534N,24.125000E,43,14.9,204
5920,T,220830,061636,60.215500N,24.124973E,43,14.9,198
5921,T,220830,061637,60.215466N,24.124949E,43,15.4,197
5922,T,220830,061638,60.215431N,24.124928E,43,14.6,191
5923,T,220830,061639,60.215393N,24.124916E,42,14.9,188
5924,T,220830,061640,60.215355N,24.124905E,42,15.9,185
5925,T,220830,061641,60.215317N,24.124895E,42,14.9,185
5926,T,220830,061642,60.215279N,24.124893E,42,14.5,177
5927,T,220830,061643,60.215240N,24.124901E,42,15.3,170
5928,T,220830,061644,60.215199N,24.124912E,42,15.2,171
5929,T,220830,061645,60.215160N,24.124916E,41,15.3,172
5930,T,220830,061646,60.215118N,24.124916E,41,15.9,172
5931,T,220830,061647,60.215080N,24.124916E,40,15.8,173
5932,T,220830,061648,60.215034N,24.124916E,40,16.4,176
5933,T,220830,061649,60.214996N,24.124920E,40,16.3,176
5934,T,220830,061650,60.214951N,24.124924E,39,15.8,177
5935,T,220830,061651,60.214912N,24.124931E,39,17.5,176
5936,T,220830,061652,60.214867N,24.124937E,39,15.9,176
5937,T,220830,061653,60.214825N,24.124947E,39,17.1,176
5938,T,220830,061654,60.214779N,24.124954E,38,15.9,175
5939,T,220830,061655,60.214737N,24.124960E,38,17.0,175
5940,T,220830,061656,60.214695N,24.124966E,38,16.5,176
5941,T,220830,061657,60.214653N,24.124973E,37,17.2,176
5942,T,220830,061658,60.214603N,24.124971E,37,17.8,178
5943,T,220830,061659,60.214561N,24.124973E,37,17.3,178
5944,T,220830,061700,60.214516N,24.124977E,36,17.3,179
5945,T,220830,061701,60.214474N,24.124983E,36,16.5,178
5946,T,220830,061702,60.214428N,24.124985E,36,16.6,177
5947,T,220830,061703,60.214382N,24.124994E,36,15.7,175
5948,T,220830,061704,60.214344N,24.125002E,36,14.9,174
5949,T,220830,061705,60.214314N,24.125011E,36,17.7,173
5950,T,220830,061706,60.214264N,24.125019E,36,15.4,174
5951,T,220830,061707,60.214226N,24.125019E,34,14.0,174
5952,T,220830,061708,60.214184N,24.125025E,34,14.3,171
5953,T,220830,061709,60.214149N,24.125036E,33,13.9,168
5954,T,220830,061710,60.214115N,24.125048E,33,12.7,169
5955,T,220830,061711,60.214088N,24.125055E,35,12.7,177
5956,T,220830,061712,60.214062N,24.125063E,35,11.8,178
5957,T,220830,061713,60.214035N,24.125065E,35,9.6,177
5958,T,220830,061714,60.214016N,24.125067E,36,7.7,178
5959,T,220830,061715,60.214005N,24.125072E,37,0.0,178
5960,T,220830,061716,60.214001N,24.125076E,38,0.0,178
5961,T,220830,061717,60.213993N,24.125078E,38,0.0,178
5962,T,220830,061718,60.213993N,24.125078E,38,0.0,178
5963,T,220830,061719,60.213993N,24.125076E,38,0.0,178
5964,T,220830,061720,60.213993N,24.125076E,38,0.0,178
5965,T,220830,061721,60.213997N,24.125072E,38,0.0,178
5966,T,220830,061722,60.213997N,24.125071E,38,0.0,178
5967,T,220830,061723,60.213993N,24.125071E,38,0.0,178
5968,T,220830,061724,60.213993N,24.125067E,38,0.0,178
5969,T,220830,061725,60.213993N,24.125067E,38,0.0,178
5970,T,220830,061726,60.213993N,24.125067E,38,0.0,178
5971,T,220830,061727,60.213993N,24.125065E,38,0.0,178
5972,T,220830,061728,60.213989N,24.125065E,38,0.0,178
5973,T,220830,061729,60.213989N,24.125065E,38,0.0,178
5974,T,220830,061730,60.213985N,24.125059E,38,3.8,178
5975,T,220830,061731,60.213966N,24.125055E,39,5.6,196
5976,T,220830,061732,60.213940N,24.125046E,39,7.1,198
5977,T,220830,061733,60.213902N,24.125044E,39,9.3,196
5978,T,220830,061734,60.213871N,24.125044E,39,10.7,194
5979,T,220830,061735,60.213837N,24.125044E,38,11.3,193
5980,T,220830,061736,60.213799N,24.125044E,38,12.4,192
5981,T,220830,061737,60.213768N,24.125046E,38,12.8,190
5982,T,220830,061738,60.213734N,24.125044E,38,13.2,189
5983,T,220830,061739,60.213699N,24.125038E,38,13.1,188
5984,T,220830,061740,60.213665N,24.125036E,38,13.5,186
5985,T,220830,061741,60.213623N,24.125029E,38,14.1,187
5986,T,220830,061742,60.213589N,24.125015E,37,14.1,192
5987,T,220830,061743,60.213547N,24.124996E,37,17.0,196
5988,T,220830,061744,60.213505N,24.124966E,37,17.9,201
5989,T,220830,061745,60.213459N,24.124924E,37,18.4,211
5990,T,220830,061746,60.213425N,24.124870E,36,17.7,217
5991,T,220830,061747,60.213387N,24.124807E,36,18.4,224
5992,T,220830,061748,60.213356N,24.124739E,36,18.1,230
5993,T,220830,061749,60.213329N,24.124670E,36,18.4,228
5994,T,220830,061750,60.213299N,24.124601E,36,18.0,228
5995,T,220830,061751,60.213268N,24.124535E,36,17.6,229
5996,T,220830,061752,60.213242N,24.124464E,36,18.5,229
5997,T,220830,061753,60.213207N,24.124397E,36,18.5,220
5998,T,220830,061754,60.213173N,24.124338E,35,17.2,220
5999,T,220830,061755,60.213139N,24.124271E,35,19.3,221
6000,T,220830,061756,60.213104N,24.124195E,35,21.0,221
6001,T,220830,061757,60.213062N,24.124117E,34,23.1,223
6002,T,220830,061758,60.213020N,24.124027E,34,24.8,224
6003,T,220830,061759,60.212975N,24.123938E,34,25.4,224
6004,T,220830,061800,60.212929N,24.123846E,33,25.5,225
6005,T,220830,061801,60.212887N,24.123751E,33,25.8,226
6006,T,220830,061802,60.212849N,24.123648E,33,25.5,235
6007,T,220830,061803,60.212814N,24.123535E,33,24.1,245
6008,T,220830,061804,60.212795N,24.123423E,33,22.7,255
6009,T,220830,061805,60.212788N,24.123308E,33,22.1,265
6010,T,220830,061806,60.212788N,24.123194E,33,22.1,268
6011,T,220830,061807,60.212788N,24.123083E,33,22.0,273
6012,T,220830,061808,60.212795N,24.122976E,34,21.2,277
6013,T,220830,061809,60.212799N,24.122869E,34,20.1,275
6014,T,220830,061810,60.212803N,24.122763E,34,20.9,276
6015,T,220830,061811,60.212811N,24.122656E,34,20.6,275
6016,T,220830,061812,60.212814N,24.122553E,34,20.5,274
6017,T,220830,061813,60.212818N,24.122448E,35,20.3,272
6018,T,220830,061814,60.212818N,24.122347E,36,19.7,270
6019,T,220830,061815,60.212818N,24.122248E,36,19.2,268
6020,T,220830,061816,60.212818N,24.122152E,36,18.9,267
6021,T,220830,061817,60.212818N,24.122055E,36,18.8,266
6022,T,220830,061818,60.212818N,24.121960E,36,18.9,266
6023,T,220830,061819,60.212814N,24.121855E,36,20.7,266
6024,T,220830,061820,60.212811N,24.121742E,36,22.5,264
6025,T,220830,061821,60.212803N,24.121626E,36,23.6,264
6026,T,220830,061822,60.212791N,24.121510E,36,24.6,254
6027,T,220830,061823,60.212772N,24.121395E,36,24.7,245
6028,T,220830,061824,60.212742N,24.121284E,36,24.8,239
6029,T,220830,061825,60.212708N,24.121180E,36,24.1,235
6030,T,220830,061826,60.212673N,24.121086E,37,23.0,231
6031,T,220830,061827,60.212635N,24.121000E,37,21.9,227
6032,T,220830,061828,60.212601N,24.120922E,38,20.1,227
6033,T,220830,061829,60.212563N,24.120848E,38,19.6,227
6034,T,220830,061830,60.212528N,24.120775E,39,18.0,227
6035,T,220830,061831,60.212502N,24.120712E,39,17.6,227
6036,T,220830,061832,60.212467N,24.120646E,39,16.5,228
6037,T,220830,061833,60.212440N,24.120586E,40,16.2,229
6038,T,220830,061834,60.212406N,24.120523E,40,16.7,228
6039,T,220830,061835,60.212379N,24.120464E,40,17.2,228
6040,T,220830,061836,60.212345N,24.120403E,40,18.1,226
6041,T,220830,061837,60.212311N,24.120338E,40,18.2,225
6042,T,220830,061838,60.212280N,24.120274E,40,18.5,225
6043,T,220830,061839,60.212250N,24.120205E,40,18.8,226
6044,T,220830,061840,60.212215N,24.120136E,40,18.9,226
6045,T,220830,061841,60.212185N,24.120064E,40,19.4,228
6046,T,220830,061842,60.212151N,24.119993E,40,19.9,228
6047,T,220830,061843,60.212116N,24.119921E,40,19.9,228
6048,T,220830,061844,60.212078N,24.119844E,40,20.1,228
6049,T,220830,061845,60.212048N,24.119770E,40,20.2,228
6050,T,220830,061846,60.212013N,24.119696E,40,20.0,228
6051,T,220830,061847,60.211979N,24.119623E,40,19.3,228
6052,T,220830,061848,60.211945N,24.119556E,40,19.2,227
6053,T,220830,061849,60.211910N,24.119486E,40,19.2,227
6054,T,220830,061850,60.211880N,24.119415E,40,19.5,227
6055,T,220830,061851,60.211845N,24.119343E,40,19.6,226
6056,T,220830,061852,60.211807N,24.119268E,40,19.6,226
6057,T,220830,061853,60.211777N,24.119194E,40,19.6,227
6058,T,220830,061854,60.211742N,24.119120E,41,19.2,227
6059,T,220830,061855,60.211712N,24.119047E,41,19.2,228
6060,T,220830,061856,60.211681N,24.118977E,41,18.3,228
6061,T,220830,061857,60.211647N,24.118908E,41,19.2,227
6062,T,220830,061858,60.211617N,24.118837E,41,20.2,227
6063,T,220830,061859,60.211578N,24.118759E,40,21.9,226
6064,T,220830,061900,60.211544N,24.118675E,40,22.3,227
6065,T,220830,061901,60.211506N,24.118591E,40,23.3,227
6066,T,220830,061902,60.211468N,24.118498E,40,23.5,228
6067,T,220830,061903,60.211433N,24.118401E,39,24.5,228
6068,T,220830,061904,60.211395N,24.118296E,39,25.1,229
6069,T,220830,061905,60.211361N,24.118183E,39,25.2,230
6070,T,220830,061906,60.211330N,24.118069E,39,25.2,247
6071,T,220830,061907,60.211311N,24.117950E,38,25.1,254
6072,T,220830,061908,60.211300N,24.117834E,38,24.7,260
6073,T,220830,061909,60.211288N,24.117716E,37,24.6,260
6074,T,220830,061910,60.211281N,24.117598E,37,24.6,261
6075,T,220830,061911,60.211273N,24.117477E,36,25.0,261
6076,T,220830,061912,60.211266N,24.117355E,36,25.0,260
6077,T,220830,061913,60.211254N,24.117228E,36,25.6,259
6078,T,220830,061914,60.211243N,24.117096E,35,26.7,258
6079,T,220830,061915,60.211231N,24.116962E,35,26.7,258
6080,T,220830,061916,60.211216N,24.116829E,35,27.1,257
6081,T,220830,061917,60.211201N,24.116693E,35,27.0,257
6082,T,220830,061918,60.211189N,24.116558E,35,26.9,257
6083,T,220830,061919,60.211178N,24.116425E,35,26.8,258
6084,T,220830,061920,60.211163N,24.116285E,34,27.4,258
6085,T,220830,061921,60.211151N,24.116150E,34,27.4,259
6086,T,220830,061922,60.211140N,24.116014E,34,27.5,259
6087,T,220830,061923,60.211128N,24.115873E,34,27.9,260
6088,T,220830,061924,60.211117N,24.115736E,34,27.8,260
6089,T,220830,061925,60.211109N,24.115597E,34,27.7,261
6090,T,220830,061926,60.211098N,24.115461E,34,27.1,260
6091,T,220830,061927,60.211082N,24.115328E,33,27.0,260
6092,T,220830,061928,60.211071N,24.115196E,33,26.5,260
6093,T,220830,061929,60.211060N,24.115068E,33,26.2,259
6094,T,220830,061930,60.211044N,24.114943E,33,26.1,258
6095,T,220830,061931,60.211033N,24.114817E,33,26.1,258
6096,T,220830,061932,60.211021N,24.114689E,34,26.0,257
6097,T,220830,061933,60.211006N,24.114565E,34,25.6,256
6098,T,220830,061934,60.210991N,24.114437E,34,25.3,256
6099,T,220830,061935,60.210979N,24.114317E,34,25.2,256
6100,T,220830,061936,60.210960N,24.114195E,34,24.9,255
6101,T,220830,061937,60.210949N,24.114077E,34,24.8,255
6102,T,220830,061938,60.210930N,24.113955E,34,24.7,255
6103,T,220830,061939,60.210915N,24.113836E,34,24.7,256
6104,T,220830,061940,60.210903N,24.113716E,34,24.3,256
6105,T,220830,061941,60.210888N,24.113598E,34,23.9,257
6106,T,220830,061942,60.210880N,24.113483E,34,23.5,259
6107,T,220830,061943,60.210873N,24.113367E,33,23.5,260
6108,T,220830,061944,60.210865N,24.113253E,33,23.6,261
6109,T,220830,061945,60.210857N,24.113134E,33,24.3,263
6110,T,220830,061946,60.210857N,24.113010E,32,25.0,264
6111,T,220830,061947,60.210857N,24.112885E,32,25.8,265
6112,T,220830,061948,60.210861N,24.112757E,31,26.1,266
6113,T,220830,061949,60.210865N,24.112629E,31,25.6,267
6114,T,220830,061950,60.210873N,24.112503E,31,24.2,268
6115,T,220830,061951,60.210873N,24.112389E,31,23.4,268
6116,T,220830,061952,60.210869N,24.112278E,31,21.4,262
6117,T,220830,061953,60.210861N,24.112183E,31,18.4,257
6118,T,220830,061954,60.210854N,24.112099E,31,15.6,260
6119,T,220830,061955,60.210854N,24.112028E,31,12.7,262
6120,T,220830,061956,60.210869N,24.111963E,31,14.2,266
6121,T,220830,061957,60.210896N,24.111916E,31,17.1,272
6122,T,220830,061958,60.210938N,24.111881E,31,18.1,347
6123,T,220830,061959,60.210983N,24.111864E,30,19.9,356
6124,T,220830,062000,60.211037N,24.111856E,30,21.0,353
6125,T,220830,062001,60.211086N,24.111834E,29,22.7,353
6126,T,220830,062002,60.211147N,24.111795E,29,23.9,351
6127,T,220830,062003,60.211208N,24.111742E,29,25.7,350
6128,T,220830,062004,60.211269N,24.111691E,29,26.7,348
6129,T,220830,062005,60.211327N,24.111635E,28,27.7,347
6130,T,220830,062006,60.211395N,24.111576E,28,29.5,346
6131,T,220830,062007,60.211468N,24.111519E,27,29.4,345
6132,T,220830,062008,60.211536N,24.111454E,27,29.9,344
6133,T,220830,062009,60.211609N,24.111391E,27,30.0,343
6134,T,220830,062010,60.211681N,24.111330E,26,31.5,342
6135,T,220830,062011,60.211754N,24.111265E,26,30.5,341
6136,T,220830,062012,60.211819N,24.111206E,25,30.6,339
6137,T,220830,062013,60.211891N,24.111151E,25,31.1,338
6138,T,220830,062014,60.211964N,24.111094E,25,30.5,337
6139,T,220830,062015,60.212036N,24.111038E,24,30.5,336
6140,T,220830,062016,60.212105N,24.110977E,24,30.3,335
6141,T,220830,062017,60.212173N,24.110920E,23,29.0,335
6142,T,220830,062018,60.212238N,24.110861E,23,28.7,335
6143,T,220830,062019,60.212303N,24.110804E,23,27.9,336
6144,T,220830,062020,60.212368N,24.110750E,23,27.1,337
6145,T,220830,062021,60.212429N,24.110697E,23,26.2,337
6146,T,220830,062022,60.212486N,24.110643E,23,25.3,337
6147,T,220830,062023,60.212540N,24.110594E,23,24.4,337
6148,T,220830,062024,60.212597N,24.110544E,23,23.5,336
6149,T,220830,062025,60.212646N,24.110495E,23,23.4,336
6150,T,220830,062026,60.212700N,24.110443E,23,23.0,336
6151,T,220830,062027,60.212757N,24.110395E,23,23.4,337
6152,T,220830,062028,60.212807N,24.110352E,23,22.6,338
6153,T,220830,062029,60.212860N,24.110302E,23,22.7,330
6154,T,220830,062030,60.212914N,24.110250E,23,21.5,333
6155,T,220830,062031,60.212955N,24.110207E,23,20.6,336
6156,T,220830,062032,60.213005N,24.110167E,23,19.8,338
6157,T,220830,062033,60.213047N,24.110130E,23,19.2,337
6158,T,220830,062034,60.213093N,24.110092E,23,19.1,337
6159,T,220830,062035,60.213135N,24.110054E,23,18.7,337
6160,T,220830,062036,60.213177N,24.110016E,23,18.7,336
6161,T,220830,062037,60.213219N,24.109976E,23,18.7,336
6162,T,220830,062038,60.213264N,24.109938E,24,18.7,336
6163,T,220830,062039,60.213303N,24.109901E,24,18.3,336
6164,T,220830,062040,60.213345N,24.109865E,24,18.0,337
6165,T,220830,062041,60.213387N,24.109835E,24,17.6,336
6166,T,220830,062042,60.213425N,24.109797E,24,17.2,336
6167,T,220830,062043,60.213463N,24.109766E,24,16.6,337
6168,T,220830,062044,60.213501N,24.109735E,25,16.2,336
6169,T,220830,062045,60.213539N,24.109711E,25,15.5,337
6170,T,220830,062046,60.213573N,24.109684E,25,15.6,337
6171,T,220830,062047,60.213608N,24.109665E,26,14.6,338
6172,T,220830,062048,60.213638N,24.109640E,26,14.9,336
6173,T,220830,062049,60.213676N,24.109612E,26,14.1,337
6174,T,220830,062050,60.213707N,24.109587E,26,12.9,336
6175,T,220830,062051,60.213734N,24.109560E,27,12.2,336
6176,T,220830,062052,60.213760N,24.109541E,27,12.1,343
6177,T,220830,062053,60.213791N,24.109522E,28,12.4,341
6178,T,220830,062054,60.213821N,24.109495E,28,12.4,339
6179,T,220830,062055,60.213848N,24.109476E,28,12.7,341
6180,T,220830,062056,60.213879N,24.109455E,28,12.8,344
6181,T,220830,062057,60.213913N,24.109440E,28,12.8,346
6182,T,220830,062058,60.213940N,24.109426E,28,12.8,348
6183,T,220830,062059,60.213970N,24.109415E,28,13.3,350
6184,T,220830,062100,60.214008N,24.109406E,28,13.6,352
6185,T,220830,062101,60.214043N,24.109404E,29,13.7,353
6186,T,220830,062102,60.214077N,24.109398E,29,13.6,354
6187,T,220830,062103,60.214111N,24.109396E,29,13.6,1
6188,T,220830,062104,60.214149N,24.109398E,29,14.4,4
6189,T,220830,062105,60.214184N,24.109406E,29,14.4,6
6190,T,220830,062106,60.214218N,24.109421E,30,14.4,7
6191,T,220830,062107,60.214256N,24.109436E,30,14.8,10
6192,T,220830,062108,60.214294N,24.109451E,30,14.7,11
6193,T,220830,062109,60.214336N,24.109472E,30,14.8,11
6194,T,220830,062110,60.214371N,24.109489E,30,14.8,11
6195,T,220830,062111,60.214413N,24.109510E,29,14.9,12
6196,T,220830,062112,60.214447N,24.109529E,30,15.2,12
6197,T,220830,062113,60.214489N,24.109547E,29,15.7,12
6198,T,220830,062114,60.214527N,24.109564E,29,15.8,12
6199,T,220830,062115,60.214573N,24.109583E,29,16.2,12
6200,T,220830,062116,60.214611N,24.109598E,29,17.2,11
6201,T,220830,062117,60.214657N,24.109610E,29,16.0,9
6202,T,220830,062118,60.214695N,24.109617E,29,16.4,8
6203,T,220830,062119,60.214737N,24.109631E,29,16.8,7
6204,T,220830,062120,60.214779N,24.109640E,29,17.2,7
6205,T,220830,062121,60.214825N,24.109652E,29,16.9,8
6206,T,220830,062122,60.214863N,24.109665E,29,16.4,8
6207,T,220830,062123,60.214905N,24.109676E,29,16.0,8
6208,T,220830,062124,60.214943N,24.109688E,29,15.7,8
6209,T,220830,062125,60.214981N,24.109695E,29,15.0,7
6210,T,220830,062126,60.215019N,24.109711E,29,14.9,8
6211,T,220830,062127,60.215057N,24.109724E,29,14.2,8
6212,T,220830,062128,60.215092N,24.109735E,29,14.7,8
6213,T,220830,062129,60.215130N,24.109743E,29,14.3,8
6214,T,220830,062130,60.215160N,24.109755E,29,14.3,8
6215,T,220830,062131,60.215195N,24.109764E,28,14.8,7
6216,T,220830,062132,60.215237N,24.109772E,28,15.5,7
6217,T,220830,062133,60.215271N,24.109779E,28,15.5,7
6218,T,220830,062134,60.215313N,24.109791E,28,15.9,7
6219,T,220830,062135,60.215351N,24.109804E,28,16.0,8
6220,T,220830,062136,60.215389N,24.109823E,28,15.9,9
6221,T,220830,062137,60.215431N,24.109837E,28,17.5,9
6222,T,220830,062138,60.215473N,24.109848E,28,17.3,9
6223,T,220830,062139,60.215511N,24.109861E,28,17.0,9
6224,T,220830,062140,60.215561N,24.109873E,27,17.7,8
6225,T,220830,062141,60.215603N,24.109879E,27,17.4,8
6226,T,220830,062142,60.215645N,24.109884E,27,17.5,7
6227,T,220830,062143,60.215687N,24.109896E,28,17.6,7
6228,T,220830,062144,60.215729N,24.109905E,27,17.0,7
6229,T,220830,062145,60.215771N,24.109919E,27,17.3,7
6230,T,220830,062146,60.215816N,24.109934E,27,16.8,8
6231,T,220830,062147,60.215858N,24.109955E,27,17.4,10
6232,T,220830,062148,60.215904N,24.109968E,27,17.0,10
6233,T,220830,062149,60.215946N,24.109980E,27,17.4,9
6234,T,220830,062150,60.215992N,24.109995E,27,16.6,10
6235,T,220830,062151,60.216030N,24.110004E,28,16.6,8
6236,T,220830,062152,60.216076N,24.110016E,28,16.3,8
6237,T,220830,062153,60.216118N,24.110027E,29,16.8,9
6238,T,220830,062154,60.216156N,24.110044E,29,15.9,9
6239,T,220830,062155,60.216194N,24.110056E,29,16.0,9
6240,T,220830,062156,60.216236N,24.110065E,29,15.5,8
6241,T,220830,062157,60.216270N,24.110073E,29,14.6,7
6242,T,220830,062158,60.216309N,24.110077E,30,14.5,6
6243,T,220830,062159,60.216343N,24.110086E,30,15.0,6
6244,T,220830,062200,60.216381N,24.110096E,30,14.2,8
6245,T,220830,062201,60.216408N,24.110107E,30,13.4,8
6246,T,220830,062202,60.216438N,24.110119E,31,13.4,9
6247,T,220830,062203,60.216473N,24.110128E,31,13.2,10
6248,T,220830,062204,60.216503N,24.110138E,31,13.4,9
6249,T,220830,062205,60.216537N,24.110144E,31,13.3,9
6250,T,220830,062206,60.216568N,24.110151E,31,13.5,7
6251,T,220830,062207,60.216599N,24.110159E,31,14.2,6
6252,T,220830,062208,60.216633N,24.110167E,30,14.2,7
6253,T,220830,062209,60.216667N,24.110178E,30,14.1,8
6254,T,220830,062210,60.216702N,24.110188E,30,13.6,9
6255,T,220830,062211,60.216732N,24.110189E,30,14.1,8
6256,T,220830,062212,60.216763N,24.110191E,30,14.2,7
6257,T,220830,062213,60.216801N,24.110201E,30,15.2,7
6258,T,220830,062214,60.216835N,24.110218E,29,15.2,7
6259,T,220830,062215,60.216873N,24.110229E,29,14.5,4
6260,T,220830,062216,60.216908N,24.110235E,29,15.0,6
6261,T,220830,062217,60.216949N,24.110247E,29,15.6,7
6262,T,220830,062218,60.216988N,24.110262E,29,16.0,9
6263,T,220830,062219,60.217026N,24.110275E,29,14.7,8
6264,T,220830,062220,60.217064N,24.110285E,29,15.1,8
6265,T,220830,062221,60.217098N,24.110296E,29,15.1,9
6266,T,220830,062222,60.217140N,24.110308E,29,15.0,9
6267,T,220830,062223,60.217175N,24.110325E,29,15.0,9
6268,T,220830,062224,60.217209N,24.110334E,29,15.0,8
6269,T,220830,062225,60.217247N,24.110340E,29,14.8,7
6270,T,220830,062226,60.217285N,24.110350E,29,14.8,7
6271,T,220830,062227,60.217319N,24.110357E,29,14.8,6
6272,T,220830,062228,60.217358N,24.110369E,29,14.7,7
6273,T,220830,062229,60.217392N,24.110378E,29,14.7,7
6274,T,220830,062230,60.217426N,24.110386E,29,14.7,7
6275,T,220830,062231,60.217464N,24.110395E,29,15.0,6
6276,T,220830,062232,60.217499N,24.110403E,29,15.4,6
6277,T,220830,062233,60.217541N,24.110416E,28,15.5,8
6278,T,220830,062234,60.217575N,24.110435E,28,16.2,10
6279,T,220830,062235,60.217617N,24.110453E,28,16.9,10
6280,T,220830,062236,60.217659N,24.110466E,28,17.8,10
6281,T,220830,062237,60.217705N,24.110476E,28,18.5,8
6282,T,220830,062238,60.217751N,24.110491E,27,18.8,7
6283,T,220830,062239,60.217800N,24.110504E,27,19.6,7
6284,T,220830,062240,60.217850N,24.110519E,27,20.4,7
6285,T,220830,062241,60.217899N,24.110537E,27,21.0,8
6286,T,220830,062242,60.217953N,24.110554E,27,21.5,8
6287,T,220830,062243,60.218006N,24.110575E,26,21.5,8
6288,T,220830,062244,60.218060N,24.110592E,26,21.6,8
6289,T,220830,062245,60.218117N,24.110607E,26,21.5,8
6290,T,220830,062246,60.218166N,24.110624E,26,21.5,9
6291,T,220830,062247,60.218220N,24.110643E,26,21.4,9
6292,T,220830,062248,60.218273N,24.110662E,26,20.7,9
6293,T,220830,062249,60.218323N,24.110678E,25,20.9,9
6294,T,220830,062250,60.218376N,24.110691E,25,20.5,8
6295,T,220830,062251,60.218430N,24.110704E,25,20.6,7
6296,T,220830,062252,60.218479N,24.110718E,25,20.7,7
6297,T,220830,062253,60.218529N,24.110735E,25,20.6,7
6298,T,220830,062254,60.218578N,24.110750E,25,20.6,8
6299,T,220830,062255,60.218628N,24.110764E,25,19.9,9
6300,T,220830,062256,60.218681N,24.110781E,25,20.2,8
6301,T,220830,062257,60.218727N,24.110794E,25,19.7,8
6302,T,220830,062258,60.218777N,24.110809E,25,19.7,9
6303,T,220830,062259,60.218822N,24.110828E,25,19.6,9
6304,T,220830,062300,60.218872N,24.110840E,25,19.7,8
6305,T,220830,062301,60.218922N,24.110844E,25,19.3,359
6306,T,220830,062302,60.218964N,24.110838E,25,18.9,354
6307,T,220830,062303,60.219013N,24.110825E,25,19.0,347
6308,T,220830,062304,60.219059N,24.110796E,25,19.0,338
6309,T,220830,062305,60.219105N,24.110756E,25,19.1,334
6310,T,220830,062306,60.219143N,24.110704E,26,19.0,327
6311,T,220830,062307,60.219185N,24.110647E,26,19.7,324
6312,T,220830,062308,60.219223N,24.110586E,26,19.7,321
6313,T,220830,062309,60.219265N,24.110523E,26,19.8,320
6314,T,220830,062310,60.219303N,24.110458E,26,19.7,318
6315,T,220830,062311,60.219341N,24.110392E,26,19.7,317
6316,T,220830,062312,60.219372N,24.110325E,26,19.5,315
6317,T,220830,062313,60.219406N,24.110245E,26,20.5,314
6318,T,220830,062314,60.219448N,24.110167E,25,21.4,316
6319,T,220830,062315,60.219482N,24.110086E,25,23.2,317
6320,T,220830,062316,60.219528N,24.110004E,25,24.2,316
6321,T,220830,062317,60.219570N,24.109919E,25,24.2,317
6322,T,220830,062318,60.219616N,24.109840E,24,22.5,319
6323,T,220830,062319,60.219662N,24.109768E,24,21.5,319
6324,T,220830,062320,60.219700N,24.109703E,24,20.8,321
6325,T,220830,062321,60.219746N,24.109642E,24,20.8,323
6326,T,220830,062322,60.219784N,24.109585E,24,19.6,325
6327,T,220830,062323,60.219830N,24.109531E,25,19.3,327
6328,T,220830,062324,60.219868N,24.109484E,25,17.9,329
6329,T,220830,062325,60.219906N,24.109444E,26,16.0,331
6330,T,220830,062326,60.219940N,24.109409E,26,15.0,333
6331,T,220830,062327,60.219975N,24.109377E,27,15.0,335
6332,T,220830,062328,60.220009N,24.109344E,27,14.0,335
6333,T,220830,062329,60.220036N,24.109316E,27,13.6,335
6334,T,220830,062330,60.220070N,24.109285E,27,13.6,334
6335,T,220830,062331,60.220097N,24.109259E,28,13.5,335
6336,T,220830,062332,60.220127N,24.109230E,28,13.2,335
6337,T,220830,062333,60.220158N,24.109201E,28,13.2,336
6338,T,220830,062334,60.220188N,24.109177E,28,13.9,336
6339,T,220830,062335,60.220219N,24.109150E,28,14.2,337
6340,T,220830,062336,60.220257N,24.109121E,28,14.6,337
6341,T,220830,062337,60.220287N,24.109097E,28,14.5,337
6342,T,220830,062338,60.220325N,24.109068E,28,14.9,338
6343,T,220830,062339,60.220360N,24.109047E,29,14.9,339
6344,T,220830,062340,60.220390N,24.109024E,29,14.9,340
6345,T,220830,062341,60.220428N,24.108995E,29,15.0,340
6346,T,220830,062342,60.220463N,24.108974E,29,15.0,341
6347,T,220830,062343,60.220501N,24.108953E,29,15.1,341
6348,T,220830,062344,60.220535N,24.108929E,29,15.1,342
6349,T,220830,062345,60.220573N,24.108904E,29,15.2,342
6350,T,220830,062346,60.220608N,24.108883E,29,14.7,342
6351,T,220830,062347,60.220646N,24.108860E,29,15.2,342
6352,T,220830,062348,60.220680N,24.108841E,29,14.9,343
6353,T,220830,062349,60.220715N,24.108818E,29,14.9,343
6354,T,220830,062350,60.220753N,24.108795E,29,14.8,343
6355,T,220830,062351,60.220787N,24.108780E,28,13.8,344
6356,T,220830,062352,60.220821N,24.108767E,28,13.2,346
6357,T,220830,062353,60.220852N,24.108753E,28,13.8,343
6358,T,220830,062354,60.220882N,24.108736E,28,12.9,345
6359,T,220830,062355,60.220917N,24.108723E,28,12.9,348
6360,T,220830,062356,60.220943N,24.108713E,28,12.8,350
6361,T,220830,062357,60.220982N,24.108706E,29,13.7,350
6362,T,220830,062358,60.221012N,24.108700E,29,13.4,352
6363,T,220830,062359,60.221046N,24.108690E,29,14.0,353
6364,T,220830,062400,60.221081N,24.108679E,29,13.6,351
6365,T,220830,062401,60.221111N,24.108669E,29,12.8,352
6366,T,220830,062402,60.221146N,24.108662E,29,13.4,353
6367,T,220830,062403,60.221176N,24.108654E,29,13.4,353
6368,T,220830,062404,60.221207N,24.108646E,29,13.3,355
6369,T,220830,062405,60.221241N,24.108641E,29,13.2,355
6370,T,220830,062406,60.221275N,24.108637E,29,13.4,356
6371,T,220830,062407,60.221313N,24.108637E,30,13.0,357
6372,T,220830,062408,60.221340N,24.108637E,30,13.1,358
6373,T,220830,062409,60.221371N,24.108637E,30,13.0,0
6374,T,220830,062410,60.221405N,24.108631E,30,13.1,356
6375,T,220830,062411,60.221439N,24.108627E,30,13.4,357
6376,T,220830,062412,60.221470N,24.108625E,29,12.2,358
6377,T,220830,062413,60.221500N,24.108622E,29,12.6,356
6378,T,220830,062414,60.221531N,24.108616E,29,13.0,355
6379,T,220830,062415,60.221569N,24.108606E,29,12.5,1
6380,T,220830,062416,60.221603N,24.108604E,29,12.5,357
6381,T,220830,062417,60.221638N,24.108599E,29,11.9,354
6382,T,220830,062418,60.221672N,24.108589E,30,12.0,351
6383,T,220830,062419,60.221699N,24.108580E,30,12.1,350
6384,T,220830,062420,60.221729N,24.108566E,30,12.9,349
6385,T,220830,062421,60.221764N,24.108557E,30,12.9,351
6386,T,220830,062422,60.221794N,24.108547E,30,13.4,348
6387,T,220830,062423,60.221832N,24.108534E,30,13.3,347
6388,T,220830,062424,60.221863N,24.108515E,31,13.4,345
6389,T,220830,062425,60.221897N,24.108492E,31,14.2,344
6390,T,220830,062426,60.221931N,24.108465E,32,14.7,343
6391,T,220830,062427,60.221966N,24.108438E,32,13.8,342
6392,T,220830,062428,60.221996N,24.108406E,32,14.1,341
6393,T,220830,062429,60.222027N,24.108374E,32,13.8,340
6394,T,220830,062430,60.222061N,24.108343E,33,13.8,339
6395,T,220830,062431,60.222088N,24.108315E,33,13.7,338
6396,T,220830,062432,60.222118N,24.108284E,33,13.7,337
6397,T,220830,062433,60.222153N,24.108255E,33,13.8,335
6398,T,220830,062434,60.222179N,24.108225E,33,14.2,334
6399,T,220830,062435,60.222218N,24.108196E,34,14.3,334
6400,T,220830,062436,60.222248N,24.108166E,34,14.4,334
6401,T,220830,062437,60.222279N,24.108135E,34,14.4,333
6402,T,220830,062438,60.222313N,24.108105E,34,14.4,334
6403,T,220830,062439,60.222340N,24.108078E,34,14.0,334
6404,T,220830,062440,60.222370N,24.108051E,34,13.9,334
6405,T,220830,062441,60.222404N,24.108023E,34,13.0,333
6406,T,220830,062442,60.222431N,24.107990E,34,13.3,333
6407,T,220830,062443,60.222462N,24.107958E,34,12.9,328
6408,T,220830,062444,60.222488N,24.107924E,34,13.6,329
6409,T,220830,062445,60.222515N,24.107889E,34,12.4,327
6410,T,220830,062446,60.222534N,24.107862E,35,12.4,327
6411,T,220830,062447,60.222561N,24.107826E,35,10.9,317
6412,T,220830,062448,60.222576N,24.107790E,35,10.8,319
6413,T,220830,062449,60.222599N,24.107752E,35,12.2,319
6414,T,220830,062450,60.222626N,24.107716E,35,12.9,320
6415,T,220830,062451,60.222652N,24.107683E,35,12.7,321
6416,T,220830,062452,60.222679N,24.107651E,35,13.7,324
6417,T,220830,062453,60.222710N,24.107616E,36,11.5,326
6418,T,220830,062454,60.222733N,24.107584E,36,12.6,327
6419,T,220830,062455,60.222759N,24.107555E,36,13.3,336
6420,T,220830,062456,60.222794N,24.107531E,36,12.0,337
6421,T,220830,062457,60.222820N,24.107504E,37,13.2,336
6422,T,220830,062458,60.222851N,24.107475E,37,13.1,334
6423,T,220830,062459,60.222885N,24.107445E,37,13.7,335
6424,T,220830,062500,60.222916N,24.107418E,37,13.8,338
6425,T,220830,062501,60.222946N,24.107395E,37,12.8,338
6426,T,220830,062502,60.222980N,24.107374E,37,12.4,339
6427,T,220830,062503,60.223007N,24.107351E,37,12.0,341
6428,T,220830,062504,60.223038N,24.107336E,38,11.1,345
6429,T,220830,062505,60.223064N,24.107321E,37,12.0,346
6430,T,220830,062506,60.223091N,24.107304E,37,12.0,346
6431,T,220830,062507,60.223122N,24.107283E,38,11.2,345
6432,T,220830,062508,60.223148N,24.107258E,38,11.9,343
6433,T,220830,062509,60.223175N,24.107237E,38,11.5,341
6434,T,220830,062510,60.223202N,24.107216E,38,10.9,338
6435,T,220830,062511,60.223225N,24.107189E,38,11.3,337
6436,T,220830,062512,60.223251N,24.107166E,38,12.5,337
6437,T,220830,062513,60.223286N,24.107140E,38,13.1,336
6438,T,220830,062514,60.223316N,24.107119E,38,13.7,337
6439,T,220830,062515,60.223351N,24.107090E,38,13.7,338
6440,T,220830,062516,60.223385N,24.107067E,39,13.2,338
6441,T,220830,062517,60.223419N,24.107046E,38,14.2,340
6442,T,220830,062518,60.223461N,24.107023E,39,14.3,340
6443,T,220830,062519,60.223495N,24.106997E,39,14.8,339
6444,T,220830,062520,60.223530N,24.106972E,39,14.3,339
6445,T,220830,062521,60.223564N,24.106953E,39,14.7,345
6446,T,220830,062522,60.223598N,24.106932E,39,15.0,343
6447,T,220830,062523,60.223637N,24.106911E,39,15.2,343
6448,T,220830,062524,60.223675N,24.106888E,39,15.8,344
6449,T,220830,062525,60.223713N,24.106876E,39,14.2,345
6450,T,220830,062526,60.223747N,24.106855E,39,14.6,342
6451,T,220830,062527,60.223782N,24.106836E,39,13.7,348
6452,T,220830,062528,60.223816N,24.106825E,40,13.4,349
6453,T,220830,062529,60.223850N,24.106810E,39,14.3,350
6454,T,220830,062530,60.223885N,24.106804E,39,14.2,350
6455,T,220830,062531,60.223919N,24.106796E,39,12.8,350
6456,T,220830,062532,60.223953N,24.106785E,40,14.0,349
6457,T,220830,062533,60.223988N,24.106771E,40,13.2,348
6458,T,220830,062534,60.224026N,24.106760E,40,12.9,348
6459,T,220830,062535,60.224056N,24.106747E,40,13.0,348
6460,T,220830,062536,60.224087N,24.106733E,40,12.0,346
6461,T,220830,062537,60.224121N,24.106716E,40,13.1,340
6462,T,220830,062538,60.224152N,24.106701E,41,13.5,340
6463,T,220830,062539,60.224182N,24.106686E,41,13.4,341
6464,T,220830,062540,60.224216N,24.106674E,41,12.9,342
6465,T,220830,062541,60.224247N,24.106665E,41,13.3,356
6466,T,220830,062542,60.224281N,24.106653E,40,13.7,355
6467,T,220830,062543,60.224312N,24.106634E,40,14.4,354
6468,T,220830,062544,60.224342N,24.106615E,40,13.4,353
6469,T,220830,062545,60.224380N,24.106598E,41,12.7,352
6470,T,220830,062546,60.224407N,24.106579E,41,12.6,338
6471,T,220830,062547,60.224442N,24.106556E,41,12.1,338
6472,T,220830,062548,60.224472N,24.106539E,41,13.8,341
6473,T,220830,062549,60.224499N,24.106520E,41,11.3,341
6474,T,220830,062550,60.224522N,24.106504E,41,10.8,342
6475,T,220830,062551,60.224545N,24.106483E,41,10.7,336
6476,T,220830,062552,60.224567N,24.106462E,41,11.2,333
6477,T,220830,062553,60.224594N,24.106440E,42,11.6,334
6478,T,220830,062554,60.224628N,24.106424E,42,11.5,334
6479,T,220830,062555,60.224655N,24.106403E,42,11.1,335
6480,T,220830,062556,60.224682N,24.106388E,43,10.1,336
6481,T,220830,062557,60.224705N,24.106375E,43,9.4,337
6482,T,220830,062558,60.224731N,24.106356E,44,11.4,338
6483,T,220830,062559,60.224758N,24.106337E,44,11.0,340
6484,T,220830,062600,60.224789N,24.106321E,44,11.5,348
6485,T,220830,062601,60.224812N,24.106308E,44,10.4,347
6486,T,220830,062602,60.224838N,24.106304E,44,11.1,5
6487,T,220830,062603,60.224873N,24.106298E,44,11.9,354
6488,T,220830,062604,60.224899N,24.106291E,44,11.8,356
6489,T,220830,062605,60.224930N,24.106291E,44,11.3,1
6490,T,220830,062606,60.224960N,24.106295E,44,11.7,10
6491,T,220830,062607,60.224987N,24.106310E,44,12.7,19
6492,T,220830,062608,60.225018N,24.106333E,44,12.7,22
6493,T,220830,062609,60.225048N,24.106359E,45,13.1,25
6494,T,220830,062610,60.225079N,24.106396E,44,14.0,32
6495,T,220830,062611,60.225109N,24.106436E,44,14.0,37
6496,T,220830,062612,60.225136N,24.106480E,44,13.6,36
6497,T,220830,062613,60.225159N,24.106524E,45,13.3,37
6498,T,220830,062614,60.225193N,24.106567E,45,13.6,36
6499,T,220830,062615,60.225216N,24.106609E,45,13.6,38
6500,T,220830,062616,60.225243N,24.106651E,44,13.6,31
6501,T,220830,062617,60.225277N,24.106684E,45,13.7,23
6502,T,220830,062618,60.225311N,24.106709E,45,13.7,16
6503,T,220830,062619,60.225349N,24.106722E,44,13.7,11
6504,T,220830,062620,60.225380N,24.106724E,44,13.4,2
6505,T,220830,062621,60.225422N,24.106718E,44,13.3,349
6506,T,220830,062622,60.225449N,24.106703E,44,13.0,344
6507,T,220830,062623,60.225479N,24.106678E,45,13.1,338
6508,T,220830,062624,60.225513N,24.106649E,45,12.4,332
6509,T,220830,062625,60.225536N,24.106615E,45,11.5,326
6510,T,220830,062626,60.225559N,24.106583E,46,11.0,321
6511,T,220830,062627,60.225578N,24.106544E,46,10.8,318
6512,T,220830,062628,60.225597N,24.106504E,46,10.4,317
6513,T,220830,062629,60.225613N,24.106466E,46,10.0,312
6514,T,220830,062630,60.225628N,24.106428E,47,10.3,313
6515,T,220830,062631,60.225647N,24.106394E,47,10.2,313
6516,T,220830,062632,60.225670N,24.106359E,47,10.6,315
6517,T,220830,062633,60.225689N,24.106331E,48,10.5,316
6518,T,220830,062634,60.225712N,24.106304E,48,10.4,317
6519,T,220830,062635,60.225731N,24.106277E,48,10.1,319
6520,T,220830,062636,60.225758N,24.106260E,49,10.1,341
6521,T,220830,062637,60.225780N,24.106247E,49,9.7,345
6522,T,220830,062638,60.225803N,24.106237E,49,9.8,350
6523,T,220830,062639,60.225834N,24.106234E,50,9.9,356
6524,T,220830,062640,60.225853N,24.106228E,50,9.1,354
6525,T,220830,062641,60.225876N,24.106228E,50,9.0,1
6526,T,220830,062642,60.225899N,24.106230E,50,9.0,2
6527,T,220830,062643,60.225922N,24.106230E,50,7.7,356
6528,T,220830,062644,60.225941N,24.106228E,50,6.7,356
6529,T,220830,062645,60.225960N,24.106228E,50,7.1,356
6530,T,220830,062646,60.225975N,24.106228E,51,6.9,2
6531,T,220830,062647,60.225990N,24.106228E,51,5.2,2
6532,T,220830,062648,60.226002N,24.106220E,51,5.2,2
6533,T,220830,062649,60.226013N,24.106215E,51,4.6,2
6534,T,220830,062650,60.226028N,24.106218E,51,3.8,2
6535,T,220830,062651,60.226036N,24.106222E,51,0.0,2
6536,T,220830,062652,60.226044N,24.106218E,51,0.0,2
6537,T,220830,062653,60.226048N,24.106218E,51,0.0,2
6538,T,220830,062654,60.226048N,24.106216E,51,0.0,2
6539,T,220830,062655,60.226048N,24.106215E,51,0.0,2
6540,T,220830,062656,60.226048N,24.106215E,51,0.0,2
6541,T,220830,062657,60.226048N,24.106216E,51,0.0,2
6542,T,220830,062658,60.226048N,24.106215E,51,0.0,2
6543,T,220830,062659,60.226048N,24.106215E,51,0.0,2
6544,T,220830,062700,60.226048N,24.106215E,51,0.0,2
6545,T,220830,062701,60.226048N,24.106215E,51,0.0,2
6546,T,220830,062702,60.226048N,24.106215E,51,0.0,2
6547,T,220830,062703,60.226048N,24.106215E,51,0.0,2
6548,T,220830,062704,60.226048N,24.106215E,51,0.0,2
6549,T,220830,062705,60.226048N,24.106215E,51,0.0,2
6550,T,220830,062706,60.226048N,24.106215E,51,0.0,2
6551,T,220830,062707,60.226048N,24.106215E,51,0.0,2
6552,T,220830,062708,60.226048N,24.106215E,51,0.0,2
6553,T,220830,062709,60.226048N,24.106215E,51,0.0,2
6554,T,220830,062710,60.226048N,24.106215E,51,0.0,2
6555,T,220830,062711,60.226048N,24.106215E,51,0.0,2
6556,T,220830,062712,60.226048N,24.106215E,51,0.0,2
6557,T,220830,062713,60.226048N,24.106215E,51,0.0,2
6558,T,220830,062714,60.226048N,24.106215E,51,0.0,2
6559,T,220830,062715,60.226048N,24.106216E,51,0.0,2
6560,T,220830,062716,60.226048N,24.106216E,52,0.0,2
6561,T,220830,062717,60.226048N,24.106216E,52,0.0,2
6562,T,220830,062718,60.226048N,24.106216E,52,0.0,2
6563,T,220830,062719,60.226048N,24.106216E,52,0.0,2
6564,T,220830,062720,60.226048N,24.106216E,52,0.0,2
6565,T,220830,062721,60.226048N,24.106216E,52,0.0,2
6566,T,220830,062722,60.226048N,24.106216E,52,0.0,2
6567,T,220830,062723,60.226048N,24.106216E,52,0.0,2
6568,T,220830,062724,60.226048N,24.106216E,52,0.0,2
6569,T,220830,062725,60.226048N,24.106216E,52,0.0,2
6570,T,220830,062726,60.226048N,24.106216E,52,0.0,2
6571,T,220830,062727,60.226048N,24.106216E,52,0.0,2
6572,T,220830,062728,60.226048N,24.106216E,52,0.0,2
6573,T,220830,062729,60.226048N,24.106216E,52,0.0,2
6574,T,220830,062730,60.226048N,24.106216E,52,0.0,2
6575,T,220830,062731,60.226048N,24.106216E,52,0.0,2
6576,T,220830,062732,60.226048N,24.106216E,52,0.0,2
6577,T,220830,062733,60.226048N,24.106216E,52,0.0,2
6578,T,220830,062734,60.226048N,24.106216E,52,0.0,2
6579,T,220830,062735,60.226048N,24.106216E,52,0.0,2
6580,T,220830,062736,60.226048N,24.106216E,52,0.0,2
6581,T,220830,062737,60.226048N,24.106216E,52,0.0,2
6582,T,220830,062738,60.226048N,24.106216E,52,0.0,2
6583,T,220830,062739,60.226048N,24.106216E,52,0.0,2
6584,T,220830,062740,60.226048N,24.106216E,52,4.4,2
6585,T,220830,062741,60.226059N,24.106243E,52,9.2,51
6586,T,220830,062742,60.226082N,24.106293E,52,13.0,50
6587,T,220830,062743,60.226109N,24.106339E,52,14.1,49
6588,T,220830,062744,60.226135N,24.106379E,52,13.6,46
6589,T,220830,062745,60.226173N,24.106407E,52,15.1,44
6590,T,220830,062746,60.226208N,24.106441E,52,15.5,41
6591,T,220830,062747,60.226246N,24.106476E,53,15.0,40
6592,T,220830,062748,60.226280N,24.106508E,53,15.0,37
6593,T,220830,062749,60.226318N,24.106543E,53,15.5,36
6594,T,220830,062750,60.226357N,24.106573E,54,15.5,34
6595,T,220830,062751,60.226395N,24.106604E,54,15.5,32
6596,T,220830,062752,60.226433N,24.106634E,54,14.7,16
6597,T,220830,062753,60.226467N,24.106655E,54,14.2,13
6598,T,220830,062754,60.226501N,24.106676E,54,14.1,15
6599,T,220830,062755,60.226536N,24.106695E,55,14.8,14
6600,T,220830,062756,60.226570N,24.106716E,55,14.2,14
6601,T,220830,062757,60.226608N,24.106735E,55,14.1,15
6602,T,220830,062758,60.226643N,24.106750E,56,14.1,13
6603,T,220830,062759,60.226681N,24.106770E,56,14.2,14
6604,T,220830,062800,60.226711N,24.106791E,56,13.7,15
6605,T,220830,062801,60.226749N,24.106804E,56,12.1,13
6606,T,220830,062802,60.226776N,24.106817E,56,11.8,17
6607,T,220830,062803,60.226807N,24.106833E,56,11.0,16
6608,T,220830,062804,60.226837N,24.106848E,56,12.4,18
6609,T,220830,062805,60.226864N,24.106857E,56,10.5,16
6610,T,220830,062806,60.226887N,24.106859E,57,10.4,16
6611,T,220830,062807,60.226917N,24.106865E,57,10.5,14
6612,T,220830,062808,60.226940N,24.106861E,57,10.4,13
6613,T,220830,062809,60.226967N,24.106855E,57,9.9,351
6614,T,220830,062810,60.226994N,24.106848E,57,10.7,352
6615,T,220830,062811,60.227009N,24.106825E,58,9.0,350
6616,T,220830,062812,60.227036N,24.106794E,58,9.0,348
6617,T,220830,062813,60.227055N,24.106764E,59,10.1,346
6618,T,220830,062814,60.227085N,24.106743E,59,9.6,336
6619,T,220830,062815,60.227104N,24.106720E,60,8.4,335
6620,T,220830,062816,60.227127N,24.106697E,60,9.1,331
6621,T,220830,062817,60.227146N,24.106676E,61,9.2,333
6622,T,220830,062818,60.227169N,24.106655E,61,8.6,336
6623,T,220830,062819,60.227188N,24.106638E,61,9.3,336
6624,T,220830,062820,60.227207N,24.106625E,61,8.8,337
6625,T,220830,062821,60.227226N,24.106611E,61,7.9,339
6626,T,220830,062822,60.227249N,24.106596E,62,8.3,335
6627,T,220830,062823,60.227264N,24.106581E,62,8.3,336
6628,T,220830,062824,60.227283N,24.106562E,62,8.4,336
6629,T,220830,062825,60.227303N,24.106541E,63,9.2,333
6630,T,220830,062826,60.227325N,24.106524E,63,8.9,334
6631,T,220830,062827,60.227348N,24.106516E,63,8.8,336
6632,T,220830,062828,60.227367N,24.106508E,63,8.4,335
6633,T,220830,062829,60.227386N,24.106499E,64,8.9,336
6634,T,220830,062830,60.227409N,24.106483E,64,8.3,338
6635,T,220830,062831,60.227428N,24.106470E,64,8.3,339
6636,T,220830,062832,60.227444N,24.106459E,65,7.7,343
6637,T,220830,062833,60.227459N,24.106445E,65,7.7,340
6638,T,220830,062834,60.227482N,24.106434E,65,7.6,337
6639,T,220830,062835,60.227501N,24.106421E,65,8.1,344
6640,T,220830,062836,60.227520N,24.106407E,65,8.0,348
6641,T,220830,062837,60.227539N,24.106401E,65,8.0,353
6642,T,220830,062838,60.227558N,24.106390E,65,7.9,340
6643,T,220830,062839,60.227581N,24.106375E,65,7.9,334
6644,T,220830,062840,60.227600N,24.106358E,65,8.2,335
6645,T,220830,062841,60.227619N,24.106348E,66,7.7,336
6646,T,220830,062842,60.227638N,24.106337E,66,8.7,338
6647,T,220830,062843,60.227665N,24.106325E,66,8.6,339
6648,T,220830,062844,60.227684N,24.106316E,66,8.6,340
6649,T,220830,062845,60.227703N,24.106306E,66,8.5,341
6650,T,220830,062846,60.227722N,24.106298E,66,8.1,343
6651,T,220830,062847,60.227745N,24.106289E,67,8.2,345
6652,T,220830,062848,60.227764N,24.106281E,67,8.6,347
6653,T,220830,062849,60.227783N,24.106276E,67,8.5,349
6654,T,220830,062850,60.227802N,24.106266E,67,8.4,349
6655,T,220830,062851,60.227825N,24.106256E,67,8.4,348
6656,T,220830,062852,60.227844N,24.106247E,67,8.5,347
6657,T,220830,062853,60.227867N,24.106236E,67,8.6,346
6658,T,220830,062854,60.227886N,24.106224E,68,8.1,340
6659,T,220830,062855,60.227909N,24.106211E,68,8.2,341
6660,T,220830,062856,60.227928N,24.106197E,68,8.5,343
6661,T,220830,062857,60.227947N,24.106186E,68,8.2,342
6662,T,220830,062858,60.227966N,24.106176E,68,8.3,341
6663,T,220830,062859,60.227985N,24.106159E,69,8.6,339
6664,T,220830,062900,60.228004N,24.106144E,69,7.9,339
6665,T,220830,062901,60.228024N,24.106131E,69,8.8,337
6666,T,220830,062902,60.228043N,24.106112E,69,8.3,336
6667,T,220830,062903,60.228065N,24.106094E,70,8.3,334
6668,T,220830,062904,60.228085N,24.106073E,70,8.9,333
6669,T,220830,062905,60.228104N,24.106050E,70,9.0,330
6670,T,220830,062906,60.228123N,24.106028E,70,8.2,329
6671,T,220830,062907,60.228142N,24.106009E,71,8.2,329
6672,T,220830,062908,60.228161N,24.105988E,71,8.3,328
6673,T,220830,062909,60.228176N,24.105967E,71,8.3,323
6674,T,220830,062910,60.228191N,24.105940E,71,8.8,320
6675,T,220830,062911,60.228207N,24.105909E,72,8.5,318
6676,T,220830,062912,60.228222N,24.105883E,72,8.3,319
6677,T,220830,062913,60.228237N,24.105850E,72,8.4,320
6678,T,220830,062914,60.228252N,24.105816E,73,8.9,320
6679,T,220830,062915,60.228271N,24.105789E,73,7.9,322
6680,T,220830,062916,60.228287N,24.105762E,73,9.4,319
6681,T,220830,062917,60.228306N,24.105730E,73,8.9,319
6682,T,220830,062918,60.228321N,24.105698E,73,8.9,318
6683,T,220830,062919,60.228336N,24.105673E,74,9.2,318
6684,T,220830,062920,60.228352N,24.105640E,74,9.4,316
6685,T,220830,062921,60.228367N,24.105606E,74,9.5,316
6686,T,220830,062922,60.228390N,24.105576E,74,9.4,316
6687,T,220830,062923,60.228405N,24.105543E,74,9.4,315
6688,T,220830,062924,60.228420N,24.105507E,75,9.9,313
6689,T,220830,062925,60.228439N,24.105473E,75,10.0,317
6690,T,220830,062926,60.228458N,24.105436E,75,10.4,318
6691,T,220830,062927,60.228481N,24.105404E,75,10.5,315
6692,T,220830,062928,60.228500N,24.105364E,75,11.2,315
6693,T,220830,062929,60.228519N,24.105324E,76,11.2,315
6694,T,220830,062930,60.228539N,24.105284E,76,11.2,315
6695,T,220830,062931,60.228561N,24.105246E,76,11.3,315
6696,T,220830,062932,60.228580N,24.105207E,76,11.6,316
6697,T,220830,062933,60.228603N,24.105167E,76,11.7,317
6698,T,220830,062934,60.228622N,24.105127E,76,11.8,317
6699,T,220830,062935,60.228649N,24.105085E,76,11.9,317
6700,T,220830,062936,60.228672N,24.105045E,77,12.6,324
6701,T,220830,062937,60.228699N,24.105007E,77,12.5,320
6702,T,220830,062938,60.228722N,24.104965E,77,12.6,317
6703,T,220830,062939,60.228748N,24.104923E,77,12.5,318
6704,T,220830,062940,60.228767N,24.104883E,77,12.7,325
6705,T,220830,062941,60.228794N,24.104853E,77,11.7,325
6706,T,220830,062942,60.228821N,24.104820E,77,11.7,327
6707,T,220830,062943,60.228844N,24.104790E,77,11.4,326
6708,T,220830,062944,60.228863N,24.104759E,77,11.0,325
6709,T,220830,062945,60.228882N,24.104729E,77,10.3,325
6710,T,220830,062946,60.228905N,24.104704E,78,10.2,326
6711,T,220830,062947,60.228924N,24.104673E,78,12.3,324
6712,T,220830,062948,60.228947N,24.104637E,78,12.2,324
6713,T,220830,062949,60.228973N,24.104607E,77,11.6,329
6714,T,220830,062950,60.229000N,24.104576E,77,12.2,330
6715,T,220830,062951,60.229027N,24.104538E,76,14.6,327
6716,T,220830,062952,60.229057N,24.104500E,77,13.8,325
6717,T,220830,062953,60.229084N,24.104464E,77,13.9,330
6718,T,220830,062954,60.229115N,24.104427E,77,14.7,331
6719,T,220830,062955,60.229149N,24.104389E,77,16.1,332
6720,T,220830,062956,60.229179N,24.104347E,76,15.7,330
6721,T,220830,062957,60.229214N,24.104313E,76,14.5,329
6722,T,220830,062958,60.229240N,24.104277E,76,13.2,328
6723,T,220830,062959,60.229271N,24.104239E,76,14.4,327
6724,T,220830,063000,60.229305N,24.104195E,76,17.6,327
6725,T,220830,063001,60.229347N,24.104143E,76,18.0,335
6726,T,220830,063002,60.229393N,24.104095E,75,20.3,331
6727,T,220830,063003,60.229439N,24.104042E,75,21.7,330
6728,T,220830,063004,60.229488N,24.103985E,74,21.2,329
6729,T,220830,063005,60.229534N,24.103931E,74,21.2,329
6730,T,220830,063006,60.229588N,24.103878E,74,23.1,332
6731,T,220830,063007,60.229641N,24.103825E,74,23.1,331
6732,T,220830,063008,60.229691N,24.103767E,74,22.1,331
6733,T,220830,063009,60.229740N,24.103706E,74,21.3,321
6734,T,220830,063010,60.229782N,24.103636E,74,21.3,317
6735,T,220830,063011,60.229820N,24.103559E,74,20.7,311
6736,T,220830,063012,60.229855N,24.103476E,74,20.2,304
6737,T,220830,063013,60.229893N,24.103399E,75,19.9,304
6738,T,220830,063014,60.229927N,24.103334E,73,20.2,303
6739,T,220830,063015,60.229961N,24.103252E,73,20.7,295
6740,T,220830,063016,60.229996N,24.103155E,74,22.2,292
6741,T,220830,063017,60.230019N,24.103050E,73,23.4,293
6742,T,220830,063018,60.230049N,24.102936E,73,25.2,294
6743,T,220830,063019,60.230080N,24.102819E,74,26.4,294
6744,T,220830,063020,60.230110N,24.102703E,74,26.5,301
6745,T,220830,063021,60.230152N,24.102598E,74,25.6,306
6746,T,220830,063022,60.230190N,24.102503E,74,24.2,309
6747,T,220830,063023,60.230232N,24.102411E,74,23.4,312
6748,T,220830,063024,60.230270N,24.102337E,74,22.7,314
6749,T,220830,063025,60.230312N,24.102259E,74,22.4,315
6750,T,220830,063026,60.230350N,24.102182E,74,22.7,313
6751,T,220830,063027,60.230389N,24.102102E,74,22.0,311
6752,T,220830,063028,60.230423N,24.102024E,73,21.3,312
6753,T,220830,063029,60.230461N,24.101955E,73,21.9,317
6754,T,220830,063030,60.230503N,24.101887E,72,22.4,319
6755,T,220830,063031,60.230545N,24.101816E,72,21.8,317
6756,T,220830,063032,60.230579N,24.101744E,72,21.3,316
6757,T,220830,063033,60.230621N,24.101671E,72,21.8,317
6758,T,220830,063034,60.230659N,24.101608E,72,20.9,323
6759,T,220830,063035,60.230701N,24.101545E,72,19.8,321
6760,T,220830,063036,60.230736N,24.101490E,71,18.8,321
6761,T,220830,063037,60.230778N,24.101439E,71,18.0,324
6762,T,220830,063038,60.230816N,24.101383E,72,19.6,325
6763,T,220830,063039,60.230850N,24.101336E,72,18.0,320
6764,T,220830,063040,60.230892N,24.101273E,72,20.2,319
6765,T,220830,063041,60.230930N,24.101208E,72,19.7,323
6766,T,220830,063042,60.230980N,24.101152E,72,21.7,323
6767,T,220830,063043,60.231026N,24.101091E,72,20.9,322
6768,T,220830,063044,60.231068N,24.101030E,72,21.4,324
6769,T,220830,063045,60.231113N,24.100967E,73,21.5,326
6770,T,220830,063046,60.231167N,24.100885E,73,23.7,325
6771,T,220830,063047,60.231216N,24.100803E,73,20.7,323
6772,T,220830,063048,60.231270N,24.100727E,72,22.8,328
6773,T,220830,063049,60.231316N,24.100660E,72,21.3,326
6774,T,220830,063050,60.231361N,24.100597E,72,19.6,324
6775,T,220830,063051,60.231403N,24.100536E,72,20.3,323
6776,T,220830,063052,60.231449N,24.100473E,72,21.8,321
6777,T,220830,063053,60.231495N,24.100403E,72,21.0,320
6778,T,220830,063054,60.231537N,24.100342E,72,19.2,321
6779,T,220830,063055,60.231579N,24.100285E,72,19.7,322
6780,T,220830,063056,60.231632N,24.100218E,71,23.1,325
6781,T,220830,063057,60.231682N,24.100155E,71,20.2,326
6782,T,220830,063058,60.231731N,24.100090E,71,22.2,331
6783,T,220830,063059,60.231785N,24.100031E,70,23.5,334
6784,T,220830,063100,60.231834N,24.099976E,69,21.3,334
6785,T,220830,063101,60.231888N,24.099932E,68,23.4,339
6786,T,220830,063102,60.231945N,24.099894E,68,20.3,342
6787,T,220830,063103,60.231995N,24.099861E,68,18.3,349
6788,T,220830,063104,60.232044N,24.099842E,68,19.3,349
6789,T,220830,063105,60.232098N,24.099825E,68,19.3,351
6790,T,220830,063106,60.232147N,24.099806E,68,18.4,349
6791,T,220830,063107,60.232201N,24.099785E,68,18.1,350
6792,T,220830,063108,60.232246N,24.099766E,68,17.1,351
6793,T,220830,063109,60.232292N,24.099754E,68,15.8,353
6794,T,220830,063110,60.232330N,24.099749E,68,15.7,2
6795,T,220830,063111,60.232376N,24.099749E,68,16.1,6
6796,T,220830,063112,60.232422N,24.099764E,67,16.7,13
6797,T,220830,063113,60.232464N,24.099775E,66,17.6,12
6798,T,220830,063114,60.232506N,24.099789E,66,13.2,13
6799,T,220830,063115,60.232540N,24.099804E,66,10.7,12
6800,T,220830,063116,60.232567N,24.099815E,66,10.1,12
6801,T,220830,063117,60.232609N,24.099831E,66,9.5,9
6802,T,220830,063118,60.232632N,24.099850E,66,8.1,9
6803,T,220830,063119,60.232655N,24.099861E,66,8.2,8
6804,T,220830,063120,60.232681N,24.099874E,66,6.5,13
6805,T,220830,063121,60.232700N,24.099892E,67,8.2,17
6806,T,220830,063122,60.232723N,24.099913E,67,8.6,16
6807,T,220830,063123,60.232746N,24.099920E,67,9.2,9
6808,T,220830,063124,60.232769N,24.099928E,66,9.3,10
6809,T,220830,063125,60.232800N,24.099937E,66,12.1,8
6810,T,220830,063126,60.232838N,24.099951E,65,14.3,11
6811,T,220830,063127,60.232872N,24.099974E,64,17.0,18
6812,T,220830,063128,60.232922N,24.100000E,63,20.7,16
6813,T,220830,063129,60.232971N,24.100040E,62,23.1,17
6814,T,220830,063130,60.233032N,24.100071E,61,23.4,12
6815,T,220830,063131,60.233097N,24.100105E,60,27.2,15
6816,T,220830,063132,60.233166N,24.100143E,59,29.0,15
6817,T,220830,063133,60.233231N,24.100182E,58,27.9,15
6818,T,220830,063134,60.233299N,24.100216E,57,26.5,15
6819,T,220830,063135,60.233364N,24.100252E,57,26.5,15
6820,T,220830,063136,60.233440N,24.100286E,55,29.7,14
6821,T,220830,063137,60.233513N,24.100304E,54,31.7,4
6822,T,220830,063138,60.233601N,24.100304E,53,32.6,356
6823,T,220830,063139,60.233681N,24.100281E,53,33.2,349
6824,T,220830,063140,60.233765N,24.100227E,51,34.7,340
6825,T,220830,063141,60.233849N,24.100163E,50,36.3,337
6826,T,220830,063142,60.233936N,24.100077E,50,37.5,330
6827,T,220830,063143,60.234020N,24.099976E,49,37.4,327
6828,T,220830,063144,60.234104N,24.099863E,48,38.6,326
6829,T,220830,063145,60.234184N,24.099756E,46,37.7,327
6830,T,220830,063146,60.234268N,24.099665E,45,35.9,336
6831,T,220830,063147,60.234352N,24.099590E,44,36.3,334
6832,T,220830,063148,60.234436N,24.099510E,43,35.6,336
6833,T,220830,063149,60.234520N,24.099443E,42,35.2,338
6834,T,220830,063150,60.234604N,24.099380E,41,35.2,339
6835,T,220830,063151,60.234692N,24.099319E,41,36.3,341
6836,T,220830,063152,60.234779N,24.099262E,41,33.4,341
6837,T,220830,063153,60.234859N,24.099203E,40,34.0,341
6838,T,220830,063154,60.234940N,24.099155E,40,32.3,342
6839,T,220830,063155,60.235020N,24.099106E,39,31.2,342
6840,T,220830,063156,60.235104N,24.099056E,39,30.8,342
6841,T,220830,063157,60.235180N,24.099009E,38,30.5,342
6842,T,220830,063158,60.235256N,24.098965E,38,29.1,341
6843,T,220830,063159,60.235329N,24.098913E,37,29.0,340
6844,T,220830,063200,60.235397N,24.098864E,37,28.5,340
6845,T,220830,063201,60.235462N,24.098816E,36,28.3,340
6846,T,220830,063202,60.235527N,24.098764E,36,26.7,340
6847,T,220830,063203,60.235596N,24.098719E,36,26.7,340
6848,T,220830,063204,60.235661N,24.098673E,36,26.0,339
6849,T,220830,063205,60.235722N,24.098619E,36,26.0,339
6850,T,220830,063206,60.235779N,24.098574E,36,26.0,338
6851,T,220830,063207,60.235844N,24.098530E,36,26.5,339
6852,T,220830,063208,60.235912N,24.098486E,36,26.6,340
6853,T,220830,063209,60.235973N,24.098452E,35,26.6,341
6854,T,220830,063210,60.236034N,24.098415E,35,24.9,342
6855,T,220830,063211,60.236092N,24.098383E,35,23.9,342
6856,T,220830,063212,60.236153N,24.098345E,35,24.0,341
6857,T,220830,063213,60.236210N,24.098301E,35,23.3,340
6858,T,220830,063214,60.236263N,24.098257E,35,23.6,340
6859,T,220830,063215,60.236313N,24.098213E,36,20.0,339
6860,T,220830,063216,60.236355N,24.098167E,36,18.2,339
6861,T,220830,063217,60.236401N,24.098131E,36,16.8,337
6862,T,220830,063218,60.236439N,24.098097E,36,16.7,336
6863,T,220830,063219,60.236477N,24.098064E,37,15.5,336
6864,T,220830,063220,60.236507N,24.098024E,37,14.1,328
6865,T,220830,063221,60.236534N,24.097979E,37,14.5,324
6866,T,220830,063222,60.236565N,24.097923E,38,14.9,322
6867,T,220830,063223,60.236595N,24.097870E,38,15.9,321
6868,T,220830,063224,60.236629N,24.097822E,38,16.4,322
6869,T,220830,063225,60.236660N,24.097767E,38,16.3,321
6870,T,220830,063226,60.236691N,24.097715E,38,15.6,323
6871,T,220830,063227,60.236729N,24.097675E,38,15.3,322
6872,T,220830,063228,60.236755N,24.097643E,38,13.5,324
6873,T,220830,063229,60.236794N,24.097628E,38,10.9,325
6874,T,220830,063230,60.236816N,24.097624E,38,10.5,327
6875,T,220830,063231,60.236839N,24.097609E,38,9.1,329
6876,T,220830,063232,60.236855N,24.097591E,38,5.5,329
6877,T,220830,063233,60.236858N,24.097584E,38,0.0,329
6878,T,220830,063234,60.236858N,24.097582E,39,0.0,329
6879,T,220830,063235,60.236862N,24.097584E,39,0.0,329
6880,T,220830,063236,60.236862N,24.097580E,39,0.0,329
6881,T,220830,063237,60.236862N,24.097580E,39,0.0,329
6882,T,220830,063238,60.236862N,24.097580E,39,0.0,329
6883,T,220830,063239,60.236862N,24.097580E,39,0.0,329
6884,T,220830,063240,60.236862N,24.097580E,39,0.0,329
6885,T,220830,063241,60.236862N,24.097580E,39,0.0,329
6886,T,220830,063242,60.236862N,24.097582E,39,0.0,329
6887,T,220830,063243,60.236862N,24.097582E,39,0.0,329
6888,T,220830,063244,60.236862N,24.097582E,39,0.0,329
6889,T,220830,063245,60.236862N,24.097582E,39,0.0,329
6890,T,220830,063246,60.236874N,24.097570E,39,0.0,329
6891,T,220830,063247,60.236874N,24.097570E,39,0.0,329
6892,T,220830,063248,60.236889N,24.097536E,39,10.4,314
6893,T,220830,063249,60.236912N,24.097488E,39,12.7,313
6894,T,220830,063250,60.236938N,24.097437E,40,14.8,314
6895,T,220830,063251,60.236969N,24.097372E,40,16.7,314
6896,T,220830,063252,60.237000N,24.097307E,40,16.9,313
6897,T,220830,063253,60.237034N,24.097244E,40,17.2,313
6898,T,220830,063254,60.237064N,24.097176E,41,17.8,313
6899,T,220830,063255,60.237099N,24.097111E,41,18.8,313
6900,T,220830,063256,60.237133N,24.097042E,41,18.9,314
6901,T,220830,063257,60.237167N,24.096972E,41,19.3,315
6902,T,220830,063258,60.237209N,24.096891E,41,18.7,314
6903,T,220830,063259,60.237240N,24.096815E,41,17.6,315
6904,T,220830,063300,60.237274N,24.096748E,41,17.7,315
6905,T,220830,063301,60.237312N,24.096674E,41,20.0,314
6906,T,220830,063302,60.237343N,24.096594E,41,19.3,312
6907,T,220830,063303,60.237377N,24.096523E,41,19.0,311
6908,T,220830,063304,60.237408N,24.096449E,42,20.3,310
6909,T,220830,063305,60.237446N,24.096375E,43,19.7,308
6910,T,220830,063306,60.237476N,24.096296E,43,19.9,309
6911,T,220830,063307,60.237507N,24.096230E,44,18.3,316
6912,T,220830,063308,60.237545N,24.096170E,45,18.9,321
6913,T,220830,063309,60.237579N,24.096104E,45,20.1,319
6914,T,220830,063310,60.237621N,24.096041E,45,19.1,319
6915,T,220830,063311,60.237652N,24.095976E,46,18.7,316
6916,T,220830,063312,60.237682N,24.095903E,46,18.8,316
6917,T,220830,063313,60.237717N,24.095837E,46,18.3,315
6918,T,220830,063314,60.237743N,24.095766E,46,18.6,313
6919,T,220830,063315,60.237782N,24.095697E,46,18.9,313
6920,T,220830,063316,60.237808N,24.095633E,46,18.1,313
6921,T,220830,063317,60.237839N,24.095560E,46,19.0,312
6922,T,220830,063318,60.237873N,24.095488E,47,19.4,312
6923,T,220830,063319,60.237904N,24.095421E,47,18.6,313
6924,T,220830,063320,60.237930N,24.095356E,47,18.3,313
6925,T,220830,063321,60.237965N,24.095287E,47,18.3,312
6926,T,220830,063322,60.237995N,24.095222E,47,18.6,312
6927,T,220830,063323,60.238022N,24.095146E,48,18.1,304
6928,T,220830,063324,60.238049N,24.095070E,48,18.2,303
6929,T,220830,063325,60.238075N,24.094999E,48,17.5,304
6930,T,220830,063326,60.238110N,24.094934E,48,18.0,305
6931,T,220830,063327,60.238140N,24.094868E,49,18.0,306
6932,T,220830,063328,60.238167N,24.094805E,48,18.1,306
6933,T,220830,063329,60.238201N,24.094738E,49,18.8,307
6934,T,220830,063330,60.238228N,24.094671E,48,19.2,308
6935,T,220830,063331,60.238262N,24.094603E,48,20.9,309
6936,T,220830,063332,60.238300N,24.094528E,48,20.4,309
6937,T,220830,063333,60.238338N,24.094460E,48,21.5,310
6938,T,220830,063334,60.238377N,24.094383E,48,22.1,311
6939,T,220830,063335,60.238415N,24.094311E,47,23.5,312
6940,T,220830,063336,60.238461N,24.094233E,47,23.6,314
6941,T,220830,063337,60.238499N,24.094152E,47,23.3,315
6942,T,220830,063338,60.238544N,24.094072E,47,23.8,316
6943,T,220830,063339,60.238586N,24.093987E,47,25.4,317
6944,T,220830,063340,60.238632N,24.093904E,46,24.9,318
6945,T,220830,063341,60.238674N,24.093826E,46,24.5,318
6946,T,220830,063342,60.238724N,24.093746E,46,25.1,319
6947,T,220830,063343,60.238773N,24.093670E,47,25.1,320
6948,T,220830,063344,60.238819N,24.093586E,47,25.2,319
6949,T,220830,063345,60.238869N,24.093504E,47,25.2,319
6950,T,220830,063346,60.238911N,24.093426E,47,24.5,318
6951,T,220830,063347,60.238960N,24.093355E,47,23.3,319
6952,T,220830,063348,60.239002N,24.093273E,47,25.0,318
6953,T,220830,063349,60.239048N,24.093199E,47,23.4,319
6954,T,220830,063350,60.239094N,24.093126E,47,25.6,319
6955,T,220830,063351,60.239136N,24.093039E,47,24.5,317
6956,T,220830,063352,60.239182N,24.092955E,48,25.6,316
6957,T,220830,063353,60.239223N,24.092876E,48,23.4,317
6958,T,220830,063354,60.239269N,24.092796E,48,23.8,315
6959,T,220830,063355,60.239307N,24.092716E,48,22.7,315
6960,T,220830,063356,60.239346N,24.092638E,48,22.2,315
6961,T,220830,063357,60.239384N,24.092560E,48,22.6,315
6962,T,220830,063358,60.239422N,24.092484E,48,22.1,315
6963,T,220830,063359,60.239460N,24.092403E,48,22.8,316
6964,T,220830,063400,60.239498N,24.092337E,48,22.0,318
6965,T,220830,063401,60.239540N,24.092266E,48,20.9,318
6966,T,220830,063402,60.239574N,24.092192E,48,20.3,319
6967,T,220830,063403,60.239613N,24.092125E,48,21.1,318
6968,T,220830,063404,60.239651N,24.092054E,48,21.0,318
6969,T,220830,063405,60.239693N,24.091986E,48,20.9,318
6970,T,220830,063406,60.239731N,24.091921E,48,20.8,318
6971,T,220830,063407,60.239773N,24.091854E,48,20.7,319
6972,T,220830,063408,60.239807N,24.091784E,48,21.7,318
6973,T,220830,063409,60.239849N,24.091709E,48,21.3,317
6974,T,220830,063410,60.239887N,24.091637E,47,20.6,316
6975,T,220830,063411,60.239925N,24.091566E,47,20.8,316
6976,T,220830,063412,60.239960N,24.091490E,47,21.1,315
6977,T,220830,063413,60.240002N,24.091413E,47,21.2,315
6978,T,220830,063414,60.240036N,24.091337E,47,21.2,315
6979,T,220830,063415,60.240070N,24.091265E,46,21.2,315
6980,T,220830,063416,60.240112N,24.091194E,46,21.1,315
6981,T,220830,063417,60.240147N,24.091118E,46,21.1,315
6982,T,220830,063418,60.240185N,24.091043E,46,21.1,316
6983,T,220830,063419,60.240223N,24.090967E,46,21.8,316
6984,T,220830,063420,60.240265N,24.090897E,46,21.0,317
6985,T,220830,063421,60.240299N,24.090824E,45,21.5,318
6986,T,220830,063422,60.240341N,24.090746E,44,22.7,318
6987,T,220830,063423,60.240379N,24.090672E,44,21.5,318
6988,T,220830,063424,60.240421N,24.090593E,44,21.9,318
6989,T,220830,063425,60.240456N,24.090525E,44,20.2,316
6990,T,220830,063426,60.240498N,24.090452E,44,21.2,317
6991,T,220830,063427,60.240536N,24.090382E,44,20.3,317
6992,T,220830,063428,60.240574N,24.090311E,44,20.3,316
6993,T,220830,063429,60.240608N,24.090242E,43,20.3,316
6994,T,220830,063430,60.240650N,24.090174E,44,20.9,317
6995,T,220830,063431,60.240700N,24.090096E,44,20.9,317
6996,T,220830,063432,60.240730N,24.090017E,43,21.4,316
6997,T,220830,063433,60.240768N,24.089943E,43,21.3,316
6998,T,220830,063434,60.240810N,24.089867E,44,21.7,315
6999,T,220830,063435,60.240849N,24.089802E,44,20.9,315
7000,T,220830,063436,60.240891N,24.089739E,45,21.6,315
7001,T,220830,063437,60.240929N,24.089672E,45,21.0,316
7002,T,220830,063438,60.240967N,24.089602E,45,21.0,316
7003,T,220830,063439,60.241005N,24.089531E,46,19.4,315
7004,T,220830,063440,60.241039N,24.089462E,46,19.7,315
7005,T,220830,063441,60.241077N,24.089396E,46,19.0,316
7006,T,220830,063442,60.241112N,24.089334E,46,18.6,317
7007,T,220830,063443,60.241142N,24.089268E,46,17.8,317
7008,T,220830,063444,60.241173N,24.089205E,46,17.8,316
7009,T,220830,063445,60.241203N,24.089142E,46,17.8,315
7010,T,220830,063446,60.241238N,24.089081E,46,17.8,314
7011,T,220830,063447,60.241268N,24.089016E,47,18.0,313
7012,T,220830,063448,60.241299N,24.088943E,48,18.0,312
7013,T,220830,063449,60.241329N,24.088879E,48,18.4,311
7014,T,220830,063450,60.241360N,24.088806E,48,18.3,309
7015,T,220830,063451,60.241386N,24.088737E,48,18.1,307
7016,T,220830,063452,60.241417N,24.088667E,48,18.0,306
7017,T,220830,063453,60.241440N,24.088596E,48,17.6,305
7018,T,220830,063454,60.241467N,24.088524E,48,17.2,306
7019,T,220830,063455,60.241493N,24.088457E,48,17.2,307
7020,T,220830,063456,60.241516N,24.088394E,48,17.2,307
7021,T,220830,063457,60.241543N,24.088324E,48,17.6,307
7022,T,220830,063458,60.241570N,24.088251E,49,17.7,306
7023,T,220830,063459,60.241596N,24.088177E,49,18.4,306
7024,T,220830,063500,60.241623N,24.088102E,49,18.8,306
7025,T,220830,063501,60.241653N,24.088024E,49,18.8,306
7026,T,220830,063502,60.241680N,24.087944E,49,18.8,306
7027,T,220830,063503,60.241707N,24.087866E,49,18.8,307
7028,T,220830,063504,60.241741N,24.087791E,49,18.5,308
7029,T,220830,063505,60.241768N,24.087715E,49,18.0,308
7030,T,220830,063506,60.241791N,24.087646E,49,17.8,308
7031,T,220830,063507,60.241817N,24.087576E,50,17.3,307
7032,T,220830,063508,60.241840N,24.087503E,50,17.2,307
7033,T,220830,063509,60.241867N,24.087435E,50,17.2,307
7034,T,220830,063510,60.241898N,24.087364E,50,17.3,308
7035,T,220830,063511,60.241920N,24.087297E,51,17.2,308
7036,T,220830,063512,60.241951N,24.087231E,51,17.9,308
7037,T,220830,063513,60.241982N,24.087164E,51,16.9,308
7038,T,220830,063514,60.242004N,24.087103E,51,16.7,308
7039,T,220830,063515,60.242031N,24.087040E,51,16.6,310
7040,T,220830,063516,60.242058N,24.086975E,52,16.5,310
7041,T,220830,063517,60.242085N,24.086912E,52,16.5,309
7042,T,220830,063518,60.242111N,24.086851E,52,16.5,309
7043,T,220830,063519,60.242134N,24.086790E,52,16.5,309
7044,T,220830,063520,60.242165N,24.086723E,52,17.9,310
7045,T,220830,063521,60.242191N,24.086658E,52,17.5,310
7046,T,220830,063522,60.242222N,24.086588E,53,17.5,309
7047,T,220830,063523,60.242249N,24.086517E,53,17.9,308
7048,T,220830,063524,60.242275N,24.086449E,53,18.0,308
7049,T,220830,063525,60.242306N,24.086378E,54,18.1,307
7050,T,220830,063526,60.242332N,24.086309E,54,18.1,308
7051,T,220830,063527,60.242363N,24.086243E,54,18.4,309
7052,T,220830,063528,60.242397N,24.086172E,54,19.2,310
7053,T,220830,063529,60.242428N,24.086102E,54,18.2,311
7054,T,220830,063530,60.242455N,24.086033E,54,18.2,311
7055,T,220830,063531,60.242489N,24.085964E,54,17.8,311
7056,T,220830,063532,60.242516N,24.085894E,54,19.2,310
7057,T,220830,063533,60.242542N,24.085823E,54,18.8,310
7058,T,220830,063534,60.242569N,24.085749E,54,18.9,309
7059,T,220830,063535,60.242596N,24.085672E,53,19.0,307
7060,T,220830,063536,60.242619N,24.085596E,53,17.8,307
7061,T,220830,063537,60.242649N,24.085522E,53,17.3,306
7062,T,220830,063538,60.242672N,24.085445E,54,17.7,305
7063,T,220830,063539,60.242695N,24.085375E,54,17.4,305
7064,T,220830,063540,60.242725N,24.085306E,54,16.6,306
7065,T,220830,063541,60.242752N,24.085239E,54,17.7,306
7066,T,220830,063542,60.242779N,24.085171E,54,19.6,307
7067,T,220830,063543,60.242809N,24.085100E,53,18.9,309
7068,T,220830,063544,60.242840N,24.085030E,54,19.0,309
7069,T,220830,063545,60.242870N,24.084955E,54,19.1,308
7070,T,220830,063546,60.242901N,24.084879E,54,18.3,307
7071,T,220830,063547,60.242920N,24.084805E,54,16.8,306
7072,T,220830,063548,60.242947N,24.084734E,54,17.5,306
7073,T,220830,063549,60.242977N,24.084663E,54,18.0,308
7074,T,220830,063550,60.243004N,24.084597E,54,17.7,308
7075,T,220830,063551,60.243031N,24.084524E,54,18.2,308
7076,T,220830,063552,60.243061N,24.084452E,54,18.7,308
7077,T,220830,063553,60.243088N,24.084377E,53,18.8,307
7078,T,220830,063554,60.243118N,24.084295E,53,20.1,301
7079,T,220830,063555,60.243145N,24.084211E,53,19.3,302
7080,T,220830,063556,60.243172N,24.084126E,53,20.2,301
7081,T,220830,063557,60.243195N,24.084038E,53,19.9,301
7082,T,220830,063558,60.243221N,24.083948E,53,19.8,300
7083,T,220830,063559,60.243240N,24.083857E,53,20.2,299
7084,T,220830,063600,60.243256N,24.083759E,53,21.1,298
7085,T,220830,063601,60.243271N,24.083656E,52,22.4,297
7086,T,220830,063602,60.243294N,24.083549E,51,23.5,296
7087,T,220830,063603,60.243313N,24.083439E,51,24.1,295
7088,T,220830,063604,60.243328N,24.083332E,50,24.6,282
7089,T,220830,063605,60.243336N,24.083212E,49,24.2,282
7090,T,220830,063606,60.243343N,24.083094E,49,23.5,282
7091,T,220830,063607,60.243351N,24.082973E,49,23.1,280
7092,T,220830,063608,60.243359N,24.082855E,49,22.2,278
7093,T,220830,063609,60.243366N,24.082748E,49,21.4,278
7094,T,220830,063610,60.243382N,24.082644E,49,20.9,284
7095,T,220830,063611,60.243401N,24.082542E,49,19.8,287
7096,T,220830,063612,60.243420N,24.082447E,49,19.9,299
7097,T,220830,063613,60.243446N,24.082375E,49,19.2,316
7098,T,220830,063614,60.243484N,24.082319E,49,19.1,329
7099,T,220830,063615,60.243523N,24.082291E,50,16.7,344
7100,T,220830,063616,60.243565N,24.082289E,49,16.1,4
7101,T,220830,063617,60.243599N,24.082300E,50,13.8,9
7102,T,220830,063618,60.243633N,24.082310E,50,13.3,7
7103,T,220830,063619,60.243664N,24.082315E,50,13.2,6
7104,T,220830,063620,60.243694N,24.082319E,50,13.2,359
7105,T,220830,063621,60.243729N,24.082312E,50,13.5,347
7106,T,220830,063622,60.243759N,24.082293E,49,14.0,333
7107,T,220830,063623,60.243790N,24.082256E,49,14.9,325
7108,T,220830,063624,60.243816N,24.082211E,49,14.7,316
7109,T,220830,063625,60.243843N,24.082155E,49,14.8,312
7110,T,220830,063626,60.243870N,24.082094E,50,14.9,311
7111,T,220830,063627,60.243893N,24.082031E,50,15.0,305
7112,T,220830,063628,60.243916N,24.081964E,50,16.0,305
7113,T,220830,063629,60.243938N,24.081902E,50,15.5,307
7114,T,220830,063630,60.243961N,24.081839E,51,15.6,307
7115,T,220830,063631,60.243984N,24.081778E,51,14.8,308
7116,T,220830,063632,60.244007N,24.081717E,51,15.5,308
7117,T,220830,063633,60.244034N,24.081652E,52,15.6,308
7118,T,220830,063634,60.244057N,24.081593E,52,15.1,308
7119,T,220830,063635,60.244076N,24.081516E,52,15.5,307
7120,T,220830,063636,60.244102N,24.081453E,53,15.4,307
7121,T,220830,063637,60.244129N,24.081396E,53,16.2,316
7122,T,220830,063638,60.244164N,24.081348E,54,15.1,322
7123,T,220830,063639,60.244190N,24.081299E,55,14.5,322
7124,T,220830,063640,60.244213N,24.081245E,56,13.2,320
7125,T,220830,063641,60.244236N,24.081181E,56,16.4,318
7126,T,220830,063642,60.244255N,24.081108E,56,16.5,316
7127,T,220830,063643,60.244282N,24.081036E,56,18.1,314
7128,T,220830,063644,60.244301N,24.080957E,57,19.5,313
7129,T,220830,063645,60.244331N,24.080879E,58,19.1,312
7130,T,220830,063646,60.244362N,24.080805E,58,19.8,311
7131,T,220830,063647,60.244392N,24.080729E,58,19.3,310
7132,T,220830,063648,60.244419N,24.080650E,59,18.7,308
7133,T,220830,063649,60.244450N,24.080568E,59,20.7,307
7134,T,220830,063650,60.244480N,24.080490E,59,20.3,306
7135,T,220830,063651,60.244511N,24.080404E,60,21.7,306
7136,T,220830,063652,60.244549N,24.080324E,60,20.4,307
7137,T,220830,063653,60.244579N,24.080246E,60,19.4,308
7138,T,220830,063654,60.244610N,24.080170E,61,18.0,307
7139,T,220830,063655,60.244637N,24.080091E,61,19.4,305
7140,T,220830,063656,60.244663N,24.080009E,61,20.5,306
7141,T,220830,063657,60.244701N,24.079929E,62,19.7,306
7142,T,220830,063658,60.244728N,24.079851E,63,19.5,307
7143,T,220830,063659,60.244762N,24.079779E,64,19.2,309
7144,T,220830,063700,60.244797N,24.079697E,64,21.3,310
7145,T,220830,063701,60.244831N,24.079617E,65,19.4,310
7146,T,220830,063702,60.244865N,24.079544E,65,19.7,311
7147,T,220830,063703,60.244896N,24.079470E,66,18.8,310
7148,T,220830,063704,60.244919N,24.079393E,65,18.2,309
7149,T,220830,063705,60.244953N,24.079321E,65,17.8,309
7150,T,220830,063706,60.244980N,24.079245E,66,17.5,308
7151,T,220830,063707,60.245003N,24.079166E,66,16.9,306
7152,T,220830,063708,60.245033N,24.079096E,66,15.9,306
7153,T,220830,063709,60.245056N,24.079027E,66,16.8,306
7154,T,220830,063710,60.245079N,24.078959E,66,18.2,306
7155,T,220830,063711,60.245110N,24.078884E,65,18.8,306
7156,T,220830,063712,60.245136N,24.078815E,65,18.7,308
7157,T,220830,063713,60.245163N,24.078749E,64,18.3,308
7158,T,220830,063714,60.245193N,24.078680E,64,18.4,308
7159,T,220830,063715,60.245220N,24.078606E,63,19.4,308
7160,T,220830,063716,60.245247N,24.078535E,63,18.4,308
7161,T,220830,063717,60.245277N,24.078468E,62,19.2,308
7162,T,220830,063718,60.245304N,24.078402E,61,18.1,308
7163,T,220830,063719,60.245327N,24.078337E,61,17.7,308
7164,T,220830,063720,60.245358N,24.078274E,61,17.4,307
7165,T,220830,063721,60.245380N,24.078205E,61,17.0,305
7166,T,220830,063722,60.245403N,24.078142E,60,17.1,306
7167,T,220830,063723,60.245426N,24.078075E,60,15.6,305
7168,T,220830,063724,60.245449N,24.078016E,61,14.3,304
7169,T,220830,063725,60.245468N,24.077955E,61,13.0,305
7170,T,220830,063726,60.245483N,24.077902E,61,13.0,305
7171,T,220830,063727,60.245502N,24.077847E,62,13.5,304
7172,T,220830,063728,60.245525N,24.077789E,62,14.4,311
7173,T,220830,063729,60.245552N,24.077736E,62,14.5,314
7174,T,220830,063730,60.245579N,24.077684E,62,14.8,316
7175,T,220830,063731,60.245605N,24.077625E,62,15.3,308
7176,T,220830,063732,60.245628N,24.077566E,62,15.2,306
7177,T,220830,063733,60.245647N,24.077503E,62,15.6,307
7178,T,220830,063734,60.245670N,24.077444E,61,15.6,307
7179,T,220830,063735,60.245697N,24.077385E,61,16.5,306
7180,T,220830,063736,60.245716N,24.077324E,61,14.5,306
7181,T,220830,063737,60.245739N,24.077267E,61,15.8,306
7182,T,220830,063738,60.245762N,24.077206E,60,14.9,306
7183,T,220830,063739,60.245789N,24.077148E,61,15.2,307
7184,T,220830,063740,60.245808N,24.077085E,61,14.8,307
7185,T,220830,063741,60.245831N,24.077023E,61,16.3,307
7186,T,220830,063742,60.245865N,24.076960E,62,16.0,309
7187,T,220830,063743,60.245888N,24.076904E,63,15.9,309
7188,T,220830,063744,60.245911N,24.076843E,63,15.3,309
7189,T,220830,063745,60.245934N,24.076790E,63,14.1,308
7190,T,220830,063746,60.245953N,24.076740E,63,12.4,307
7191,T,220830,063747,60.245968N,24.076693E,62,12.0,306
7192,T,220830,063748,60.245987N,24.076645E,62,13.4,307
7193,T,220830,063749,60.246014N,24.076595E,62,13.9,318
7194,T,220830,063750,60.246037N,24.076551E,63,14.0,317
7195,T,220830,063751,60.246063N,24.076504E,63,15.0,318
7196,T,220830,063752,60.246094N,24.076454E,63,15.5,318
7197,T,220830,063753,60.246120N,24.076393E,63,16.7,316
7198,T,220830,063754,60.246151N,24.076336E,63,16.1,317
7199,T,220830,063755,60.246181N,24.076284E,63,16.1,316
7200,T,220830,063756,60.246208N,24.076229E,63,15.3,316
7201,T,220830,063757,60.246235N,24.076176E,63,15.9,315
7202,T,220830,063758,60.246265N,24.076118E,63,16.0,315
7203,T,220830,063759,60.246296N,24.076061E,63,16.4,315
7204,T,220830,063800,60.246323N,24.076004E,64,16.8,316
7205,T,220830,063801,60.246357N,24.075949E,64,15.7,316
7206,T,220830,063802,60.246384N,24.075891E,64,15.6,316
7207,T,220830,063803,60.246410N,24.075838E,65,14.9,316
7208,T,220830,063804,60.246441N,24.075785E,65,14.9,314
7209,T,220830,063805,60.246464N,24.075731E,65,13.7,307
7210,T,220830,063806,60.246483N,24.075668E,66,14.3,299
7211,T,220830,063807,60.246498N,24.075603E,66,12.9,289
7212,T,220830,063808,60.246513N,24.075537E,66,12.9,288
7213,T,220830,063809,60.246521N,24.075476E,66,12.0,285
7214,T,220830,063810,60.246532N,24.075422E,66,10.7,280
7215,T,220830,063811,60.246540N,24.075377E,66,10.0,286
7216,T,220830,063812,60.246544N,24.075335E,66,9.3,285
7217,T,220830,063813,60.246548N,24.075291E,66,8.6,285
7218,T,220830,063814,60.246552N,24.075251E,66,7.9,285
7219,T,220830,063815,60.246555N,24.075211E,66,7.8,283
7220,T,220830,063816,60.246552N,24.075169E,66,7.7,282
7221,T,220830,063817,60.246555N,24.075130E,66,7.3,281
7222,T,220830,063818,60.246559N,24.075096E,67,6.2,280
7223,T,220830,063819,60.246563N,24.075064E,66,6.8,280
7224,T,220830,063820,60.246567N,24.075033E,67,6.1,279
7225,T,220830,063821,60.246567N,24.075001E,67,6.5,278
7226,T,220830,063822,60.246571N,24.074966E,67,6.4,278
7227,T,220830,063823,60.246574N,24.074936E,67,6.5,279
7228,T,220830,063824,60.246593N,24.074924E,67,5.8,282
7229,T,220830,063825,60.246605N,24.074917E,67,5.2,283
7230,T,220830,063826,60.246620N,24.074921E,67,7.2,22
7231,T,220830,063827,60.246635N,24.074938E,67,9.7,23
7232,T,220830,063828,60.246662N,24.074957E,67,10.8,22
7233,T,220830,063829,60.246693N,24.074970E,67,11.3,21
7234,T,220830,063830,60.246719N,24.074984E,67,11.4,19
7235,T,220830,063831,60.246754N,24.074997E,67,12.5,18
7236,T,220830,063832,60.246780N,24.075010E,67,11.7,18
7237,T,220830,063833,60.246811N,24.075022E,67,13.1,17
7238,T,220830,063834,60.246849N,24.075035E,68,13.0,16
7239,T,220830,063835,60.246880N,24.075047E,68,13.5,15
7240,T,220830,063836,60.246910N,24.075056E,68,13.1,14
7241,T,220830,063837,60.246948N,24.075064E,68,13.8,13
7242,T,220830,063838,60.246983N,24.075069E,68,13.8,12
7243,T,220830,063839,60.247017N,24.075075E,68,12.4,10
7244,T,220830,063840,60.247047N,24.075085E,68,13.0,9
7245,T,220830,063841,60.247074N,24.075096E,69,11.0,15
7246,T,220830,063842,60.247101N,24.075100E,69,8.3,14
7247,T,220830,063843,60.247116N,24.075096E,69,6.8,357
7248,T,220830,063844,60.247131N,24.075094E,69,5.8,356
7249,T,220830,063845,60.247147N,24.075089E,69,5.1,356
7250,T,220830,063846,60.247162N,24.075066E,70,6.2,352
7251,T,220830,063847,60.247169N,24.075035E,70,7.5,348
7252,T,220830,063848,60.247177N,24.074997E,70,8.1,341
7253,T,220830,063849,60.247181N,24.074959E,71,6.9,338
7254,T,220830,063850,60.247185N,24.074932E,71,5.0,335
7255,T,220830,063851,60.247189N,24.074907E,71,4.9,333
7256,T,220830,063852,60.247192N,24.074890E,71,4.4,332
7257,T,220830,063853,60.247204N,24.074881E,71,5.4,332
7258,T,220830,063854,60.247223N,24.074884E,71,9.2,7
7259,T,220830,063855,60.247253N,24.074896E,71,11.4,8
7260,T,220830,063856,60.247284N,24.074917E,71,15.0,9
7261,T,220830,063857,60.247318N,24.074926E,71,14.0,8
7262,T,220830,063858,60.247356N,24.074932E,71,14.3,7
7263,T,220830,063859,60.247395N,24.074936E,71,15.3,7
7264,T,220830,063900,60.247433N,24.074936E,71,14.4,6
7265,T,220830,063901,60.247471N,24.074936E,71,15.4,357
7266,T,220830,063902,60.247513N,24.074938E,71,14.4,5
7267,T,220830,063903,60.247547N,24.074947E,71,15.3,6
7268,T,220830,063904,60.247589N,24.074957E,71,15.9,4
7269,T,220830,063905,60.247627N,24.074963E,72,15.5,4
7270,T,220830,063906,60.247669N,24.074970E,72,15.6,3
7271,T,220830,063907,60.247704N,24.074976E,72,15.2,3
7272,T,220830,063908,60.247746N,24.074982E,72,14.4,1
7273,T,220830,063909,60.247780N,24.074982E,73,14.0,359
7274,T,220830,063910,60.247822N,24.074987E,73,14.0,2
7275,T,220830,063911,60.247852N,24.074993E,73,12.4,357
7276,T,220830,063912,60.247879N,24.074997E,73,11.1,355
7277,T,220830,063913,60.247906N,24.075001E,73,11.2,4
7278,T,220830,063914,60.247929N,24.075005E,73,12.2,358
7279,T,220830,063915,60.247952N,24.075005E,74,10.3,359
7280,T,220830,063916,60.247974N,24.075003E,74,9.6,358
7281,T,220830,063917,60.247993N,24.074997E,75,12.1,1
7282,T,220830,063918,60.248020N,24.074999E,75,12.1,359
7283,T,220830,063919,60.248047N,24.075005E,75,11.4,4
7284,T,220830,063920,60.248081N,24.075014E,74,12.7,5
7285,T,220830,063921,60.248112N,24.075020E,74,11.4,5
7286,T,220830,063922,60.248138N,24.075029E,73,12.0,6
7287,T,220830,063923,60.248177N,24.075041E,73,13.0,7
7288,T,220830,063924,60.248207N,24.075050E,73,13.1,3
7289,T,220830,063925,60.248245N,24.075048E,73,13.2,356
7290,T,220830,063926,60.248291N,24.075047E,73,15.5,357
7291,T,220830,063927,60.248341N,24.075043E,74,15.4,356
7292,T,220830,063928,60.248386N,24.075033E,74,16.6,355
7293,T,220830,063929,60.248428N,24.075024E,73,15.6,354
7294,T,220830,063930,60.248470N,24.075016E,73,15.7,353
7295,T,220830,063931,60.248516N,24.075010E,74,16.2,353
7296,T,220830,063932,60.248562N,24.075001E,74,15.2,350
7297,T,220830,063933,60.248604N,24.074989E,74,15.4,350
7298,T,220830,063934,60.248650N,24.074974E,74,17.2,349
7299,T,220830,063935,60.248703N,24.074957E,73,19.0,347
7300,T,220830,063936,60.248760N,24.074936E,73,19.9,346
7301,T,220830,063937,60.248821N,24.074917E,72,19.9,347
7302,T,220830,063938,60.248871N,24.074890E,71,19.8,344
7303,T,220830,063939,60.248928N,24.074863E,70,20.9,343
7304,T,220830,063940,60.248981N,24.074844E,70,19.9,344
7305,T,220830,063941,60.249046N,24.074829E,70,20.8,344
7306,T,220830,063942,60.249111N,24.074804E,70,21.7,337
7307,T,220830,063943,60.249168N,24.074764E,69,22.1,333
7308,T,220830,063944,60.249222N,24.074715E,69,22.6,333
7309,T,220830,063945,60.249279N,24.074663E,69,22.0,332
7310,T,220830,063946,60.249336N,24.074608E,69,22.7,328
7311,T,220830,063947,60.249386N,24.074545E,69,22.2,326
7312,T,220830,063948,60.249432N,24.074480E,69,22.2,324
7313,T,220830,063949,60.249470N,24.074415E,68,20.1,319
7314,T,220830,063950,60.249512N,24.074345E,68,21.2,316
7315,T,220830,063951,60.249554N,24.074265E,68,23.7,313
7316,T,220830,063952,60.249599N,24.074177E,67,24.7,311
7317,T,220830,063953,60.249641N,24.074087E,67,23.3,312
7318,T,220830,063954,60.249680N,24.074005E,67,22.3,310
7319,T,220830,063955,60.249722N,24.073919E,67,23.8,310
7320,T,220830,063956,60.249760N,24.073835E,67,21.6,311
7321,T,220830,063957,60.249790N,24.073755E,66,19.4,311
7322,T,220830,063958,60.249825N,24.073689E,66,18.4,312
7323,T,220830,063959,60.249855N,24.073626E,66,17.8,314
7324,T,220830,064000,60.249889N,24.073565E,65,20.1,321
7325,T,220830,064001,60.249931N,24.073502E,65,20.7,324
7326,T,220830,064002,60.249969N,24.073437E,64,19.6,323
7327,T,220830,064003,60.250000N,24.073364E,63,20.6,322
7328,T,220830,064004,60.250046N,24.073290E,63,22.2,322
7329,T,220830,064005,60.250084N,24.073212E,63,22.2,321
7330,T,220830,064006,60.250126N,24.073128E,63,24.1,320
7331,T,220830,064007,60.250168N,24.073036E,63,24.4,319
7332,T,220830,064008,60.250198N,24.072935E,62,24.5,303
7333,T,220830,064009,60.250229N,24.072826E,62,24.6,294
7334,T,220830,064010,60.250248N,24.072710E,61,25.2,290
7335,T,220830,064011,60.250263N,24.072586E,61,25.2,283
7336,T,220830,064012,60.250267N,24.072458E,61,25.2,277
7337,T,220830,064013,60.250271N,24.072334E,60,25.1,271
7338,T,220830,064014,60.250267N,24.072216E,60,23.3,264
7339,T,220830,064015,60.250259N,24.072100E,60,23.4,264
7340,T,220830,064016,60.250259N,24.071989E,60,22.9,264
7341,T,220830,064017,60.250252N,24.071880E,60,21.2,262
7342,T,220830,064018,60.250248N,24.071774E,60,21.1,266
7343,T,220830,064019,60.250244N,24.071667E,60,21.6,266
7344,T,220830,064020,60.250244N,24.071558E,59,21.4,265
7345,T,220830,064021,60.250240N,24.071451E,60,21.1,264
7346,T,220830,064022,60.250237N,24.071350E,60,20.4,265
7347,T,220830,064023,60.250229N,24.071257E,60,19.8,264
7348,T,220830,064024,60.250221N,24.071157E,60,18.2,266
7349,T,220830,064025,60.250221N,24.071075E,60,16.0,260
7350,T,220830,064026,60.250221N,24.070999E,61,13.5,261
7351,T,220830,064027,60.250221N,24.070936E,60,11.0,263
7352,T,220830,064028,60.250233N,24.070904E,59,9.2,270
7353,T,220830,064029,60.250256N,24.070894E,59,9.0,279
7354,T,220830,064030,60.250278N,24.070896E,59,10.6,4
7355,T,220830,064031,60.250313N,24.070904E,59,11.1,4
7356,T,220830,064032,60.250340N,24.070902E,59,11.6,354
7357,T,220830,064033,60.250374N,24.070898E,59,13.4,357
7358,T,220830,064034,60.250408N,24.070896E,59,14.8,357
7359,T,220830,064035,60.250446N,24.070896E,58,14.8,357
7360,T,220830,064036,60.250488N,24.070892E,58,15.2,358
7361,T,220830,064037,60.250526N,24.070885E,58,15.6,355
7362,T,220830,064038,60.250568N,24.070875E,58,14.4,355
7363,T,220830,064039,60.250603N,24.070875E,57,14.5,3
7364,T,220830,064040,60.250641N,24.070894E,57,11.7,6
7365,T,220830,064041,60.250671N,24.070900E,56,11.9,10
7366,T,220830,064042,60.250713N,24.070894E,56,15.8,349
7367,T,220830,064043,60.250755N,24.070881E,56,15.7,350
7368,T,220830,064044,60.250797N,24.070862E,56,15.3,350
7369,T,220830,064045,60.250835N,24.070850E,56,13.1,342
7370,T,220830,064046,60.250874N,24.070824E,56,12.2,337
7371,T,220830,064047,60.250900N,24.070776E,56,14.2,319
7372,T,220830,064048,60.250927N,24.070704E,56,15.0,307
7373,T,220830,064049,60.250954N,24.070642E,57,14.7,308
7374,T,220830,064050,60.250980N,24.070583E,57,12.8,309
7375,T,220830,064051,60.251007N,24.070555E,57,12.1,313
7376,T,220830,064052,60.251045N,24.070551E,57,12.1,9
7377,T,220830,064053,60.251076N,24.070562E,57,11.5,10
7378,T,220830,064054,60.251118N,24.070574E,58,14.8,7
7379,T,220830,064055,60.251156N,24.070602E,58,16.3,9
7380,T,220830,064056,60.251190N,24.070660E,60,15.6,13
7381,T,220830,064057,60.251217N,24.070730E,61,16.0,17
7382,T,220830,064058,60.251244N,24.070787E,62,14.4,18
7383,T,220830,064059,60.251270N,24.070829E,62,12.8,22
7384,T,220830,064100,60.251308N,24.070850E,62,10.9,24
7385,T,220830,064101,60.251335N,24.070889E,62,12.8,26
7386,T,220830,064102,60.251347N,24.070944E,61,11.9,30
7387,T,220830,064103,60.251347N,24.070999E,60,10.4,35
7388,T,220830,064104,60.251335N,24.071056E,61,11.3,41
7389,T,220830,064105,60.251328N,24.071115E,61,10.9,48
7390,T,220830,064106,60.251316N,24.071178E,61,10.4,53
7391,T,220830,064107,60.251308N,24.071238E,61,8.8,59
7392,T,220830,064108,60.251301N,24.071295E,61,9.3,64
7393,T,220830,064109,60.251293N,24.071358E,62,9.4,68
7394,T,220830,064110,60.251293N,24.071423E,63,9.2,88
7395,T,220830,064111,60.251297N,24.071476E,63,9.8,78
7396,T,220830,064112,60.251301N,24.071522E,63,9.5,76
7397,T,220830,064113,60.251312N,24.071569E,63,11.5,69
7398,T,220830,064114,60.251324N,24.071629E,62,13.2,66
7399,T,220830,064115,60.251339N,24.071695E,62,15.0,69
7400,T,220830,064116,60.251350N,24.071764E,61,16.0,71
7401,T,220830,064117,60.251366N,24.071844E,61,18.4,73
7402,T,220830,064118,60.251377N,24.071936E,60,19.9,76
7403,T,220830,064119,60.251389N,24.072039E,60,21.3,76
7404,T,220830,064120,60.251392N,24.072144E,59,22.6,88
7405,T,220830,064121,60.251392N,24.072262E,59,23.6,94
7406,T,220830,064122,60.251389N,24.072382E,59,24.1,99
7407,T,220830,064123,60.251377N,24.072500E,59,24.1,101
7408,T,220830,064124,60.251366N,24.072618E,58,24.1,100
7409,T,220830,064125,60.251350N,24.072737E,58,24.0,101
7410,T,220830,064126,60.251339N,24.072857E,58,23.7,101
7411,T,220830,064127,60.251324N,24.072971E,58,23.5,103
7412,T,220830,064128,60.251312N,24.073088E,58,23.1,101
7413,T,220830,064129,60.251301N,24.073204E,58,22.7,102
7414,T,220830,064130,60.251289N,24.073315E,58,21.5,101
7415,T,220830,064131,60.251266N,24.073433E,58,21.5,100
7416,T,220830,064132,60.251259N,24.073538E,58,21.1,100
7417,T,220830,064133,60.251247N,24.073647E,58,21.6,101
7418,T,220830,064134,60.251240N,24.073755E,58,21.5,101
7419,T,220830,064135,60.251232N,24.073858E,58,21.0,101
7420,T,220830,064136,60.251228N,24.073959E,58,20.2,101
7421,T,220830,064137,60.251221N,24.074057E,59,18.8,100
7422,T,220830,064138,60.251213N,24.074144E,59,17.6,101
7423,T,220830,064139,60.251209N,24.074224E,60,16.7,101
7424,T,220830,064140,60.251205N,24.074303E,60,15.9,100
7425,T,220830,064141,60.251202N,24.074377E,60,15.3,99
7426,T,220830,064142,60.251198N,24.074450E,61,14.7,98
7427,T,220830,064143,60.251186N,24.074516E,62,13.6,98
7428,T,220830,064144,60.251183N,24.074579E,62,12.5,98
7429,T,220830,064145,60.251175N,24.074642E,62,12.1,99
7430,T,220830,064146,60.251167N,24.074703E,62,12.1,100
7431,T,220830,064147,60.251156N,24.074760E,62,10.9,101
7432,T,220830,064148,60.251152N,24.074808E,62,8.9,101
7433,T,220830,064149,60.251144N,24.074844E,61,7.8,86
7434,T,220830,064150,60.251148N,24.074877E,60,7.8,87
7435,T,220830,064151,60.251144N,24.074909E,60,7.2,89
7436,T,220830,064152,60.251148N,24.074942E,60,7.1,88
7437,T,220830,064153,60.251156N,24.074972E,60,6.2,85
7438,T,220830,064154,60.251171N,24.074984E,60,10.1,77
7439,T,220830,064155,60.251209N,24.074987E,60,14.1,73
7440,T,220830,064156,60.251244N,24.074987E,59,15.3,67
7441,T,220830,064157,60.251286N,24.074986E,59,17.1,60
7442,T,220830,064158,60.251328N,24.074997E,58,19.3,8
7443,T,220830,064159,60.251377N,24.075006E,57,20.8,12
7444,T,220830,064200,60.251427N,24.075027E,57,22.5,15
7445,T,220830,064201,60.251488N,24.075069E,55,27.2,23
7446,T,220830,064202,60.251560N,24.075130E,54,30.3,30
7447,T,220830,064203,60.251633N,24.075216E,53,31.9,36
7448,T,220830,064204,60.251701N,24.075315E,52,33.6,37
7449,T,220830,064205,60.251762N,24.075424E,52,34.5,40
7450,T,220830,064206,60.251827N,24.075544E,51,34.5,42
7451,T,220830,064207,60.251888N,24.075663E,51,33.6,43
7452,T,220830,064208,60.251953N,24.075781E,51,33.0,43
7453,T,220830,064209,60.252007N,24.075891E,51,31.9,42
7454,T,220830,064210,60.252068N,24.076000E,51,30.9,42
7455,T,220830,064211,60.252125N,24.076105E,50,29.9,43
7456,T,220830,064212,60.252174N,24.076210E,50,29.0,43
7457,T,220830,064213,60.252232N,24.076305E,50,27.8,42
7458,T,220830,064214,60.252281N,24.076405E,50,28.2,43
7459,T,220830,064215,60.252331N,24.076502E,49,27.4,43
7460,T,220830,064216,60.252384N,24.076593E,49,27.5,39
7461,T,220830,064217,60.252434N,24.076681E,49,25.4,41
7462,T,220830,064218,60.252480N,24.076765E,49,25.4,40
7463,T,220830,064219,60.252525N,24.076851E,49,24.7,41
7464,T,220830,064220,60.252567N,24.076935E,48,24.6,42
7465,T,220830,064221,60.252617N,24.077017E,48,24.3,42
7466,T,220830,064222,60.252659N,24.077097E,47,24.1,41
7467,T,220830,064223,60.252701N,24.077171E,47,22.7,42
7468,T,220830,064224,60.252739N,24.077248E,47,22.7,42
7469,T,220830,064225,60.252781N,24.077324E,47,22.2,42
7470,T,220830,064226,60.252819N,24.077398E,47,20.7,43
7471,T,220830,064227,60.252853N,24.077463E,46,18.1,44
7472,T,220830,064228,60.252880N,24.077524E,46,14.0,44
7473,T,220830,064229,60.252899N,24.077572E,46,14.3,44
7474,T,220830,064230,60.252930N,24.077621E,46,15.3,43
7475,T,220830,064231,60.252953N,24.077677E,45,15.9,43
7476,T,220830,064232,60.252983N,24.077736E,45,18.6,42
7477,T,220830,064233,60.253021N,24.077803E,45,19.6,41
7478,T,220830,064234,60.253059N,24.077869E,45,20.8,41
7479,T,220830,064235,60.253098N,24.077936E,45,20.8,41
7480,T,220830,064236,60.253132N,24.078005E,45,20.4,41
7481,T,220830,064237,60.253174N,24.078068E,45,21.0,41
7482,T,220830,064238,60.253212N,24.078136E,45,19.8,40
7483,T,220830,064239,60.253246N,24.078199E,45,19.8,40
7484,T,220830,064240,60.253288N,24.078264E,45,20.3,39
7485,T,220830,064241,60.253326N,24.078333E,44,19.7,40
7486,T,220830,064242,60.253365N,24.078396E,44,19.8,40
7487,T,220830,064243,60.253399N,24.078459E,44,19.7,41
7488,T,220830,064244,60.253437N,24.078522E,44,19.3,41
7489,T,220830,064245,60.253468N,24.078587E,44,19.0,46
7490,T,220830,064246,60.253506N,24.078655E,44,19.7,44
7491,T,220830,064247,60.253540N,24.078724E,44,19.8,43
7492,T,220830,064248,60.253574N,24.078791E,44,20.3,41
7493,T,220830,064249,60.253616N,24.078856E,44,20.7,40
7494,T,220830,064250,60.253651N,24.078924E,44,19.7,42
7495,T,220830,064251,60.253693N,24.078997E,45,21.2,41
7496,T,220830,064252,60.253731N,24.079063E,45,21.1,40
7497,T,220830,064253,60.253769N,24.079132E,45,20.0,41
7498,T,220830,064254,60.253807N,24.079205E,45,21.7,41
7499,T,220830,064255,60.253849N,24.079279E,45,21.8,41
7500,T,220830,064256,60.253887N,24.079346E,45,20.0,40
7501,T,220830,064257,60.253925N,24.079414E,45,19.3,41
7502,T,220830,064258,60.253960N,24.079477E,45,17.9,42
7503,T,220830,064259,60.253990N,24.079540E,45,16.7,42
7504,T,220830,064300,60.254021N,24.079596E,45,16.3,43
7505,T,220830,064301,60.254047N,24.079655E,45,16.8,44
7506,T,220830,064302,60.254086N,24.079716E,46,18.7,45
7507,T,220830,064303,60.254120N,24.079784E,46,19.5,44
7508,T,220830,064304,60.254154N,24.079847E,46,20.5,43
7509,T,220830,064305,60.254192N,24.079916E,45,21.2,42
7510,T,220830,064306,60.254227N,24.079987E,45,20.8,41
7511,T,220830,064307,60.254265N,24.080055E,45,20.5,40
7512,T,220830,064308,60.254303N,24.080126E,44,20.8,41
7513,T,220830,064309,60.254341N,24.080198E,44,20.9,42
7514,T,220830,064310,60.254375N,24.080273E,44,20.9,42
7515,T,220830,064311,60.254417N,24.080341E,44,20.8,42
7516,T,220830,064312,60.254452N,24.080410E,45,20.3,41
7517,T,220830,064313,60.254490N,24.080477E,44,19.8,41
7518,T,220830,064314,60.254524N,24.080544E,45,19.5,41
7519,T,220830,064315,60.254555N,24.080612E,45,19.1,42
7520,T,220830,064316,60.254593N,24.080675E,45,19.0,41
7521,T,220830,064317,60.254627N,24.080736E,45,18.7,40
7522,T,220830,064318,60.254665N,24.080795E,45,18.3,39
7523,T,220830,064319,60.254700N,24.080858E,45,18.9,39
7524,T,220830,064320,60.254738N,24.080923E,45,19.4,40
7525,T,220830,064321,60.254772N,24.080988E,45,19.4,41
7526,T,220830,064322,60.254807N,24.081057E,45,19.9,41
7527,T,220830,064323,60.254845N,24.081118E,45,19.8,41
7528,T,220830,064324,60.254879N,24.081184E,45,19.8,41
7529,T,220830,064325,60.254917N,24.081251E,45,19.7,41
7530,T,220830,064326,60.254951N,24.081316E,44,19.0,41
7531,T,220830,064327,60.254986N,24.081381E,44,17.8,42
7532,T,220830,064328,60.255016N,24.081442E,44,17.7,43
7533,T,220830,064329,60.255047N,24.081505E,44,17.8,43
7534,T,220830,064330,60.255081N,24.081564E,44,18.3,42
7535,T,220830,064331,60.255112N,24.081627E,44,18.9,42
7536,T,220830,064332,60.255154N,24.081694E,44,19.0,42
7537,T,220830,064333,60.255184N,24.081757E,44,17.9,42
7538,T,220830,064334,60.255215N,24.081820E,44,18.9,43
7539,T,220830,064335,60.255249N,24.081888E,44,19.6,44
7540,T,220830,064336,60.255283N,24.081963E,44,19.5,51
7541,T,220830,064337,60.255314N,24.082041E,44,19.0,59
7542,T,220830,064338,60.255329N,24.082121E,44,18.7,68
7543,T,220830,064339,60.255341N,24.082209E,44,17.7,78
7544,T,220830,064340,60.255341N,24.082294E,44,16.5,87
7545,T,220830,064341,60.255341N,24.082376E,45,14.9,89
7546,T,220830,064342,60.255341N,24.082455E,45,15.4,89
7547,T,220830,064343,60.255352N,24.082533E,45,16.0,87
7548,T,220830,064344,60.255363N,24.082605E,46,16.1,85
7549,T,220830,064345,60.255383N,24.082680E,46,16.2,82
7550,T,220830,064346,60.255409N,24.082748E,46,16.6,79
7551,T,220830,064347,60.255436N,24.082813E,45,16.6,76
7552,T,220830,064348,60.255459N,24.082876E,45,16.5,73
7553,T,220830,064349,60.255489N,24.082941E,45,17.0,71
7554,T,220830,064350,60.255516N,24.083008E,45,17.4,68
7555,T,220830,064351,60.255539N,24.083076E,44,17.1,66
7556,T,220830,064352,60.255566N,24.083143E,44,16.7,65
7557,T,220830,064353,60.255589N,24.083214E,44,17.6,48
7558,T,220830,064354,60.255619N,24.083277E,44,17.7,46
7559,T,220830,064355,60.255650N,24.083344E,44,19.0,47
7560,T,220830,064356,60.255680N,24.083418E,44,20.1,47
7561,T,220830,064357,60.255714N,24.083496E,43,20.9,48
7562,T,220830,064358,60.255753N,24.083576E,43,21.3,48
7563,T,220830,064359,60.255783N,24.083656E,43,21.3,49
7564,T,220830,064400,60.255821N,24.083736E,43,21.2,49
7565,T,220830,064401,60.255848N,24.083822E,42,21.2,51
7566,T,220830,064402,60.255878N,24.083906E,42,21.7,52
7567,T,220830,064403,60.255917N,24.083992E,42,22.0,51
7568,T,220830,064404,60.255951N,24.084078E,42,22.4,50
7569,T,220830,064405,60.255989N,24.084164E,41,22.3,49
7570,T,220830,064406,60.256023N,24.084246E,42,22.3,48
7571,T,220830,064407,60.256058N,24.084333E,42,22.2,49
7572,T,220830,064408,60.256084N,24.084417E,41,21.5,49
7573,T,220830,064409,60.256119N,24.084499E,41,21.5,49
7574,T,220830,064410,60.256153N,24.084579E,41,21.5,49
7575,T,220830,064411,60.256187N,24.084661E,41,21.5,49
7576,T,220830,064412,60.256222N,24.084743E,41,21.1,49
7577,T,220830,064413,60.256252N,24.084827E,41,21.5,50
7578,T,220830,064414,60.256290N,24.084913E,41,22.6,50
7579,T,220830,064415,60.256329N,24.085003E,40,23.2,50
7580,T,220830,064416,60.256363N,24.085091E,40,23.1,49
7581,T,220830,064417,60.256401N,24.085176E,39,23.3,48
7582,T,220830,064418,60.256435N,24.085266E,39,24.0,48
7583,T,220830,064419,60.256477N,24.085360E,39,24.0,49
7584,T,220830,064420,60.256512N,24.085457E,38,24.6,50
7585,T,220830,064421,60.256554N,24.085554E,38,25.3,50
7586,T,220830,064422,60.256592N,24.085653E,38,25.9,50
7587,T,220830,064423,60.256638N,24.085756E,37,26.5,50
7588,T,220830,064424,60.256676N,24.085859E,37,27.2,50
7589,T,220830,064425,60.256718N,24.085962E,37,25.1,50
7590,T,220830,064426,60.256756N,24.086056E,37,22.8,50
7591,T,220830,064427,60.256790N,24.086140E,36,22.9,49
7592,T,220830,064428,60.256832N,24.086229E,36,24.4,49
7593,T,220830,064429,60.256870N,24.086321E,36,23.2,49
7594,T,220830,064430,60.256908N,24.086405E,37,22.2,48
7595,T,220830,064431,60.256943N,24.086487E,37,21.1,48
7596,T,220830,064432,60.256977N,24.086563E,37,19.6,49
7597,T,220830,064433,60.257004N,24.086634E,37,16.9,48
7598,T,220830,064434,60.257030N,24.086683E,37,13.5,38
7599,T,220830,064435,60.257061N,24.086714E,37,12.9,16
7600,T,220830,064436,60.257084N,24.086708E,36,12.7,343
7601,T,220830,064437,60.257103N,24.086658E,35,14.9,331
7602,T,220830,064438,60.257130N,24.086597E,34,15.5,315
7603,T,220830,064439,60.257153N,24.086523E,34,17.5,305
7604,T,220830,064440,60.257175N,24.086439E,33,18.8,302
7605,T,220830,064441,60.257198N,24.086349E,33,20.0,300
7606,T,220830,064442,60.257229N,24.086260E,33,20.2,300
7607,T,220830,064443,60.257252N,24.086172E,33,20.2,300
7608,T,220830,064444,60.257278N,24.086081E,33,20.7,299
7609,T,220830,064445,60.257305N,24.085987E,33,21.2,300
7610,T,220830,064446,60.257328N,24.085896E,32,21.2,300
7611,T,220830,064447,60.257355N,24.085802E,32,20.6,300
7612,T,220830,064448,60.257385N,24.085714E,32,20.2,300
7613,T,220830,064449,60.257408N,24.085625E,32,19.7,301
7614,T,220830,064450,60.257431N,24.085539E,32,19.2,301
7615,T,220830,064451,60.257462N,24.085457E,32,18.6,301
7616,T,220830,064452,60.257481N,24.085377E,32,18.5,301
7617,T,220830,064453,60.257504N,24.085297E,32,17.7,300
7618,T,220830,064454,60.257523N,24.085218E,32,17.3,299
7619,T,220830,064455,60.257545N,24.085140E,32,17.3,297
7620,T,220830,064456,60.257565N,24.085062E,32,17.5,296
7621,T,220830,064457,60.257584N,24.084984E,32,17.0,297
7622,T,220830,064458,60.257607N,24.084909E,32,17.0,298
7623,T,220830,064459,60.257629N,24.084833E,32,17.1,298
7624,T,220830,064500,60.257648N,24.084757E,31,17.3,299
7625,T,220830,064501,60.257668N,24.084677E,31,17.3,297
7626,T,220830,064502,60.257683N,24.084597E,31,17.4,295
7627,T,220830,064503,60.257702N,24.084517E,31,16.5,295
7628,T,220830,064504,60.257713N,24.084444E,31,13.4,292
7629,T,220830,064505,60.257725N,24.084394E,31,10.3,301
7630,T,220830,064506,60.257744N,24.084362E,31,9.6,335
7631,T,220830,064507,60.257767N,24.084362E,31,10.1,14
7632,T,220830,064508,60.257797N,24.084398E,30,12.6,33
7633,T,220830,064509,60.257820N,24.084446E,30,13.2,44
7634,T,220830,064510,60.257847N,24.084501E,29,15.3,44
7635,T,220830,064511,60.257881N,24.084560E,29,17.8,44
7636,T,220830,064512,60.257912N,24.084623E,29,18.2,44
7637,T,220830,064513,60.257950N,24.084694E,29,19.7,42
7638,T,220830,064514,60.257984N,24.084764E,29,20.1,43
7639,T,220830,064515,60.258018N,24.084829E,29,18.8,37
7640,T,220830,064516,60.258057N,24.084898E,28,19.8,41
7641,T,220830,064517,60.258091N,24.084974E,28,19.7,44
7642,T,220830,064518,60.258129N,24.085047E,28,19.6,44
7643,T,220830,064519,60.258163N,24.085115E,28,18.9,42
7644,T,220830,064520,60.258205N,24.085182E,28,19.4,40
7645,T,220830,064521,60.258244N,24.085243E,28,18.7,39
7646,T,220830,064522,60.258282N,24.085310E,29,18.1,45
7647,T,220830,064523,60.258312N,24.085377E,28,16.7,47
7648,T,220830,064524,60.258339N,24.085440E,28,17.2,44
7649,T,220830,064525,60.258373N,24.085503E,29,16.7,41
7650,T,220830,064526,60.258408N,24.085564E,29,19.0,42
7651,T,220830,064527,60.258438N,24.085630E,28,19.1,41
7652,T,220830,064528,60.258472N,24.085697E,28,18.0,48
7653,T,220830,064529,60.258507N,24.085772E,29,21.3,46
7654,T,220830,064530,60.258545N,24.085842E,28,19.5,43
7655,T,220830,064531,60.258579N,24.085909E,28,19.5,43
7656,T,220830,064532,60.258610N,24.085976E,27,19.1,44
7657,T,220830,064533,60.258644N,24.086039E,27,18.2,39
7658,T,220830,064534,60.258675N,24.086100E,27,18.1,41
7659,T,220830,064535,60.258717N,24.086164E,27,20.3,38
7660,T,220830,064536,60.258751N,24.086229E,27,19.7,40
7661,T,220830,064537,60.258785N,24.086298E,26,18.9,47
7662,T,220830,064538,60.258823N,24.086382E,27,21.6,44
7663,T,220830,064539,60.258873N,24.086470E,28,21.5,43
7664,T,220830,064540,60.258919N,24.086548E,28,22.6,42
7665,T,220830,064541,60.258961N,24.086637E,28,22.5,42
7666,T,220830,064542,60.258999N,24.086721E,28,22.1,40
7667,T,220830,064543,60.259048N,24.086798E,29,21.3,39
7668,T,220830,064544,60.259087N,24.086874E,29,20.5,40
7669,T,220830,064545,60.259129N,24.086945E,29,19.4,40
7670,T,220830,064546,60.259163N,24.087017E,29,20.7,42
7671,T,220830,064547,60.259201N,24.087095E,29,20.8,43
7672,T,220830,064548,60.259239N,24.087172E,29,20.9,43
7673,T,220830,064549,60.259285N,24.087257E,30,21.6,49
7674,T,220830,064550,60.259319N,24.087336E,30,19.3,46
7675,T,220830,064551,60.259357N,24.087402E,30,19.9,44
7676,T,220830,064552,60.259396N,24.087467E,31,19.5,41
7677,T,220830,064553,60.259434N,24.087524E,31,16.2,41
7678,T,220830,064554,60.259460N,24.087576E,31,14.3,42
7679,T,220830,064555,60.259483N,24.087629E,31,13.8,50
7680,T,220830,064556,60.259502N,24.087685E,31,11.6,52
7681,T,220830,064557,60.259521N,24.087725E,31,9.7,51
7682,T,220830,064558,60.259529N,24.087755E,31,4.6,51
7683,T,220830,064559,60.259537N,24.087769E,31,0.0,51
7684,T,220830,064600,60.259548N,24.087776E,32,0.0,51
7685,T,220830,064601,60.259556N,24.087790E,32,0.0,51
7686,T,220830,064602,60.259563N,24.087803E,32,0.0,51
7687,T,220830,064603,60.259575N,24.087824E,32,0.0,51
7688,T,220830,064604,60.259586N,24.087847E,32,6.5,50
7689,T,220830,064605,60.259605N,24.087870E,32,7.4,49
7690,T,220830,064606,60.259621N,24.087893E,32,7.9,48
7691,T,220830,064607,60.259640N,24.087915E,33,9.1,46
7692,T,220830,064608,60.259659N,24.087944E,33,10.2,37
7693,T,220830,064609,60.259686N,24.087988E,33,12.3,44
7694,T,220830,064610,60.259716N,24.088037E,34,11.2,43
7695,T,220830,064611,60.259743N,24.088083E,34,12.1,45
7696,T,220830,064612,60.259769N,24.088123E,34,10.3,44
7697,T,220830,064613,60.259792N,24.088160E,34,10.2,43
7698,T,220830,064614,60.259819N,24.088184E,34,8.6,40
7699,T,220830,064615,60.259838N,24.088200E,34,6.8,39
7700,T,220830,064616,60.259861N,24.088209E,35,5.7,37
7701,T,220830,064617,60.259876N,24.088224E,35,5.1,36
7702,T,220830,064618,60.259899N,24.088242E,36,8.6,34
7703,T,220830,064619,60.259926N,24.088245E,35,9.3,32
7704,T,220830,064620,60.259949N,24.088259E,36,9.4,31
7705,T,220830,064621,60.259972N,24.088280E,36,8.5,30
7706,T,220830,064622,60.259991N,24.088305E,37,7.7,30
7707,T,220830,064623,60.260010N,24.088324E,37,5.3,31
7708,T,220830,064624,60.260025N,24.088343E,37,5.3,31
7709,T,220830,064625,60.260036N,24.088352E,38,0.0,31
7710,T,220830,064626,60.260052N,24.088366E,38,6.6,23
7711,T,220830,064627,60.260071N,24.088379E,38,7.4,8
7712,T,220830,064628,60.260105N,24.088392E,39,7.5,10
7713,T,220830,064629,60.260124N,24.088406E,39,6.6,12
7714,T,220830,064630,60.260147N,24.088427E,39,7.8,12
7715,T,220830,064631,60.260174N,24.088444E,40,8.9,13
7716,T,220830,064632,60.260197N,24.088465E,40,7.9,24
7717,T,220830,064633,60.260216N,24.088486E,40,7.0,21
7718,T,220830,064634,60.260235N,24.088505E,40,5.3,21
7719,T,220830,064635,60.260254N,24.088514E,40,5.4,20
7720,T,220830,064636,60.260262N,24.088518E,40,0.0,20
7721,T,220830,064637,60.260265N,24.088524E,40,0.0,20
7722,T,220830,064638,60.260269N,24.088530E,40,0.0,20
7723,T,220830,064639,60.260269N,24.088531E,39,0.0,20
7724,T,220830,064640,60.260269N,24.088531E,39,0.0,20
7725,T,220830,064641,60.260269N,24.088533E,39,0.0,20
7726,T,220830,064642,60.260273N,24.088533E,39,0.0,20
7727,T,220830,064643,60.260273N,24.088533E,40,0.0,20
7728,T,220830,064644,60.260273N,24.088533E,40,0.0,20
7729,T,220830,064645,60.260273N,24.088533E,40,0.0,20
7730,T,220830,064646,60.260273N,24.088533E,40,0.0,20
7731,T,220830,064647,60.260273N,24.088533E,40,0.0,20
7732,T,220830,064648,60.260273N,24.088533E,40,0.0,20
7733,T,220830,064649,60.260273N,24.088533E,40,0.0,20
7734,T,220830,064650,60.260273N,24.088533E,40,0.0,20
7735,T,220830,064651,60.260273N,24.088533E,40,0.0,20
7736,T,220830,064652,60.260273N,24.088533E,40,0.0,20
7737,T,220830,064653,60.260273N,24.088533E,40,0.0,20
7738,T,220830,064654,60.260273N,24.088533E,40,0.0,20
7739,T,220830,064655,60.260273N,24.088533E,40,0.0,20
7740,T,220830,064656,60.260273N,24.088533E,40,0.0,20
7741,T,220830,064657,60.260273N,24.088533E,40,0.0,20
7742,T,220830,064658,60.260273N,24.088533E,40,0.0,20
7743,T,220830,064659,60.260273N,24.088533E,40,0.0,20
7744,T,220830,064700,60.260273N,24.088533E,40,0.0,20
7745,T,220830,064701,60.260273N,24.088533E,40,0.0,20
7746,T,220830,064702,60.260273N,24.088533E,40,0.0,20
7747,T,220830,064703,60.260273N,24.088533E,40,0.0,20
7748,T,220830,064704,60.260273N,24.088533E,40,0.0,20
7749,T,220830,064705,60.260273N,24.088533E,40,0.0,20
7750,T,220830,064706,60.260273N,24.088533E,40,0.0,20
7751,T,220830,064707,60.260273N,24.088533E,40,0.0,20
7752,T,220830,064708,60.260273N,24.088533E,40,0.0,20
7753,T,220830,064709,60.260273N,24.088533E,40,0.0,20
7754,T,220830,064710,60.260273N,24.088533E,40,0.0,20
7755,T,220830,064711,60.260273N,24.088533E,40,0.0,20
7756,T,220830,064712,60.260273N,24.088533E,40,0.0,20
7757,T,220830,064713,60.260273N,24.088533E,40,0.0,20
7758,T,220830,064714,60.260273N,24.088533E,40,0.0,20
7759,T,220830,064715,60.260273N,24.088533E,40,0.0,20
7760,T,220830,064716,60.260273N,24.088533E,40,0.0,20
7761,T,220830,064717,60.260273N,24.088533E,39,0.0,20
7762,T,220830,064718,60.260273N,24.088533E,39,0.0,20
7763,T,220830,064719,60.260281N,24.088556E,39,6.9,32
7764,T,220830,064720,60.260303N,24.088587E,39,10.1,32
7765,T,220830,064721,60.260330N,24.088621E,39,11.3,31
7766,T,220830,064722,60.260361N,24.088654E,39,10.9,30
7767,T,220830,064723,60.260384N,24.088682E,39,9.7,30
7768,T,220830,064724,60.260406N,24.088715E,38,8.3,34
7769,T,220830,064725,60.260422N,24.088739E,38,6.3,44
7770,T,220830,064726,60.260437N,24.088758E,38,5.3,42
7771,T,220830,064727,60.260448N,24.088770E,38,5.7,38
7772,T,220830,064728,60.260464N,24.088779E,37,6.8,36
7773,T,220830,064729,60.260483N,24.088799E,37,8.6,36
7774,T,220830,064730,60.260509N,24.088827E,37,9.4,36
7775,T,220830,064731,60.260529N,24.088854E,36,8.2,34
7776,T,220830,064732,60.260544N,24.088867E,36,7.7,34
7777,T,220830,064733,60.260559N,24.088886E,36,6.7,33
7778,T,220830,064734,60.260571N,24.088909E,35,5.5,33
7779,T,220830,064735,60.260578N,24.088924E,35,0.0,33
7780,T,220830,064736,60.260578N,24.088928E,35,0.0,33
7781,T,220830,064737,60.260578N,24.088923E,35,0.0,33
7782,T,220830,064738,60.260567N,24.088903E,35,4.0,216
7783,T,220830,064739,60.260563N,24.088890E,34,3.9,217
7784,T,220830,064740,60.260555N,24.088877E,34,3.6,218
7785,T,220830,064741,60.260548N,24.088860E,34,4.4,220
7786,T,220830,064742,60.260540N,24.088848E,34,4.0,222
7787,T,220830,064743,60.260525N,24.088831E,33,4.8,220
7788,T,220830,064744,60.260506N,24.088812E,33,6.0,215
7789,T,220830,064745,60.260483N,24.088785E,32,8.4,215
7790,T,220830,064746,60.260468N,24.088762E,32,7.8,207
7791,T,220830,064747,60.260445N,24.088753E,32,8.8,193
7792,T,220830,064748,60.260422N,24.088741E,32,8.2,193
7793,T,220830,064749,60.260403N,24.088722E,31,6.9,196
7794,T,220830,064750,60.260387N,24.088696E,31,8.1,199
7795,T,220830,064751,60.260368N,24.088669E,31,9.0,201
7796,T,220830,064752,60.260345N,24.088642E,31,9.4,202
7797,T,220830,064753,60.260319N,24.088615E,31,9.9,203
7798,T,220830,064754,60.260300N,24.088596E,31,9.8,204
7799,T,220830,064755,60.260277N,24.088577E,30,9.8,205
7800,T,220830,064756,60.260254N,24.088556E,30,9.1,207
7801,T,220830,064757,60.260239N,24.088520E,30,8.1,210
7802,T,220830,064758,60.260220N,24.088491E,30,8.7,212
7803,T,220830,064759,60.260201N,24.088465E,30,8.8,213
7804,T,220830,064800,60.260181N,24.088444E,30,8.7,213
7805,T,220830,064801,60.260159N,24.088425E,30,8.3,213
7806,T,220830,064802,60.260139N,24.088409E,31,7.1,213
7807,T,220830,064803,60.260117N,24.088396E,31,7.7,212
7808,T,220830,064804,60.260094N,24.088385E,31,7.3,212
7809,T,220830,064805,60.260067N,24.088387E,30,6.3,211
7810,T,220830,064806,60.260052N,24.088375E,30,6.3,211
7811,T,220830,064807,60.260036N,24.088356E,30,7.3,212
7812,T,220830,064808,60.260014N,24.088339E,30,9.7,212
7813,T,220830,064809,60.259983N,24.088329E,31,10.2,211
7814,T,220830,064810,60.259953N,24.088322E,31,10.9,210
7815,T,220830,064811,60.259918N,24.088305E,31,11.0,207
7816,T,220830,064812,60.259892N,24.088276E,31,10.9,207
7817,T,220830,064813,60.259865N,24.088249E,31,10.4,207
7818,T,220830,064814,60.259834N,24.088224E,31,12.0,208
7819,T,220830,064815,60.259808N,24.088192E,31,9.8,209
7820,T,220830,064816,60.259792N,24.088156E,31,9.1,211
7821,T,220830,064817,60.259773N,24.088121E,32,9.0,212
7822,T,220830,064818,60.259750N,24.088095E,32,9.0,214
7823,T,220830,064819,60.259731N,24.088066E,32,8.9,216
7824,T,220830,064820,60.259712N,24.088036E,33,7.6,217
7825,T,220830,064821,60.259701N,24.088005E,33,8.1,230
7826,T,220830,064822,60.259666N,24.087957E,33,8.2,229
7827,T,220830,064823,60.259640N,24.087917E,34,8.3,230
7828,T,220830,064824,60.259621N,24.087872E,35,8.6,231
7829,T,220830,064825,60.259602N,24.087824E,35,10.6,229
7830,T,220830,064826,60.259575N,24.087782E,36,11.4,228
7831,T,220830,064827,60.259552N,24.087738E,36,11.5,228
7832,T,220830,064828,60.259521N,24.087690E,36,13.2,227
7833,T,220830,064829,60.259487N,24.087639E,36,14.4,227
7834,T,220830,064830,60.259460N,24.087584E,36,11.8,229
7835,T,220830,064831,60.259441N,24.087538E,37,12.2,226
7836,T,220830,064832,60.259411N,24.087488E,38,13.9,218
7837,T,220830,064833,60.259380N,24.087433E,38,14.0,219
7838,T,220830,064834,60.259354N,24.087385E,39,12.4,221
7839,T,220830,064835,60.259327N,24.087334E,39,12.3,234
7840,T,220830,064836,60.259300N,24.087275E,39,13.9,233
7841,T,220830,064837,60.259258N,24.087214E,38,16.8,232
7842,T,220830,064838,60.259216N,24.087147E,38,18.1,230
7843,T,220830,064839,60.259167N,24.087082E,36,18.5,229
7844,T,220830,064840,60.259125N,24.087021E,35,16.4,228
7845,T,220830,064841,60.259090N,24.086960E,36,15.4,222
7846,T,220830,064842,60.259060N,24.086905E,36,13.5,225
7847,T,220830,064843,60.259037N,24.086838E,36,15.4,227
7848,T,220830,064844,60.259003N,24.086777E,36,14.4,229
7849,T,220830,064845,60.258980N,24.086716E,37,13.5,228
7850,T,220830,064846,60.258957N,24.086657E,38,14.6,228
7851,T,220830,064847,60.258930N,24.086584E,39,15.8,234
7852,T,220830,064848,60.258907N,24.086523E,40,13.9,233
7853,T,220830,064849,60.258873N,24.086464E,40,14.4,232
7854,T,220830,064850,60.258842N,24.086397E,41,14.8,233
7855,T,220830,064851,60.258816N,24.086334E,41,15.2,232
7856,T,220830,064852,60.258781N,24.086275E,41,14.9,231
7857,T,220830,064853,60.258709N,24.086189E,40,15.5,230
7858,T,220830,064854,60.258648N,24.086115E,40,16.6,230
7859,T,220830,064855,60.258598N,24.086052E,39,16.1,229
7860,T,220830,064856,60.258560N,24.085976E,39,16.2,228
7861,T,220830,064857,60.258518N,24.085905E,39,17.5,226
7862,T,220830,064858,60.258484N,24.085836E,38,17.0,225
7863,T,220830,064859,60.258450N,24.085770E,38,16.9,223
7864,T,220830,064900,60.258408N,24.085705E,38,16.9,222
7865,T,220830,064901,60.258373N,24.085636E,38,16.5,221
7866,T,220830,064902,60.258335N,24.085573E,37,16.5,222
7867,T,220830,064903,60.258301N,24.085508E,36,16.9,221
7868,T,220830,064904,60.258266N,24.085443E,36,16.8,222
7869,T,220830,064905,60.258236N,24.085384E,35,16.5,223
7870,T,220830,064906,60.258205N,24.085318E,35,17.2,223
7871,T,220830,064907,60.258171N,24.085255E,35,17.3,223
7872,T,220830,064908,60.258141N,24.085190E,35,16.6,224
7873,T,220830,064909,60.258118N,24.085129E,35,16.5,225
7874,T,220830,064910,60.258087N,24.085068E,35,15.4,225
7875,T,220830,064911,60.258060N,24.085011E,35,14.6,226
7876,T,220830,064912,60.258038N,24.084955E,35,14.1,226
7877,T,220830,064913,60.258011N,24.084904E,36,13.4,225
7878,T,220830,064914,60.257988N,24.084858E,36,11.8,223
7879,T,220830,064915,60.257965N,24.084816E,36,11.3,222
7880,T,220830,064916,60.257942N,24.084776E,36,9.2,234
7881,T,220830,064917,60.257927N,24.084736E,36,8.5,231
7882,T,220830,064918,60.257912N,24.084702E,35,7.5,230
7883,T,220830,064919,60.257896N,24.084677E,35,7.0,229
7884,T,220830,064920,60.257881N,24.084656E,34,5.1,229
7885,T,220830,064921,60.257874N,24.084639E,34,0.0,229
7886,T,220830,064922,60.257866N,24.084623E,33,0.0,229
7887,T,220830,064923,60.257858N,24.084612E,34,0.0,229
7888,T,220830,064924,60.257851N,24.084602E,34,0.0,229
7889,T,220830,064925,60.257847N,24.084595E,34,0.0,229
7890,T,220830,064926,60.257847N,24.084595E,34,0.0,229
7891,T,220830,064927,60.257847N,24.084597E,34,0.0,229
7892,T,220830,064928,60.257847N,24.084597E,34,0.0,229
7893,T,220830,064929,60.257847N,24.084597E,34,0.0,229
7894,T,220830,064930,60.257847N,24.084597E,34,0.0,229
7895,T,220830,064931,60.257847N,24.084597E,34,0.0,229
7896,T,220830,064932,60.257847N,24.084597E,34,0.0,229
7897,T,220830,064933,60.257847N,24.084597E,34,0.0,229
7898,T,220830,064934,60.257847N,24.084597E,34,0.0,229
7899,T,220830,064935,60.257847N,24.084597E,34,0.0,229
7900,T,220830,064936,60.257847N,24.084595E,34,0.0,229
7901,T,220830,064937,60.257843N,24.084593E,34,0.0,229
7902,T,220830,064938,60.257843N,24.084591E,34,0.0,229
7903,T,220830,064939,60.257843N,24.084587E,34,0.0,229
7904,T,220830,064940,60.257843N,24.084587E,34,0.0,229
7905,T,220830,064941,60.257843N,24.084583E,34,0.0,229
7906,T,220830,064942,60.257843N,24.084583E,34,0.0,229
7907,T,220830,064943,60.257839N,24.084576E,34,4.0,228
7908,T,220830,064944,60.257828N,24.084558E,34,5.7,219
7909,T,220830,064945,60.257805N,24.084515E,34,6.7,211
7910,T,220830,064946,60.257778N,24.084478E,34,7.5,210
7911,T,220830,064947,60.257759N,24.084455E,34,7.6,204
7912,T,220830,064948,60.257732N,24.084446E,34,8.0,174
7913,T,220830,064949,60.257713N,24.084459E,33,9.2,143
7914,T,220830,064950,60.257690N,24.084499E,33,12.4,118
7915,T,220830,064951,60.257679N,24.084560E,33,13.3,108
7916,T,220830,064952,60.257671N,24.084633E,33,15.3,107
7917,T,220830,064953,60.257656N,24.084707E,33,16.8,107
7918,T,220830,064954,60.257637N,24.084787E,34,18.0,108
7919,T,220830,064955,60.257614N,24.084864E,34,16.2,109
7920,T,220830,064956,60.257599N,24.084932E,34,15.4,110
7921,T,220830,064957,60.257580N,24.084997E,34,14.7,111
7922,T,220830,064958,60.257561N,24.085064E,34,14.7,112
7923,T,220830,064959,60.257545N,24.085131E,34,15.3,113
7924,T,220830,065000,60.257523N,24.085192E,34,15.4,128
7925,T,220830,065001,60.257500N,24.085257E,34,15.4,127
7926,T,220830,065002,60.257481N,24.085321E,34,15.6,126
7927,T,220830,065003,60.257462N,24.085392E,34,17.0,126
7928,T,220830,065004,60.257439N,24.085464E,34,17.1,125
7929,T,220830,065005,60.257416N,24.085535E,34,17.9,124
7930,T,220830,065006,60.257393N,24.085611E,34,18.4,124
7931,T,220830,065007,60.257359N,24.085684E,34,18.8,125
7932,T,220830,065008,60.257332N,24.085764E,34,18.8,125
7933,T,220830,065009,60.257309N,24.085842E,34,18.8,124
7934,T,220830,065010,60.257278N,24.085924E,34,18.7,123
7935,T,220830,065011,60.257256N,24.086004E,34,18.6,121
7936,T,220830,065012,60.257233N,24.086086E,34,18.5,121
7937,T,220830,065013,60.257210N,24.086164E,34,18.5,121
7938,T,220830,065014,60.257179N,24.086243E,34,18.4,123
7939,T,220830,065015,60.257153N,24.086321E,35,18.4,123
7940,T,220830,065016,60.257130N,24.086405E,35,18.3,123
7941,T,220830,065017,60.257099N,24.086485E,35,18.2,122
7942,T,220830,065018,60.257076N,24.086561E,35,18.2,122
7943,T,220830,065019,60.257050N,24.086637E,35,18.1,123
7944,T,220830,065020,60.257023N,24.086716E,35,18.4,123
7945,T,220830,065021,60.257000N,24.086796E,35,18.5,122
7946,T,220830,065022,60.256977N,24.086878E,35,18.6,121
7947,T,220830,065023,60.256950N,24.086960E,35,18.6,120
7948,T,220830,065024,60.256927N,24.087042E,35,19.0,120
7949,T,220830,065025,60.256905N,24.087124E,35,18.9,120
7950,T,220830,065026,60.256882N,24.087206E,35,18.8,120
7951,T,220830,065027,60.256855N,24.087286E,35,18.2,120
7952,T,220830,065028,60.256832N,24.087366E,35,18.2,120
7953,T,220830,065029,60.256809N,24.087444E,36,18.2,120
7954,T,220830,065030,60.256783N,24.087523E,36,18.2,121
7955,T,220830,065031,60.256760N,24.087601E,36,18.2,121
7956,T,220830,065032,60.256741N,24.087681E,36,18.2,120
7957,T,220830,065033,60.256718N,24.087757E,36,18.3,120
7958,T,220830,065034,60.256691N,24.087835E,36,18.3,119
7959,T,220830,065035,60.256668N,24.087915E,36,18.0,119
7960,T,220830,065036,60.256645N,24.087992E,36,18.0,120
7961,T,220830,065037,60.256618N,24.088070E,36,18.0,120
7962,T,220830,065038,60.256599N,24.088146E,36,17.7,120
7963,T,220830,065039,60.256577N,24.088224E,37,17.7,120
7964,T,220830,065040,60.256554N,24.088301E,37,17.7,120
7965,T,220830,065041,60.256527N,24.088375E,37,17.8,121
7966,T,220830,065042,60.256508N,24.088453E,37,17.9,120
7967,T,220830,065043,60.256485N,24.088531E,37,18.0,120
7968,T,220830,065044,60.256462N,24.088610E,37,17.7,119
7969,T,220830,065045,60.256439N,24.088688E,38,18.0,119
7970,T,220830,065046,60.256420N,24.088768E,38,17.9,117
7971,T,220830,065047,60.256405N,24.088852E,38,17.8,116
7972,T,220830,065048,60.256378N,24.088932E,38,17.2,115
7973,T,220830,065049,60.256359N,24.089005E,38,16.5,115
7974,T,220830,065050,60.256340N,24.089075E,38,16.4,116
7975,T,220830,065051,60.256321N,24.089146E,39,15.9,117
7976,T,220830,065052,60.256302N,24.089216E,39,15.2,117
7977,T,220830,065053,60.256279N,24.089279E,39,14.9,117
7978,T,220830,065054,60.256264N,24.089344E,39,14.8,117
7979,T,220830,065055,60.256252N,24.089413E,39,14.1,115
7980,T,220830,065056,60.256241N,24.089476E,40,14.5,114
7981,T,220830,065057,60.256222N,24.089544E,39,15.0,119
7982,T,220830,065058,60.256199N,24.089605E,40,15.0,128
7983,T,220830,065059,60.256176N,24.089664E,40,14.5,128
7984,T,220830,065100,60.256153N,24.089720E,40,14.6,128
7985,T,220830,065101,60.256126N,24.089773E,40,14.5,131
7986,T,220830,065102,60.256104N,24.089823E,40,12.4,133
7987,T,220830,065103,60.256084N,24.089867E,40,11.0,123
7988,T,220830,065104,60.256073N,24.089912E,40,9.6,119
7989,T,220830,065105,60.256073N,24.089954E,41,8.3,90
7990,T,220830,065106,60.256077N,24.089996E,41,9.3,65
7991,T,220830,065107,60.256088N,24.090042E,41,11.9,49
7992,T,220830,065108,60.256111N,24.090092E,41,14.6,48
7993,T,220830,065109,60.256142N,24.090149E,41,16.5,43
7994,T,220830,065110,60.256168N,24.090206E,41,17.6,41
7995,T,220830,065111,60.256203N,24.090263E,41,17.7,40
7996,T,220830,065112,60.256241N,24.090322E,41,18.1,40
7997,T,220830,065113,60.256275N,24.090378E,41,18.1,37
7998,T,220830,065114,60.256310N,24.090437E,41,17.4,38
7999,T,220830,065115,60.256340N,24.090490E,41,16.7,39
8000,T,220830,065116,60.256371N,24.090544E,41,15.5,42
8001,T,220830,065117,60.256401N,24.090597E,41,15.0,44
8002,T,220830,065118,60.256432N,24.090654E,41,15.1,44
8003,T,220830,065119,60.256454N,24.090710E,40,15.5,45
8004,T,220830,065120,60.256489N,24.090763E,41,15.9,44
8005,T,220830,065121,60.256519N,24.090818E,41,16.5,44
8006,T,220830,065122,60.256554N,24.090879E,41,17.2,43
8007,T,220830,065123,60.256580N,24.090940E,41,17.6,43
8008,T,220830,065124,60.256615N,24.091000E,41,17.9,43
8009,T,220830,065125,60.256649N,24.091061E,41,18.0,42
8010,T,220830,065126,60.256683N,24.091122E,41,18.4,41
8011,T,220830,065127,60.256721N,24.091183E,41,18.3,41
8012,T,220830,065128,60.256752N,24.091242E,41,17.7,41
8013,T,220830,065129,60.256783N,24.091303E,41,16.8,42
8014,T,220830,065130,60.256813N,24.091360E,41,15.8,43
8015,T,220830,065131,60.256840N,24.091415E,41,15.2,44
8016,T,220830,065132,60.256866N,24.091463E,42,14.0,43
8017,T,220830,065133,60.256893N,24.091513E,42,12.5,43
8018,T,220830,065134,60.256912N,24.091555E,42,12.4,38
8019,T,220830,065135,60.256935N,24.091595E,42,11.9,38
8020,T,220830,065136,60.256954N,24.091637E,42,13.5,39
8021,T,220830,065137,60.256985N,24.091688E,42,15.9,39
8022,T,220830,065138,60.257015N,24.091743E,42,17.4,41
8023,T,220830,065139,60.257050N,24.091805E,42,18.4,41
8024,T,220830,065140,60.257084N,24.091867E,42,19.5,41
8025,T,220830,065141,60.257118N,24.091936E,42,20.0,41
8026,T,220830,065142,60.257160N,24.092003E,42,20.3,41
8027,T,220830,065143,60.257198N,24.092068E,42,20.2,41
8028,T,220830,065144,60.257236N,24.092136E,41,20.2,41
8029,T,220830,065145,60.257271N,24.092199E,41,20.1,41
8030,T,220830,065146,60.257313N,24.092266E,41,19.2,42
8031,T,220830,065147,60.257343N,24.092333E,41,19.2,42
8032,T,220830,065148,60.257381N,24.092394E,41,18.2,42
8033,T,220830,065149,60.257408N,24.092457E,41,17.3,42
8034,T,220830,065150,60.257439N,24.092512E,41,16.8,42
8035,T,220830,065151,60.257473N,24.092567E,41,17.5,41
8036,T,220830,065152,60.257504N,24.092627E,41,18.5,41
8037,T,220830,065153,60.257542N,24.092684E,41,18.5,40
8038,T,220830,065154,60.257576N,24.092749E,41,18.4,40
8039,T,220830,065155,60.257607N,24.092808E,41,17.8,39
8040,T,220830,065156,60.257645N,24.092869E,41,17.8,46
8041,T,220830,065157,60.257671N,24.092934E,41,17.3,45
8042,T,220830,065158,60.257702N,24.092997E,41,17.3,44
8043,T,220830,065159,60.257732N,24.093060E,41,17.2,43
8044,T,220830,065200,60.257763N,24.093121E,41,17.3,41
8045,T,220830,065201,60.257797N,24.093178E,41,17.2,41
8046,T,220830,065202,60.257828N,24.093239E,41,16.8,41
8047,T,220830,065203,60.257854N,24.093296E,41,16.2,40
8048,T,220830,065204,60.257889N,24.093346E,41,15.5,40
8049,T,220830,065205,60.257912N,24.093395E,41,13.7,41
8050,T,220830,065206,60.257935N,24.093439E,41,11.2,42
8051,T,220830,065207,60.257954N,24.093475E,41,9.8,42
8052,T,220830,065208,60.257977N,24.093512E,42,11.5,41
8053,T,220830,065209,60.257999N,24.093550E,42,12.9,39
8054,T,220830,065210,60.258026N,24.093596E,42,14.7,40
8055,T,220830,065211,60.258057N,24.093645E,42,15.7,40
8056,T,220830,065212,60.258087N,24.093700E,42,15.6,42
8057,T,220830,065213,60.258114N,24.093758E,42,16.0,42
8058,T,220830,065214,60.258144N,24.093821E,42,16.8,44
8059,T,220830,065215,60.258179N,24.093884E,42,17.1,45
8060,T,220830,065216,60.258213N,24.093941E,42,16.7,44
8061,T,220830,065217,60.258244N,24.093988E,43,15.3,34
8062,T,220830,065218,60.258278N,24.094027E,43,13.1,34
8063,T,220830,065219,60.258301N,24.094069E,43,11.4,36
8064,T,220830,065220,60.258320N,24.094118E,42,14.7,39
8065,T,220830,065221,60.258331N,24.094196E,42,17.0,42
8066,T,220830,065222,60.258343N,24.094275E,42,15.2,46
8067,T,220830,065223,60.258343N,24.094343E,43,12.7,50
8068,T,220830,065224,60.258331N,24.094402E,43,11.2,55
8069,T,220830,065225,60.258316N,24.094444E,44,10.8,61
8070,T,220830,065226,60.258293N,24.094488E,44,12.3,68
8071,T,220830,065227,60.258266N,24.094532E,45,12.6,74
8072,T,220830,065228,60.258247N,24.094574E,45,11.0,80
8073,T,220830,065229,60.258224N,24.094610E,45,10.9,138
8074,T,220830,065230,60.258209N,24.094645E,46,9.8,137
8075,T,220830,065231,60.258202N,24.094683E,47,9.7,135
8076,T,220830,065232,60.258183N,24.094725E,47,8.9,134
8077,T,220830,065233,60.258175N,24.094765E,47,9.1,132
8078,T,220830,065234,60.258163N,24.094809E,47,9.0,130
8079,T,220830,065235,60.258156N,24.094852E,48,8.9,128
8080,T,220830,065236,60.258144N,24.094900E,48,9.4,107
8081,T,220830,065237,60.258141N,24.094954E,48,10.6,93
8082,T,220830,065238,60.258141N,24.095007E,48,10.1,82
8083,T,220830,065239,60.258141N,24.095060E,48,9.7,83
8084,T,220830,065240,60.258144N,24.095108E,48,8.7,80
8085,T,220830,065241,60.258144N,24.095150E,48,7.3,77
8086,T,220830,065242,60.258148N,24.095194E,48,6.9,75
8087,T,220830,065243,60.258152N,24.095228E,49,5.8,74
8088,T,220830,065244,60.258152N,24.095255E,49,4.1,73
8089,T,220830,065245,60.258156N,24.095276E,49,5.2,72
8090,T,220830,065246,60.258160N,24.095304E,49,6.8,71
8091,T,220830,065247,60.258163N,24.095343E,49,7.8,70
8092,T,220830,065248,60.258167N,24.095381E,49,7.7,70
8093,T,220830,065249,60.258171N,24.095421E,49,7.6,69
8094,T,220830,065250,60.258175N,24.095453E,49,6.0,70
8095,T,220830,065251,60.258167N,24.095495E,49,6.1,71
8096,T,220830,065252,60.258175N,24.095535E,49,7.1,71
8097,T,220830,065253,60.258179N,24.095568E,50,7.2,70
8098,T,220830,065254,60.258186N,24.095602E,50,6.5,71
8099,T,220830,065255,60.258190N,24.095636E,50,6.5,70
8100,T,220830,065256,60.258198N,24.095667E,51,6.7,68
8101,T,220830,065257,60.258205N,24.095699E,51,7.0,67
8102,T,220830,065258,60.258209N,24.095736E,52,7.0,66
8103,T,220830,065259,60.258217N,24.095770E,52,7.1,66
8104,T,220830,065300,60.258221N,24.095804E,52,7.2,68
8105,T,220830,065301,60.258228N,24.095837E,52,7.2,69
8106,T,220830,065302,60.258232N,24.095869E,53,7.1,70
8107,T,220830,065303,60.258240N,24.095903E,53,7.1,70
8108,T,220830,065304,60.258244N,24.095934E,53,6.8,70
8109,T,220830,065305,60.258247N,24.095964E,53,7.1,69
8110,T,220830,065306,60.258255N,24.095999E,53,7.0,70
8111,T,220830,065307,60.258259N,24.096033E,54,7.0,70
8112,T,220830,065308,60.258263N,24.096066E,54,6.6,71
8113,T,220830,065309,60.258270N,24.096096E,54,6.5,70
8114,T,220830,065310,60.258278N,24.096125E,55,6.1,69
8115,T,220830,065311,60.258282N,24.096161E,55,6.5,68
8116,T,220830,065312,60.258289N,24.096188E,55,6.4,58
8117,T,220830,065313,60.258297N,24.096218E,55,7.2,59
8118,T,220830,065314,60.258305N,24.096252E,55,8.0,58
8119,T,220830,065315,60.258316N,24.096291E,55,8.8,63
8120,T,220830,065316,60.258324N,24.096331E,55,9.2,62
8121,T,220830,065317,60.258339N,24.096373E,55,9.9,62
8122,T,220830,065318,60.258350N,24.096416E,56,10.0,59
8123,T,220830,065319,60.258366N,24.096462E,56,10.1,59
8124,T,220830,065320,60.258377N,24.096508E,56,10.2,60
8125,T,220830,065321,60.258389N,24.096554E,56,10.1,59
8126,T,220830,065322,60.258400N,24.096603E,56,10.1,59
8127,T,220830,065323,60.258415N,24.096651E,57,10.7,59
8128,T,220830,065324,60.258427N,24.096701E,57,10.8,60
8129,T,220830,065325,60.258438N,24.096750E,57,10.8,59
8130,T,220830,065326,60.258453N,24.096798E,57,11.4,59
8131,T,220830,065327,60.258465N,24.096848E,57,11.3,58
8132,T,220830,065328,60.258480N,24.096897E,57,11.4,57
8133,T,220830,065329,60.258495N,24.096951E,57,11.8,56
8134,T,220830,065330,60.258511N,24.096998E,57,11.9,55
8135,T,220830,065331,60.258530N,24.097048E,58,11.8,55
8136,T,220830,065332,60.258545N,24.097097E,58,11.7,55
8137,T,220830,065333,60.258560N,24.097153E,58,11.7,55
8138,T,220830,065334,60.258572N,24.097204E,58,11.6,56
8139,T,220830,065335,60.258583N,24.097258E,58,11.5,69
8140,T,220830,065336,60.258595N,24.097313E,58,11.5,66
8141,T,220830,065337,60.258610N,24.097364E,59,11.5,69
8142,T,220830,065338,60.258617N,24.097418E,59,10.5,70
8143,T,220830,065339,60.258625N,24.097469E,59,10.5,70
8144,T,220830,065340,60.258633N,24.097521E,60,9.7,88
8145,T,220830,065341,60.258633N,24.097569E,60,9.3,91
8146,T,220830,065342,60.258633N,24.097614E,60,9.2,90
8147,T,220830,065343,60.258633N,24.097656E,61,8.4,89
8148,T,220830,065344,60.258633N,24.097696E,60,7.3,88
8149,T,220830,065345,60.258640N,24.097729E,61,6.8,68
8150,T,220830,065346,60.258644N,24.097759E,61,7.2,60
8151,T,220830,065347,60.258656N,24.097792E,61,8.3,52
8152,T,220830,065348,60.258671N,24.097824E,61,9.4,51
8153,T,220830,065349,60.258690N,24.097864E,61,10.3,47
8154,T,220830,065350,60.258705N,24.097900E,61,10.3,44
8155,T,220830,065351,60.258724N,24.097935E,61,10.3,37
8156,T,220830,065352,60.258747N,24.097963E,61,11.1,30
8157,T,220830,065353,60.258774N,24.097990E,61,11.7,31
8158,T,220830,065354,60.258804N,24.098024E,61,14.0,33
8159,T,220830,065355,60.258835N,24.098061E,61,14.9,33
8160,T,220830,065356,60.258869N,24.098103E,61,15.0,34
8161,T,220830,065357,60.258900N,24.098145E,61,15.0,37
8162,T,220830,065358,60.258926N,24.098194E,61,15.1,38
8163,T,220830,065359,60.258961N,24.098238E,61,15.1,38
8164,T,220830,065400,60.258991N,24.098288E,60,16.0,39
8165,T,220830,065401,60.259014N,24.098339E,60,15.2,41
8166,T,220830,065402,60.259048N,24.098387E,60,16.7,33
8167,T,220830,065403,60.259083N,24.098433E,59,16.3,35
8168,T,220830,065404,60.259117N,24.098480E,59,17.0,38
8169,T,220830,065405,60.259148N,24.098536E,59,16.6,39
8170,T,220830,065406,60.259178N,24.098581E,59,16.5,36
8171,T,220830,065407,60.259212N,24.098631E,59,16.3,34
8172,T,220830,065408,60.259247N,24.098677E,59,16.5,35
8173,T,220830,065409,60.259281N,24.098724E,59,15.5,34
8174,T,220830,065410,60.259312N,24.098770E,58,14.4,34
8175,T,220830,065411,60.259338N,24.098812E,58,14.9,35
8176,T,220830,065412,60.259373N,24.098864E,58,16.0,35
8177,T,220830,065413,60.259403N,24.098913E,58,16.4,35
8178,T,220830,065414,60.259438N,24.098963E,58,14.6,37
8179,T,220830,065415,60.259472N,24.099007E,58,15.4,32
8180,T,220830,065416,60.259499N,24.099049E,58,14.5,30
8181,T,220830,065417,60.259541N,24.099085E,58,15.1,30
8182,T,220830,065418,60.259571N,24.099125E,58,15.8,26
8183,T,220830,065419,60.259617N,24.099161E,58,17.1,23
8184,T,220830,065420,60.259659N,24.099199E,59,18.6,24
8185,T,220830,065421,60.259708N,24.099243E,59,20.0,26
8186,T,220830,065422,60.259754N,24.099291E,59,19.2,24
8187,T,220830,065423,60.259804N,24.099337E,59,18.7,26
8188,T,220830,065424,60.259872N,24.099392E,59,20.7,25
8189,T,220830,065425,60.259941N,24.099455E,59,22.3,26
8190,T,220830,065426,60.259995N,24.099512E,60,21.8,28
8191,T,220830,065427,60.260040N,24.099573E,60,20.6,37
8192,T,220830,065428,60.260078N,24.099636E,60,19.2,34
8193,T,220830,065429,60.260120N,24.099686E,61,17.0,33
8194,T,220830,065430,60.260151N,24.099749E,61,17.5,38
8195,T,220830,065431,60.260193N,24.099802E,61,17.8,38
8196,T,220830,065432,60.260231N,24.099852E,61,17.0,37
8197,T,220830,065433,60.260273N,24.099909E,61,18.8,36
8198,T,220830,065434,60.260311N,24.099966E,61,18.2,35
8199,T,220830,065435,60.260353N,24.100019E,62,18.1,34
8200,T,220830,065436,60.260391N,24.100071E,62,17.5,33
8201,T,220830,065437,60.260429N,24.100121E,63,17.0,34
8202,T,220830,065438,60.260468N,24.100174E,63,19.2,33
8203,T,220830,065439,60.260513N,24.100229E,63,19.8,32
8204,T,220830,065440,60.260559N,24.100285E,63,20.1,31
8205,T,220830,065441,60.260612N,24.100342E,63,21.1,30
8206,T,220830,065442,60.260666N,24.100395E,63,21.2,28
8207,T,220830,065443,60.260712N,24.100449E,64,21.3,28
8208,T,220830,065444,60.260761N,24.100502E,64,20.0,28
8209,T,220830,065445,60.260811N,24.100552E,64,20.9,26
8210,T,220830,065446,60.260864N,24.100599E,64,21.3,26
8211,T,220830,065447,60.260918N,24.100649E,64,22.3,24
8212,T,220830,065448,60.260967N,24.100691E,64,21.1,23
8213,T,220830,065449,60.261021N,24.100737E,64,21.5,22
8214,T,220830,065450,60.261070N,24.100777E,64,20.5,22
8215,T,220830,065451,60.261124N,24.100821E,64,22.9,21
8216,T,220830,065452,60.261181N,24.100866E,64,22.7,21
8217,T,220830,065453,60.261230N,24.100910E,64,22.0,20
8218,T,220830,065454,60.261288N,24.100954E,64,23.0,21
8219,T,220830,065455,60.261345N,24.101004E,65,23.1,21
8220,T,220830,065456,60.261410N,24.101063E,65,21.2,22
8221,T,220830,065457,60.261456N,24.101116E,65,21.3,22
8222,T,220830,065458,60.261509N,24.101175E,65,21.9,23
8223,T,220830,065459,60.261559N,24.101236E,65,21.9,23
8224,T,220830,065500,60.261608N,24.101295E,65,21.8,24
8225,T,220830,065501,60.261662N,24.101358E,65,21.4,25
8226,T,220830,065502,60.261711N,24.101414E,65,21.8,26
8227,T,220830,065503,60.261761N,24.101475E,65,21.9,28
8228,T,220830,065504,60.261806N,24.101536E,65,22.5,30
8229,T,220830,065505,60.261856N,24.101601E,65,22.0,32
8230,T,220830,065506,60.261906N,24.101669E,64,23.6,33
8231,T,220830,065507,60.261959N,24.101736E,63,25.3,33
8232,T,220830,065508,60.262016N,24.101807E,63,25.7,31
8233,T,220830,065509,60.262074N,24.101871E,63,26.0,31
8234,T,220830,065510,60.262127N,24.101936E,62,24.7,30
8235,T,220830,065511,60.262184N,24.102001E,62,25.1,29
8236,T,220830,065512,60.262241N,24.102060E,62,25.1,29
8237,T,220830,065513,60.262299N,24.102108E,61,25.0,28
8238,T,220830,065514,60.262356N,24.102156E,61,23.7,28
8239,T,220830,065515,60.262417N,24.102200E,61,24.3,27
8240,T,220830,065516,60.262470N,24.102243E,60,23.5,26
8241,T,220830,065517,60.262527N,24.102283E,60,23.7,26
8242,T,220830,065518,60.262585N,24.102320E,59,23.2,25
8243,T,220830,065519,60.262646N,24.102360E,59,24.4,24
8244,T,220830,065520,60.262703N,24.102400E,59,24.9,21
8245,T,220830,065521,60.262768N,24.102444E,58,26.2,20
8246,T,220830,065522,60.262833N,24.102484E,58,27.9,18
8247,T,220830,065523,60.262905N,24.102522E,57,29.8,17
8248,T,220830,065524,60.262981N,24.102556E,57,30.9,17
8249,T,220830,065525,60.263058N,24.102594E,55,31.9,16
8250,T,220830,065526,60.263153N,24.102636E,55,33.2,14
8251,T,220830,065527,60.263241N,24.102684E,55,32.7,14
8252,T,220830,065528,60.263321N,24.102732E,54,32.7,14
8253,T,220830,065529,60.263401N,24.102779E,54,31.6,15
8254,T,220830,065530,60.263481N,24.102837E,54,33.0,16
8255,T,220830,065531,60.263557N,24.102886E,53,31.0,18
8256,T,220830,065532,60.263634N,24.102928E,53,31.1,12
8257,T,220830,065533,60.263714N,24.102961E,53,32.2,9
8258,T,220830,065534,60.263790N,24.102985E,53,32.2,8
8259,T,220830,065535,60.263870N,24.103012E,52,32.5,9
8260,T,220830,065536,60.263950N,24.103043E,52,31.1,10
8261,T,220830,065537,60.264027N,24.103077E,51,30.7,12
8262,T,220830,065538,60.264099N,24.103115E,51,30.1,14
8263,T,220830,065539,60.264168N,24.103151E,50,28.2,14
8264,T,220830,065540,60.264236N,24.103189E,50,26.0,15
8265,T,220830,065541,60.264297N,24.103226E,50,25.2,16
8266,T,220830,065542,60.264355N,24.103264E,49,23.8,17
8267,T,220830,065543,60.264408N,24.103300E,49,21.1,18
8268,T,220830,065544,60.264462N,24.103333E,49,20.3,19
8269,T,220830,065545,60.264503N,24.103359E,50,18.9,19
8270,T,220830,065546,60.264549N,24.103384E,50,17.7,17
8271,T,220830,065547,60.264591N,24.103411E,50,18.2,17
8272,T,220830,065548,60.264633N,24.103439E,50,17.7,18
8273,T,220830,065549,60.264671N,24.103476E,50,18.1,19
8274,T,220830,065550,60.264717N,24.103508E,50,18.7,19
8275,T,220830,065551,60.264755N,24.103544E,50,18.9,20
8276,T,220830,065552,60.264801N,24.103580E,50,19.0,21
8277,T,220830,065553,60.264839N,24.103617E,49,19.4,22
8278,T,220830,065554,60.264885N,24.103657E,49,19.5,23
8279,T,220830,065555,60.264927N,24.103697E,49,19.5,24
8280,T,220830,065556,60.264973N,24.103739E,49,20.0,25
8281,T,220830,065557,60.265018N,24.103777E,48,19.4,25
8282,T,220830,065558,60.265068N,24.103815E,48,19.4,24
8283,T,220830,065559,60.265114N,24.103855E,48,18.6,25
8284,T,220830,065600,60.265152N,24.103897E,48,18.7,26
8285,T,220830,065601,60.265186N,24.103939E,48,17.8,22
8286,T,220830,065602,60.265228N,24.103975E,48,18.3,25
8287,T,220830,065603,60.265270N,24.104015E,48,18.1,26
8288,T,220830,065604,60.265308N,24.104057E,48,17.7,28
8289,T,220830,065605,60.265347N,24.104099E,48,18.5,22
8290,T,220830,065606,60.265392N,24.104136E,48,18.9,23
8291,T,220830,065607,60.265430N,24.104177E,48,19.0,25
8292,T,220830,065608,60.265472N,24.104223E,48,18.3,28
8293,T,220830,065609,60.265511N,24.104267E,48,18.2,27
8294,T,220830,065610,60.265553N,24.104305E,48,17.9,26
8295,T,220830,065611,60.265591N,24.104345E,48,17.8,27
8296,T,220830,065612,60.265629N,24.104385E,48,17.8,27
8297,T,220830,065613,60.265667N,24.104425E,48,17.4,27
8298,T,220830,065614,60.265705N,24.104464E,48,17.5,26
8299,T,220830,065615,60.265743N,24.104504E,48,17.6,27
8300,T,220830,065616,60.265785N,24.104544E,48,17.7,27
8301,T,220830,065617,60.265820N,24.104584E,48,17.0,27
8302,T,220830,065618,60.265862N,24.104624E,48,17.4,27
8303,T,220830,065619,60.265900N,24.104664E,48,17.3,27
8304,T,220830,065620,60.265938N,24.104704E,48,17.3,26
8305,T,220830,065621,60.265972N,24.104744E,48,17.3,26
8306,T,220830,065622,60.266010N,24.104782E,48,17.2,24
8307,T,220830,065623,60.266048N,24.104820E,48,18.2,24
8308,T,220830,065624,60.266087N,24.104860E,48,18.1,23
8309,T,220830,065625,60.266129N,24.104897E,48,17.9,22
8310,T,220830,065626,60.266167N,24.104937E,48,17.1,23
8311,T,220830,065627,60.266201N,24.104977E,48,17.0,23
8312,T,220830,065628,60.266239N,24.105021E,48,17.1,24
8313,T,220830,065629,60.266281N,24.105061E,48,17.0,25
8314,T,220830,065630,60.266315N,24.105097E,49,17.2,25
8315,T,220830,065631,60.266357N,24.105133E,49,17.2,25
8316,T,220830,065632,60.266396N,24.105169E,49,17.2,25
8317,T,220830,065633,60.266434N,24.105209E,49,16.8,27
8318,T,220830,065634,60.266468N,24.105251E,49,16.7,28
8319,T,220830,065635,60.266502N,24.105291E,49,16.1,28
8320,T,220830,065636,60.266541N,24.105330E,49,16.0,27
8321,T,220830,065637,60.266575N,24.105366E,49,15.8,27
8322,T,220830,065638,60.266609N,24.105404E,50,15.7,27
8323,T,220830,065639,60.266640N,24.105440E,50,14.7,27
8324,T,220830,065640,60.266678N,24.105476E,50,15.5,27
8325,T,220830,065641,60.266712N,24.105509E,50,15.0,26
8326,T,220830,065642,60.266743N,24.105547E,50,15.5,32
8327,T,220830,065643,60.266781N,24.105585E,50,16.1,29
8328,T,220830,065644,60.266811N,24.105627E,50,16.5,28
8329,T,220830,065645,60.266850N,24.105671E,50,16.5,29
8330,T,220830,065646,60.266884N,24.105707E,50,16.4,26
8331,T,220830,065647,60.266918N,24.105745E,50,16.5,26
8332,T,220830,065648,60.266964N,24.105780E,50,17.4,20
8333,T,220830,065649,60.266998N,24.105812E,51,16.1,22
8334,T,220830,065650,60.267040N,24.105839E,51,18.6,19
8335,T,220830,065651,60.267090N,24.105869E,51,18.7,19
8336,T,220830,065652,60.267132N,24.105904E,51,18.7,21
8337,T,220830,065653,60.267181N,24.105942E,52,18.7,22
8338,T,220830,065654,60.267223N,24.105980E,52,18.4,22
8339,T,220830,065655,60.267265N,24.106018E,52,16.9,24
8340,T,220830,065656,60.267303N,24.106050E,52,18.0,15
8341,T,220830,065657,60.267349N,24.106075E,52,17.1,16
8342,T,220830,065658,60.267384N,24.106106E,52,16.5,16
8343,T,220830,065659,60.267429N,24.106136E,52,17.2,17
8344,T,220830,065700,60.267460N,24.106161E,52,14.6,17
8345,T,220830,065701,60.267502N,24.106197E,52,16.7,32
8346,T,220830,065702,60.267540N,24.106243E,52,17.9,31
8347,T,220830,065703,60.267586N,24.106297E,52,18.3,34
8348,T,220830,065704,60.267620N,24.106354E,52,17.8,44
8349,T,220830,065705,60.267643N,24.106409E,52,14.4,44
8350,T,220830,065706,60.267673N,24.106457E,52,13.6,42
8351,T,220830,065707,60.267700N,24.106491E,52,13.5,41
8352,T,220830,065708,60.267731N,24.106522E,51,12.8,39
8353,T,220830,065709,60.267761N,24.106550E,52,11.9,37
8354,T,220830,065710,60.267792N,24.106579E,51,14.2,35
8355,T,220830,065711,60.267834N,24.106613E,51,17.0,34
8356,T,220830,065712,60.267879N,24.106653E,52,18.4,33
8357,T,220830,065713,60.267921N,24.106703E,51,17.5,33
8358,T,220830,065714,60.267963N,24.106750E,52,17.6,31
8359,T,220830,065715,60.268009N,24.106796E,52,18.5,29
8360,T,220830,065716,60.268051N,24.106844E,52,20.7,27
8361,T,220830,065717,60.268101N,24.106895E,52,20.5,30
8362,T,220830,065718,60.268143N,24.106947E,53,19.8,28
8363,T,220830,065719,60.268192N,24.106993E,53,19.9,27
8364,T,220830,065720,60.268234N,24.107035E,53,19.1,25
8365,T,220830,065721,60.268288N,24.107077E,52,22.2,25
8366,T,220830,065722,60.268345N,24.107117E,52,23.5,24
8367,T,220830,065723,60.268398N,24.107155E,52,23.6,22
8368,T,220830,065724,60.268452N,24.107197E,52,21.9,22
8369,T,220830,065725,60.268505N,24.107244E,52,22.0,23
8370,T,220830,065726,60.268555N,24.107290E,52,22.7,23
8371,T,220830,065727,60.268612N,24.107332E,53,22.4,23
8372,T,220830,065728,60.268665N,24.107374E,53,20.8,24
8373,T,220830,065729,60.268711N,24.107416E,53,20.7,23
8374,T,220830,065730,60.268772N,24.107452E,53,20.6,23
8375,T,220830,065731,60.268833N,24.107491E,53,22.6,21
8376,T,220830,065732,60.268887N,24.107525E,53,20.9,19
8377,T,220830,065733,60.268936N,24.107567E,53,20.9,19
8378,T,220830,065734,60.268993N,24.107611E,54,21.5,20
8379,T,220830,065735,60.269043N,24.107647E,53,23.0,16
8380,T,220830,065736,60.269096N,24.107679E,54,20.7,18
8381,T,220830,065737,60.269157N,24.107721E,54,24.1,20
8382,T,220830,065738,60.269211N,24.107763E,54,23.2,20
8383,T,220830,065739,60.269268N,24.107807E,54,22.8,21
8384,T,220830,065740,60.269325N,24.107857E,54,23.5,22
8385,T,220830,065741,60.269375N,24.107901E,54,22.0,22
8386,T,220830,065742,60.269432N,24.107946E,53,23.7,22
8387,T,220830,065743,60.269489N,24.107996E,53,22.7,23
8388,T,220830,065744,60.269539N,24.108044E,53,22.6,23
8389,T,220830,065745,60.269596N,24.108088E,53,23.2,22
8390,T,220830,065746,60.269650N,24.108126E,53,20.7,22
8391,T,220830,065747,60.269699N,24.108168E,53,20.6,21
8392,T,220830,065748,60.269749N,24.108210E,53,20.2,21
8393,T,220830,065749,60.269798N,24.108252E,53,21.8,21
8394,T,220830,065750,60.269852N,24.108290E,54,21.1,21
8395,T,220830,065751,60.269901N,24.108335E,53,20.3,21
8396,T,220830,065752,60.269943N,24.108379E,52,20.2,22
8397,T,220830,065753,60.269997N,24.108416E,52,21.1,18
8398,T,220830,065754,60.270042N,24.108452E,52,20.4,20
8399,T,220830,065755,60.270088N,24.108490E,52,17.7,24
8400,T,220830,065756,60.270138N,24.108524E,53,18.6,23
8401,T,220830,065757,60.270180N,24.108559E,53,17.6,21
8402,T,220830,065758,60.270226N,24.108595E,53,19.4,21
8403,T,220830,065759,60.270260N,24.108625E,53,16.9,23
8404,T,220830,065800,60.270302N,24.108658E,54,16.3,16
8405,T,220830,065801,60.270351N,24.108692E,55,17.7,16
8406,T,220830,065802,60.270405N,24.108736E,55,19.3,18
8407,T,220830,065803,60.270447N,24.108770E,55,19.3,22
8408,T,220830,065804,60.270496N,24.108812E,55,21.5,25
8409,T,220830,065805,60.270550N,24.108862E,55,22.3,25
8410,T,220830,065806,60.270603N,24.108908E,55,22.5,20
8411,T,220830,065807,60.270660N,24.108955E,54,23.5,20
8412,T,220830,065808,60.270718N,24.109011E,54,24.4,21
8413,T,220830,065809,60.270775N,24.109066E,53,24.9,22
8414,T,220830,065810,60.270836N,24.109121E,53,24.9,23
8415,T,220830,065811,60.270897N,24.109173E,53,25.3,23
8416,T,220830,065812,60.270954N,24.109222E,52,25.2,23
8417,T,220830,065813,60.271015N,24.109272E,52,25.3,23
8418,T,220830,065814,60.271076N,24.109322E,52,24.7,23
8419,T,220830,065815,60.271133N,24.109377E,51,24.4,23
8420,T,220830,065816,60.271187N,24.109426E,51,23.6,23
8421,T,220830,065817,60.271240N,24.109476E,51,23.2,24
8422,T,220830,065818,60.271297N,24.109524E,51,22.4,24
8423,T,220830,065819,60.271347N,24.109570E,51,22.6,23
8424,T,220830,065820,60.271400N,24.109617E,51,22.5,23
8425,T,220830,065821,60.271446N,24.109665E,51,21.7,23
8426,T,220830,065822,60.271500N,24.109707E,51,22.4,23
8427,T,220830,065823,60.271553N,24.109749E,51,21.9,22
8428,T,220830,065824,60.271603N,24.109789E,51,20.5,21
8429,T,220830,065825,60.271656N,24.109825E,51,22.9,17
8430,T,220830,065826,60.271713N,24.109861E,50,22.9,17
8431,T,220830,065827,60.271767N,24.109903E,50,22.8,20
8432,T,220830,065828,60.271820N,24.109941E,50,22.0,19
8433,T,220830,065829,60.271877N,24.109974E,50,22.0,16
8434,T,220830,065830,60.271931N,24.110004E,51,22.0,15
8435,T,220830,065831,60.271984N,24.110037E,51,22.0,16
8436,T,220830,065832,60.272038N,24.110067E,50,20.1,15
8437,T,220830,065833,60.272087N,24.110096E,51,20.6,15
8438,T,220830,065834,60.272133N,24.110125E,51,19.5,15
8439,T,220830,065835,60.272175N,24.110151E,51,18.1,15
8440,T,220830,065836,60.272221N,24.110172E,51,16.1,13
8441,T,220830,065837,60.272263N,24.110184E,51,15.4,5
8442,T,220830,065838,60.272308N,24.110186E,52,15.5,1
8443,T,220830,065839,60.272354N,24.110188E,51,17.7,359
8444,T,220830,065840,60.272400N,24.110180E,52,17.3,353
8445,T,220830,065841,60.272449N,24.110172E,52,18.2,355
8446,T,220830,065842,60.272499N,24.110167E,53,19.6,357
8447,T,220830,065843,60.272549N,24.110161E,53,18.8,355
8448,T,220830,065844,60.272591N,24.110151E,53,16.8,355
8449,T,220830,065845,60.272636N,24.110144E,53,19.3,356
8450,T,220830,065846,60.272682N,24.110136E,54,19.3,356
8451,T,220830,065847,60.272728N,24.110125E,54,18.1,347
8452,T,220830,065848,60.272781N,24.110107E,54,18.8,350
8453,T,220830,065849,60.272831N,24.110092E,55,19.2,351
8454,T,220830,065850,60.272881N,24.110077E,54,19.3,350
8455,T,220830,065851,60.272930N,24.110062E,55,20.7,352
8456,T,220830,065852,60.272987N,24.110052E,55,21.1,355
8457,T,220830,065853,60.273041N,24.110044E,56,19.7,354
8458,T,220830,065854,60.273087N,24.110023E,56,20.7,353
8459,T,220830,065855,60.273144N,24.110008E,56,21.8,353
8460,T,220830,065856,60.273201N,24.109997E,56,21.1,352
8461,T,220830,065857,60.273254N,24.109978E,57,21.4,351
8462,T,220830,065858,60.273308N,24.109962E,57,21.3,351
8463,T,220830,065859,60.273361N,24.109940E,57,21.7,350
8464,T,220830,065900,60.273415N,24.109921E,57,21.6,349
8465,T,220830,065901,60.273468N,24.109903E,57,20.1,350
8466,T,220830,065902,60.273525N,24.109886E,57,22.5,349
8467,T,220830,065903,60.273586N,24.109865E,58,22.0,350
8468,T,220830,065904,60.273643N,24.109852E,58,20.4,351
8469,T,220830,065905,60.273697N,24.109844E,58,21.0,352
8470,T,220830,065906,60.273746N,24.109844E,58,18.0,353
8471,T,220830,065907,60.273796N,24.109844E,58,19.3,354
8472,T,220830,065908,60.273849N,24.109842E,59,21.2,355
8473,T,220830,065909,60.273899N,24.109835E,59,19.8,355
8474,T,220830,065910,60.273952N,24.109823E,59,21.9,354
8475,T,220830,065911,60.274010N,24.109808E,59,21.9,352
8476,T,220830,065912,60.274059N,24.109789E,59,21.1,350
8477,T,220830,065913,60.274113N,24.109772E,59,20.5,349
8478,T,220830,065914,60.274162N,24.109756E,59,21.2,349
8479,T,220830,065915,60.274220N,24.109737E,58,20.8,349
8480,T,220830,065916,60.274273N,24.109716E,58,21.4,348
8481,T,220830,065917,60.274323N,24.109699E,58,20.6,353
8482,T,220830,065918,60.274376N,24.109688E,58,19.1,354
8483,T,220830,065919,60.274429N,24.109665E,59,21.8,353
8484,T,220830,065920,60.274475N,24.109642E,58,18.4,353
8485,T,220830,065921,60.274521N,24.109619E,59,18.7,350
8486,T,220830,065922,60.274570N,24.109610E,58,18.7,352
8487,T,220830,065923,60.274624N,24.109592E,59,20.2,350
8488,T,220830,065924,60.274677N,24.109575E,59,20.2,350
8489,T,220830,065925,60.274727N,24.109564E,59,19.7,350
8490,T,220830,065926,60.274780N,24.109554E,59,21.4,351
8491,T,220830,065927,60.274834N,24.109531E,59,19.9,349
8492,T,220830,065928,60.274887N,24.109512E,59,20.0,348
8493,T,220830,065929,60.274937N,24.109486E,59,19.5,347
8494,T,220830,065930,60.274986N,24.109461E,59,20.7,345
8495,T,220830,065931,60.275040N,24.109434E,60,20.7,345
8496,T,220830,065932,60.275097N,24.109407E,60,21.0,345
8497,T,220830,065933,60.275150N,24.109390E,59,21.1,351
8498,T,220830,065934,60.275211N,24.109383E,60,20.0,350
8499,T,220830,065935,60.275272N,24.109362E,60,21.5,347
8500,T,220830,065936,60.275326N,24.109343E,60,19.6,348
8501,T,220830,065937,60.275375N,24.109322E,60,20.0,349
8502,T,220830,065938,60.275429N,24.109303E,59,20.0,346
8503,T,220830,065939,60.275478N,24.109280E,60,20.4,347
8504,T,220830,065940,60.275532N,24.109264E,60,21.4,348
8505,T,220830,065941,60.275589N,24.109243E,60,21.1,348
8506,T,220830,065942,60.275639N,24.109222E,60,20.1,348
8507,T,220830,065943,60.275692N,24.109201E,61,19.4,349
8508,T,220830,065944,60.275742N,24.109177E,62,20.4,348
8509,T,220830,065945,60.275787N,24.109152E,62,19.2,347
8510,T,220830,065946,60.275833N,24.109125E,62,17.7,346
8511,T,220830,065947,60.275879N,24.109100E,62,19.2,346
8512,T,220830,065948,60.275928N,24.109077E,62,19.1,347
8513,T,220830,065949,60.275970N,24.109066E,62,17.3,348
8514,T,220830,065950,60.276016N,24.109062E,62,17.4,349
8515,T,220830,065951,60.276058N,24.109056E,61,16.4,350
8516,T,220830,065952,60.276100N,24.109051E,62,16.5,352
8517,T,220830,065953,60.276138N,24.109035E,62,15.5,352
8518,T,220830,065954,60.276180N,24.109024E,62,14.9,352
8519,T,220830,065955,60.276218N,24.109009E,63,14.9,351
8520,T,220830,065956,60.276264N,24.108990E,63,17.0,348
8521,T,220830,065957,60.276306N,24.108976E,63,17.0,348
8522,T,220830,065958,60.276352N,24.108959E,63,17.0,348
8523,T,220830,065959,60.276398N,24.108944E,63,15.6,348
8524,T,220830,070000,60.276440N,24.108927E,63,16.7,347
8525,T,220830,070001,60.276485N,24.108910E,63,16.6,349
8526,T,220830,070002,60.276527N,24.108896E,62,16.0,349
8527,T,220830,070003,60.276569N,24.108885E,62,14.3,351
8528,T,220830,070004,60.276604N,24.108877E,62,13.6,357
8529,T,220830,070005,60.276649N,24.108883E,63,14.6,357
8530,T,220830,070006,60.276695N,24.108885E,63,15.4,0
8531,T,220830,070007,60.276737N,24.108894E,63,15.4,9
8532,T,220830,070008,60.276779N,24.108910E,64,15.4,15
8533,T,220830,070009,60.276817N,24.108934E,64,14.7,16
8534,T,220830,070010,60.276855N,24.108953E,64,14.3,15
8535,T,220830,070011,60.276894N,24.108967E,64,14.4,6
8536,T,220830,070012,60.276932N,24.108969E,65,14.3,357
8537,T,220830,070013,60.276962N,24.108961E,65,12.5,350
8538,T,220830,070014,60.276997N,24.108946E,65,12.0,342
8539,T,220830,070015,60.277020N,24.108927E,65,10.8,337
8540,T,220830,070016,60.277042N,24.108906E,65,10.4,337
8541,T,220830,070017,60.277065N,24.108887E,64,9.9,335
8542,T,220830,070018,60.277088N,24.108868E,65,9.4,343
8543,T,220830,070019,60.277103N,24.108856E,63,7.6,343
8544,T,220830,070020,60.277122N,24.108847E,63,7.7,346
8545,T,220830,070021,60.277145N,24.108835E,63,7.7,344
8546,T,220830,070022,60.277164N,24.108824E,63,7.8,343
8547,T,220830,070023,60.277184N,24.108814E,63,7.9,346
8548,T,220830,070024,60.277199N,24.108805E,63,6.8,344
8549,T,220830,070025,60.277222N,24.108793E,62,8.2,348
8550,T,220830,070026,60.277241N,24.108784E,62,7.7,347
8551,T,220830,070027,60.277256N,24.108774E,62,7.6,344
8552,T,220830,070028,60.277275N,24.108763E,62,8.9,346
8553,T,220830,070029,60.277302N,24.108749E,62,9.5,345
8554,T,220830,070030,60.277321N,24.108736E,62,9.6,343
8555,T,220830,070031,60.277348N,24.108732E,62,10.8,350
8556,T,220830,070032,60.277370N,24.108715E,62,10.8,349
8557,T,220830,070033,60.277401N,24.108698E,62,10.9,348
8558,T,220830,070034,60.277428N,24.108677E,63,12.2,347
8559,T,220830,070035,60.277458N,24.108654E,62,12.8,346
8560,T,220830,070036,60.277493N,24.108625E,63,13.2,346
8561,T,220830,070037,60.277523N,24.108604E,63,12.1,345
8562,T,220830,070038,60.277557N,24.108572E,63,14.9,344
8563,T,220830,070039,60.277588N,24.108534E,62,13.1,343
8564,T,220830,070040,60.277618N,24.108503E,63,13.9,342
8565,T,220830,070041,60.277649N,24.108480E,63,12.0,342
8566,T,220830,070042,60.277679N,24.108456E,63,14.2,339
8567,T,220830,070043,60.277706N,24.108427E,63,12.2,336
8568,T,220830,070044,60.277740N,24.108398E,64,15.0,333
8569,T,220830,070045,60.277767N,24.108368E,64,12.0,337
8570,T,220830,070046,60.277802N,24.108335E,64,15.5,334
8571,T,220830,070047,60.277832N,24.108313E,65,11.8,334
8572,T,220830,070048,60.277855N,24.108286E,64,11.3,334
8573,T,220830,070049,60.277882N,24.108261E,64,9.5,327
8574,T,220830,070050,60.277901N,24.108240E,64,8.7,329
8575,T,220830,070051,60.277920N,24.108225E,64,9.4,330
8576,T,220830,070052,60.277943N,24.108208E,64,9.3,331
8577,T,220830,070053,60.277966N,24.108189E,64,9.2,331
8578,T,220830,070054,60.277985N,24.108166E,63,8.5,331
8579,T,220830,070055,60.278004N,24.108147E,63,9.3,332
8580,T,220830,070056,60.278023N,24.108126E,64,8.5,329
8581,T,220830,070057,60.278046N,24.108105E,64,8.6,330
8582,T,220830,070058,60.278065N,24.108086E,64,8.5,331
8583,T,220830,070059,60.278084N,24.108076E,64,8.4,333
8584,T,220830,070100,60.278099N,24.108063E,64,7.1,333
8585,T,220830,070101,60.278114N,24.108046E,64,6.5,333
8586,T,220830,070102,60.278130N,24.108032E,64,7.1,333
8587,T,220830,070103,60.278149N,24.108023E,64,6.6,345
8588,T,220830,070104,60.278160N,24.108011E,64,6.6,342
8589,T,220830,070105,60.278179N,24.107996E,64,6.5,341
8590,T,220830,070106,60.278191N,24.107985E,64,6.4,339
8591,T,220830,070107,60.278210N,24.107983E,64,6.8,341
8592,T,220830,070108,60.278229N,24.107969E,64,5.5,339
8593,T,220830,070109,60.278236N,24.107960E,64,5.5,338
8594,T,220830,070110,60.278244N,24.107948E,64,5.5,338
8595,T,220830,070111,60.278255N,24.107935E,64,4.8,338
8596,T,220830,070112,60.278263N,24.107918E,64,4.9,337
8597,T,220830,070113,60.278271N,24.107904E,64,3.7,337
8598,T,220830,070114,60.278278N,24.107899E,64,0.0,337
8599,T,220830,070115,60.278290N,24.107895E,64,0.0,337
8600,T,220830,070116,60.278297N,24.107889E,64,0.0,337
8601,T,220830,070117,60.278305N,24.107885E,64,0.0,337
8602,T,220830,070118,60.278313N,24.107880E,64,0.0,337
8603,T,220830,070119,60.278316N,24.107876E,64,0.0,337
8604,T,220830,070120,60.278324N,24.107872E,64,0.0,337
8605,T,220830,070121,60.278324N,24.107872E,64,0.0,337
8606,T,220830,070122,60.278328N,24.107870E,64,0.0,337
8607,T,220830,070123,60.278336N,24.107868E,64,0.0,337
8608,T,220830,070124,60.278339N,24.107862E,64,0.0,337
8609,T,220830,070125,60.278339N,24.107862E,64,0.0,337
8610,T,220830,070126,60.278351N,24.107857E,64,0.0,337
8611,T,220830,070127,60.278362N,24.107841E,64,0.0,337
8612,T,220830,070128,60.278381N,24.107826E,64,0.0,337
8613,T,220830,070129,60.278393N,24.107817E,64,0.0,337
8614,T,220830,070130,60.278400N,24.107809E,64,0.0,337
8615,T,220830,070131,60.278416N,24.107800E,64,0.0,337
8616,T,220830,070132,60.278431N,24.107786E,64,0.0,337
8617,T,220830,070133,60.278442N,24.107771E,64,0.0,337
8618,T,220830,070134,60.278461N,24.107756E,64,6.5,339
8619,T,220830,070135,60.278481N,24.107742E,64,8.0,328
8620,T,220830,070136,60.278500N,24.107719E,64,9.5,329
8621,T,220830,070137,60.278526N,24.107702E,64,11.2,331
8622,T,220830,070138,60.278564N,24.107677E,64,13.1,332
8623,T,220830,070139,60.278599N,24.107655E,63,13.8,333
8624,T,220830,070140,60.278645N,24.107632E,63,15.7,334
8625,T,220830,070141,60.278687N,24.107603E,63,17.7,335
8626,T,220830,070142,60.278740N,24.107574E,62,19.4,336
8627,T,220830,070143,60.278782N,24.107544E,62,17.2,337
8628,T,220830,070144,60.278820N,24.107513E,62,15.5,334
8629,T,220830,070145,60.278851N,24.107473E,61,15.2,320
8630,T,220830,070146,60.278881N,24.107418E,61,15.6,304
8631,T,220830,070147,60.278900N,24.107346E,61,15.7,285
8632,T,220830,070148,60.278908N,24.107277E,62,14.5,276
8633,T,220830,070149,60.278912N,24.107206E,62,13.3,275
8634,T,220830,070150,60.278915N,24.107143E,62,12.0,275
8635,T,220830,070151,60.278919N,24.107084E,63,11.9,278
8636,T,220830,070152,60.278923N,24.107023E,63,12.4,282
8637,T,220830,070153,60.278931N,24.106960E,63,13.3,284
8638,T,220830,070154,60.278938N,24.106894E,63,13.0,282
8639,T,220830,070155,60.278950N,24.106821E,64,14.7,284
8640,T,220830,070156,60.278957N,24.106756E,64,12.5,283
8641,T,220830,070157,60.278965N,24.106691E,64,12.6,283
8642,T,220830,070158,60.278976N,24.106627E,64,12.9,292
8643,T,220830,070159,60.278988N,24.106560E,65,13.4,290
8644,T,220830,070200,60.278992N,24.106491E,65,13.7,288
8645,T,220830,070201,60.278996N,24.106422E,65,12.9,287
8646,T,220830,070202,60.278999N,24.106356E,65,12.2,286
8647,T,220830,070203,60.278999N,24.106295E,66,11.5,270
8648,T,220830,070204,60.278999N,24.106236E,66,10.7,267
8649,T,220830,070205,60.279003N,24.106165E,67,12.6,268
8650,T,220830,070206,60.279007N,24.106091E,67,13.5,269
8651,T,220830,070207,60.279011N,24.106010E,67,14.9,270
8652,T,220830,070208,60.279018N,24.105930E,68,15.8,284
8653,T,220830,070209,60.279034N,24.105839E,68,15.9,289
8654,T,220830,070210,60.279045N,24.105762E,68,15.2,295
8655,T,220830,070211,60.279060N,24.105688E,68,14.3,302
8656,T,220830,070212,60.279072N,24.105618E,69,13.3,308
8657,T,220830,070213,60.279087N,24.105564E,69,12.0,307
8658,T,220830,070214,60.279095N,24.105524E,70,11.4,308
8659,T,220830,070215,60.279121N,24.105480E,70,10.9,309
8660,T,220830,070216,60.279144N,24.105450E,70,9.3,311
8661,T,220830,070217,60.279160N,24.105425E,71,7.0,313
8662,T,220830,070218,60.279167N,24.105400E,71,7.9,314
8663,T,220830,070219,60.279182N,24.105370E,71,9.1,317
8664,T,220830,070220,60.279205N,24.105335E,71,9.6,318
8665,T,220830,070221,60.279224N,24.105307E,71,9.5,320
8666,T,220830,070222,60.279240N,24.105274E,71,9.6,322
8667,T,220830,070223,60.279259N,24.105244E,70,9.7,323
8668,T,220830,070224,60.279282N,24.105215E,70,8.5,335
8669,T,220830,070225,60.279301N,24.105196E,70,7.4,334
8670,T,220830,070226,60.279312N,24.105171E,70,6.3,333
8671,T,220830,070227,60.279324N,24.105152E,70,6.0,330
8672,T,220830,070228,60.279335N,24.105139E,71,5.5,330
8673,T,220830,070229,60.279350N,24.105118E,71,6.3,330
8674,T,220830,070230,60.279369N,24.105097E,71,7.9,328
8675,T,220830,070231,60.279388N,24.105074E,71,9.0,329
8676,T,220830,070232,60.279411N,24.105053E,71,10.0,331
8677,T,220830,070233,60.279434N,24.105026E,71,9.9,328
8678,T,220830,070234,60.279461N,24.105000E,71,9.9,331
8679,T,220830,070235,60.279480N,24.104982E,71,8.4,331
8680,T,220830,070236,60.279499N,24.104961E,71,8.0,333
8681,T,220830,070237,60.279518N,24.104944E,71,7.6,332
8682,T,220830,070238,60.279541N,24.104923E,71,7.7,330
8683,T,220830,070239,60.279556N,24.104912E,71,5.3,330
8684,T,220830,070240,60.279572N,24.104906E,71,0.0,330
8685,T,220830,070241,60.279583N,24.104897E,71,0.0,330
8686,T,220830,070242,60.279594N,24.104889E,71,0.0,330
8687,T,220830,070243,60.279606N,24.104874E,71,3.9,330
8688,T,220830,070244,60.279613N,24.104860E,71,4.0,329
8689,T,220830,070245,60.279621N,24.104851E,71,0.0,329
8690,T,220830,070246,60.279625N,24.104856E,71,0.0,329
8691,T,220830,070247,60.279629N,24.104870E,71,0.0,329
8692,T,220830,070248,60.279629N,24.104879E,71,0.0,329
8693,T,220830,070249,60.279629N,24.104883E,71,0.0,329
8694,T,220830,070250,60.279633N,24.104891E,71,0.0,329
8695,T,220830,070251,60.279633N,24.104891E,71,0.0,329
8696,T,220830,070252,60.279633N,24.104891E,71,0.0,329
8697,T,220830,070253,60.279633N,24.104891E,71,0.0,329
8698,T,220830,070254,60.279633N,24.104891E,71,0.0,329
8699,T,220830,070255,60.279633N,24.104891E,71,0.0,329
8700,T,220830,070256,60.279633N,24.104891E,71,0.0,329
8701,T,220830,070257,60.279633N,24.104891E,71,0.0,329
8702,T,220830,070258,60.279633N,24.104891E,71,0.0,329
8703,T,220830,070259,60.279633N,24.104891E,71,0.0,329
8704,T,220830,070300,60.279633N,24.104891E,71,0.0,329
8705,T,220830,070301,60.279633N,24.104891E,71,0.0,329
8706,T,220830,070302,60.279633N,24.104891E,71,0.0,329
8707,T,220830,070303,60.279633N,24.104891E,71,0.0,329
8708,T,220830,070304,60.279633N,24.104889E,71,0.0,329
8709,T,220830,070305,60.279633N,24.104891E,71,0.0,329
8710,T,220830,070306,60.279633N,24.104891E,71,0.0,329
8711,T,220830,070307,60.279633N,24.104891E,71,0.0,329
8712,T,220830,070308,60.279633N,24.104889E,71,0.0,329
8713,T,220830,070309,60.279633N,24.104885E,71,0.0,329
8714,T,220830,070310,60.279640N,24.104883E,71,0.0,329
8715,T,220830,070311,60.279644N,24.104879E,71,0.0,329
8716,T,220830,070312,60.279644N,24.104879E,71,0.0,329
8717,T,220830,070313,60.279652N,24.104876E,71,0.0,329
8718,T,220830,070314,60.279671N,24.104858E,71,9.3,337
8719,T,220830,070315,60.279705N,24.104830E,71,10.1,336
8720,T,220830,070316,60.279736N,24.104797E,71,11.1,335
8721,T,220830,070317,60.279762N,24.104776E,71,10.4,333
8722,T,220830,070318,60.279789N,24.104748E,71,8.5,339
8723,T,220830,070319,60.279808N,24.104727E,71,9.0,338
8724,T,220830,070320,60.279831N,24.104706E,71,8.2,337
8725,T,220830,070321,60.279846N,24.104687E,71,8.2,335
8726,T,220830,070322,60.279873N,24.104666E,71,9.0,335
8727,T,220830,070323,60.279892N,24.104643E,71,8.5,328
8728,T,220830,070324,60.279919N,24.104616E,71,8.6,331
8729,T,220830,070325,60.279942N,24.104593E,71,8.6,330
8730,T,220830,070326,60.279964N,24.104572E,71,9.6,334
8731,T,220830,070327,60.279984N,24.104551E,72,7.9,338
8732,T,220830,070328,60.279999N,24.104536E,72,8.9,337
8733,T,220830,070329,60.280025N,24.104515E,72,9.7,336
8734,T,220830,070330,60.280045N,24.104492E,72,10.1,336
8735,T,220830,070331,60.280071N,24.104473E,73,8.8,335
8736,T,220830,070332,60.280087N,24.104456E,73,6.4,332
8737,T,220830,070333,60.280106N,24.104443E,73,6.5,331
8738,T,220830,070334,60.280121N,24.104429E,73,6.0,330
8739,T,220830,070335,60.280136N,24.104408E,73,7.3,324
8740,T,220830,070336,60.280155N,24.104385E,73,6.2,319
8741,T,220830,070337,60.280170N,24.104374E,73,6.8,322
8742,T,220830,070338,60.280193N,24.104359E,74,6.7,322
8743,T,220830,070339,60.280209N,24.104342E,74,7.7,324
8744,T,220830,070340,60.280228N,24.104324E,74,7.7,326
8745,T,220830,070341,60.280243N,24.104298E,74,7.6,325
8746,T,220830,070342,60.280258N,24.104277E,74,7.7,326
8747,T,220830,070343,60.280281N,24.104250E,74,9.0,326
8748,T,220830,070344,60.280296N,24.104221E,73,8.5,312
8749,T,220830,070345,60.280315N,24.104189E,73,10.1,315
8750,T,220830,070346,60.280338N,24.104145E,72,10.7,311
8751,T,220830,070347,60.280361N,24.104101E,72,10.0,310
8752,T,220830,070348,60.280376N,24.104059E,71,10.6,310
8753,T,220830,070349,60.280396N,24.104015E,71,10.6,309
8754,T,220830,070350,60.280411N,24.103979E,71,10.6,297
8755,T,220830,070351,60.280422N,24.103937E,70,9.7,291
8756,T,220830,070352,60.280437N,24.103895E,70,9.6,283
8757,T,220830,070353,60.280441N,24.103855E,70,8.6,283
8758,T,220830,070354,60.280449N,24.103819E,69,8.0,286
8759,T,220830,070355,60.280453N,24.103785E,69,7.4,285
8760,T,220830,070356,60.280453N,24.103750E,68,6.2,283
8761,T,220830,070357,60.280453N,24.103724E,68,5.2,282
8762,T,220830,070358,60.280449N,24.103704E,68,0.0,282
8763,T,220830,070359,60.280453N,24.103704E,68,0.0,282
8764,T,220830,070400,60.280453N,24.103704E,68,0.0,282
8765,T,220830,070401,60.280453N,24.103704E,68,0.0,282
8766,T,220830,070402,60.280453N,24.103704E,68,0.0,282
8767,T,220830,070403,60.280453N,24.103704E,68,0.0,282
8768,T,220830,070404,60.280453N,24.103704E,68,0.0,282
8769,T,220830,070405,60.280453N,24.103704E,68,0.0,282
8770,T,220830,070406,60.280453N,24.103704E,68,0.0,282
8771,T,220830,070407,60.280453N,24.103704E,68,0.0,282
8772,T,220830,070408,60.280453N,24.103704E,68,0.0,282
8773,T,220830,070409,60.280453N,24.103704E,68,0.0,282
8774,T,220830,070410,60.280453N,24.103704E,68,0.0,282
8775,T,220830,070411,60.280453N,24.103704E,68,0.0,282
8776,T,220830,070412,60.280453N,24.103704E,68,0.0,282
8777,T,220830,070413,60.280453N,24.103704E,68,0.0,282
8778,T,220830,070414,60.280453N,24.103704E,68,0.0,282
8779,T,220830,070415,60.280453N,24.103704E,68,0.0,282
8780,T,220830,070416,60.280453N,24.103704E,68,0.0,282
8781,T,220830,070417,60.280453N,24.103704E,68,0.0,282
8782,T,220830,070418,60.280453N,24.103704E,68,0.0,282
8783,T,220830,070419,60.280453N,24.103704E,68,0.0,282
8784,T,220830,070420,60.280453N,24.103704E,68,0.0,282
8785,T,220830,070421,60.280453N,24.103704E,68,0.0,282
8786,T,220830,070422,60.280453N,24.103704E,68,0.0,282
8787,T,220830,070423,60.280453N,24.103704E,68,0.0,282
8788,T,220830,070424,60.280453N,24.103704E,68,0.0,282
8789,T,220830,070425,60.280453N,24.103704E,68,0.0,282
8790,T,220830,070426,60.280453N,24.103704E,68,0.0,282
8791,T,220830,070427,60.280453N,24.103704E,68,0.0,282
8792,T,220830,070428,60.280453N,24.103704E,68,0.0,282
8793,T,220830,070429,60.280453N,24.103708E,68,0.0,282
8794,T,220830,070430,60.280453N,24.103725E,68,0.0,282
8795,T,220830,070431,60.280453N,24.103748E,68,4.6,99
8796,T,220830,070432,60.280453N,24.103767E,68,0.0,99
8797,T,220830,070433,60.280449N,24.103786E,68,0.0,99
8798,T,220830,070434,60.280453N,24.103798E,67,0.0,99
8799,T,220830,070435,60.280449N,24.103804E,67,0.0,99
8800,T,220830,070436,60.280449N,24.103807E,67,0.0,99
8801,T,220830,070437,60.280449N,24.103825E,67,3.7,95
8802,T,220830,070438,60.280449N,24.103851E,67,5.0,103
8803,T,220830,070439,60.280445N,24.103884E,67,6.1,104
8804,T,220830,070440,60.280441N,24.103916E,67,6.0,108
8805,T,220830,070441,60.280437N,24.103945E,67,5.9,105
8806,T,220830,070442,60.280434N,24.103977E,67,7.0,107
8807,T,220830,070443,60.280422N,24.104015E,67,8.5,115
8808,T,220830,070444,60.280411N,24.104055E,67,9.2,120
8809,T,220830,070445,60.280399N,24.104095E,67,10.0,126
8810,T,220830,070446,60.280388N,24.104137E,68,9.5,124
8811,T,220830,070447,60.280376N,24.104176E,68,8.2,126
8812,T,220830,070448,60.280365N,24.104206E,68,7.7,139
8813,T,220830,070449,60.280350N,24.104239E,68,10.2,136
8814,T,220830,070450,60.280327N,24.104273E,68,8.7,136
8815,T,220830,070451,60.280312N,24.104296E,68,8.7,149
8816,T,220830,070452,60.280293N,24.104319E,68,9.2,151
8817,T,220830,070453,60.280273N,24.104340E,68,9.1,155
8818,T,220830,070454,60.280247N,24.104359E,67,8.0,157
8819,T,220830,070455,60.280231N,24.104376E,68,8.7,152
8820,T,220830,070456,60.280212N,24.104403E,68,9.7,148
8821,T,220830,070457,60.280193N,24.104424E,68,9.6,149
8822,T,220830,070458,60.280167N,24.104445E,68,8.5,152
8823,T,220830,070459,60.280140N,24.104469E,67,11.6,152
8824,T,220830,070500,60.280117N,24.104488E,66,10.6,164
8825,T,220830,070501,60.280083N,24.104506E,66,14.2,163
8826,T,220830,070502,60.280048N,24.104530E,65,13.5,160
8827,T,220830,070503,60.280022N,24.104555E,65,12.9,158
8828,T,220830,070504,60.279984N,24.104591E,65,13.0,146
8829,T,220830,070505,60.279957N,24.104628E,64,13.7,147
8830,T,220830,070506,60.279926N,24.104664E,65,13.4,148
8831,T,220830,070507,60.279900N,24.104696E,65,12.7,149
8832,T,220830,070508,60.279877N,24.104721E,65,10.6,146
8833,T,220830,070509,60.279846N,24.104755E,65,11.5,147
8834,T,220830,070510,60.279827N,24.104784E,65,11.4,147
8835,T,220830,070511,60.279808N,24.104809E,65,7.6,145
8836,T,220830,070512,60.279797N,24.104832E,65,5.8,144
8837,T,220830,070513,60.279781N,24.104856E,65,7.1,146
8838,T,220830,070514,60.279762N,24.104868E,66,8.1,145
8839,T,220830,070515,60.279743N,24.104889E,66,9.8,147
8840,T,220830,070516,60.279720N,24.104904E,67,10.7,149
8841,T,220830,070517,60.279697N,24.104923E,67,11.5,151
8842,T,220830,070518,60.279671N,24.104944E,67,10.2,153
8843,T,220830,070519,60.279648N,24.104967E,67,10.2,153
8844,T,220830,070520,60.279625N,24.104992E,67,10.8,152
8845,T,220830,070521,60.279594N,24.105019E,68,12.8,158
8846,T,220830,070522,60.279564N,24.105040E,68,13.8,160
8847,T,220830,070523,60.279537N,24.105061E,68,11.9,159
8848,T,220830,070524,60.279507N,24.105085E,68,12.6,159
8849,T,220830,070525,60.279480N,24.105114E,69,14.2,157
8850,T,220830,070526,60.279449N,24.105145E,69,14.7,153
8851,T,220830,070527,60.279415N,24.105173E,70,13.3,153
8852,T,220830,070528,60.279388N,24.105196E,70,11.6,152
8853,T,220830,070529,60.279366N,24.105221E,71,9.6,147
8854,T,220830,070530,60.279339N,24.105247E,71,9.0,145
8855,T,220830,070531,60.279324N,24.105265E,72,7.5,142
8856,T,220830,070532,60.279308N,24.105284E,72,7.5,138
8857,T,220830,070533,60.279289N,24.105307E,72,9.5,139
8858,T,220830,070534,60.279266N,24.105335E,73,9.4,136
8859,T,220830,070535,60.279243N,24.105364E,73,9.4,138
8860,T,220830,070536,60.279221N,24.105392E,73,7.3,145
8861,T,220830,070537,60.279202N,24.105421E,73,8.0,144
8862,T,220830,070538,60.279179N,24.105453E,74,8.1,143
8863,T,220830,070539,60.279160N,24.105494E,74,9.0,142
8864,T,220830,070540,60.279140N,24.105532E,74,8.0,141
8865,T,220830,070541,60.279125N,24.105576E,74,7.6,139
8866,T,220830,070542,60.279114N,24.105618E,75,10.1,137
8867,T,220830,070543,60.279095N,24.105679E,75,10.7,134
8868,T,220830,070544,60.279083N,24.105749E,75,12.4,131
8869,T,220830,070545,60.279068N,24.105833E,75,14.0,128
8870,T,220830,070546,60.279053N,24.105915E,74,14.1,126
8871,T,220830,070547,60.279041N,24.105995E,74,14.2,123
8872,T,220830,070548,60.279034N,24.106075E,74,14.7,93
8873,T,220830,070549,60.279030N,24.106153E,74,13.9,88
8874,T,220830,070550,60.279018N,24.106236E,74,15.4,89
8875,T,220830,070551,60.279015N,24.106316E,74,15.5,89
8876,T,220830,070552,60.279011N,24.106394E,74,14.5,92
8877,T,220830,070553,60.279003N,24.106474E,74,15.5,94
8878,T,220830,070554,60.278992N,24.106556E,74,15.7,95
8879,T,220830,070555,60.278980N,24.106634E,73,15.5,96
8880,T,220830,070556,60.278969N,24.106709E,73,13.3,97
8881,T,220830,070557,60.278961N,24.106773E,73,12.2,98
8882,T,220830,070558,60.278954N,24.106842E,73,12.8,100
8883,T,220830,070559,60.278942N,24.106913E,73,13.9,102
8884,T,220830,070600,60.278931N,24.106989E,73,14.7,102
8885,T,220830,070601,60.278923N,24.107071E,72,16.6,104
8886,T,220830,070602,60.278912N,24.107147E,72,12.7,97
8887,T,220830,070603,60.278912N,24.107214E,71,10.0,88
8888,T,220830,070604,60.278912N,24.107264E,71,9.4,83
8889,T,220830,070605,60.278915N,24.107321E,70,9.4,76
8890,T,220830,070606,60.278934N,24.107380E,70,11.0,59
8891,T,220830,070607,60.278954N,24.107437E,69,11.3,40
8892,T,220830,070608,60.278973N,24.107471E,69,10.6,14
8893,T,220830,070609,60.278999N,24.107471E,69,9.6,352
8894,T,220830,070610,60.279018N,24.107470E,69,6.3,20
8895,T,220830,070611,60.279034N,24.107479E,68,6.4,17
8896,T,220830,070612,60.279049N,24.107483E,68,7.0,359
8897,T,220830,070613,60.279068N,24.107471E,68,9.5,357
8898,T,220830,070614,60.279091N,24.107456E,67,10.1,356
8899,T,220830,070615,60.279121N,24.107449E,67,12.0,354
8900,T,220830,070616,60.279152N,24.107445E,66,13.7,356
8901,T,220830,070617,60.279186N,24.107441E,66,15.4,353
8902,T,220830,070618,60.279224N,24.107433E,66,13.6,355
8903,T,220830,070619,60.279259N,24.107428E,65,13.5,355
8904,T,220830,070620,60.279293N,24.107426E,65,13.6,356
8905,T,220830,070621,60.279324N,24.107424E,65,13.6,356
8906,T,220830,070622,60.279362N,24.107418E,65,14.8,356
8907,T,220830,070623,60.279396N,24.107416E,64,14.4,356
8908,T,220830,070624,60.279427N,24.107416E,63,14.4,357
8909,T,220830,070625,60.279465N,24.107414E,63,15.1,357
8910,T,220830,070626,60.279503N,24.107412E,62,16.7,358
8911,T,220830,070627,60.279545N,24.107407E,62,15.0,358
8912,T,220830,070628,60.279579N,24.107405E,62,15.0,357
8913,T,220830,070629,60.279621N,24.107405E,61,14.6,2
8914,T,220830,070630,60.279652N,24.107405E,61,14.7,358
8915,T,220830,070631,60.279694N,24.107403E,61,15.1,358
8916,T,220830,070632,60.279728N,24.107397E,60,14.5,357
8917,T,220830,070633,60.279762N,24.107401E,60,13.9,5
8918,T,220830,070634,60.279800N,24.107409E,60,15.3,4
8919,T,220830,070635,60.279839N,24.107405E,60,15.9,352
8920,T,220830,070636,60.279881N,24.107401E,60,16.5,1
8921,T,220830,070637,60.279919N,24.107386E,59,16.5,351
8922,T,220830,070638,60.279957N,24.107376E,59,15.3,348
8923,T,220830,070639,60.279991N,24.107361E,58,17.1,349
8924,T,220830,070640,60.280037N,24.107342E,58,17.1,349
8925,T,220830,070641,60.280079N,24.107327E,57,17.5,350
8926,T,220830,070642,60.280125N,24.107309E,57,16.5,349
8927,T,220830,070643,60.280163N,24.107294E,56,16.0,349
8928,T,220830,070644,60.280201N,24.107277E,56,16.9,349
8929,T,220830,070645,60.280243N,24.107262E,55,16.1,349
8930,T,220830,070646,60.280281N,24.107244E,55,14.7,348
8931,T,220830,070647,60.280319N,24.107222E,54,15.0,346
8932,T,220830,070648,60.280357N,24.107199E,54,15.8,344
8933,T,220830,070649,60.280396N,24.107176E,54,15.7,342
8934,T,220830,070650,60.280437N,24.107161E,54,16.0,353
8935,T,220830,070651,60.280479N,24.107149E,54,17.2,353
8936,T,220830,070652,60.280525N,24.107136E,55,17.3,352
8937,T,220830,070653,60.280567N,24.107121E,54,17.6,349
8938,T,220830,070654,60.280609N,24.107103E,54,15.7,351
8939,T,220830,070655,60.280651N,24.107092E,54,17.1,350
8940,T,220830,070656,60.280693N,24.107077E,54,17.0,349
8941,T,220830,070657,60.280735N,24.107058E,53,16.0,351
8942,T,220830,070658,60.280777N,24.107046E,53,15.6,351
8943,T,220830,070659,60.280811N,24.107044E,53,13.7,2
8944,T,220830,070700,60.280849N,24.107042E,53,14.4,350
8945,T,220830,070701,60.280880N,24.107037E,53,13.3,351
8946,T,220830,070702,60.280910N,24.107031E,53,11.9,353
8947,T,220830,070703,60.280949N,24.107023E,53,13.9,355
8948,T,220830,070704,60.280983N,24.107016E,52,14.2,354
8949,T,220830,070705,60.281021N,24.107016E,53,13.3,0
8950,T,220830,070706,60.281059N,24.107019E,53,14.2,1
8951,T,220830,070707,60.281094N,24.107023E,53,14.2,6
8952,T,220830,070708,60.281136N,24.107037E,53,14.3,4
8953,T,220830,070709,60.281170N,24.107044E,53,13.7,7
8954,T,220830,070710,60.281204N,24.107058E,52,12.9,8
8955,T,220830,070711,60.281239N,24.107065E,53,11.8,3
8956,T,220830,070712,60.281269N,24.107071E,53,10.9,0
8957,T,220830,070713,60.281292N,24.107077E,53,9.3,2
8958,T,220830,070714,60.281315N,24.107086E,53,9.2,5
8959,T,220830,070715,60.281342N,24.107094E,53,9.1,6
8960,T,220830,070716,60.281361N,24.107103E,53,8.2,7
8961,T,220830,070717,60.281376N,24.107109E,53,7.4,357
8962,T,220830,070718,60.281395N,24.107109E,53,9.0,358
8963,T,220830,070719,60.281418N,24.107109E,53,7.3,3
8964,T,220830,070720,60.281433N,24.107117E,53,6.9,16
8965,T,220830,070721,60.281448N,24.107121E,54,4.7,16
8966,T,220830,070722,60.281460N,24.107121E,54,5.3,16
8967,T,220830,070723,60.281475N,24.107124E,54,4.4,16
8968,T,220830,070724,60.281483N,24.107124E,54,0.0,16
8969,T,220830,070725,60.281490N,24.107124E,54,0.0,16
8970,T,220830,070726,60.281506N,24.107128E,55,0.0,16
8971,T,220830,070727,60.281509N,24.107130E,55,0.0,16
8972,T,220830,070728,60.281509N,24.107126E,55,0.0,16
8973,T,220830,070729,60.281513N,24.107126E,55,0.0,16
8974,T,220830,070730,60.281513N,24.107124E,55,0.0,16
8975,T,220830,070731,60.281513N,24.107124E,55,0.0,16
8976,T,220830,070732,60.281517N,24.107124E,55,0.0,16
8977,T,220830,070733,60.281521N,24.107128E,55,0.0,16
8978,T,220830,070734,60.281525N,24.107132E,55,0.0,16
8979,T,220830,070735,60.281528N,24.107136E,55,0.0,16
8980,T,220830,070736,60.281528N,24.107136E,55,0.0,16
8981,T,220830,070737,60.281528N,24.107136E,55,0.0,16
8982,T,220830,070738,60.281528N,24.107134E,55,0.0,16
8983,T,220830,070739,60.281532N,24.107134E,55,0.0,16
8984,T,220830,070740,60.281532N,24.107134E,55,0.0,16
8985,T,220830,070741,60.281536N,24.107132E,55,0.0,16
8986,T,220830,070742,60.281540N,24.107128E,55,0.0,16
8987,T,220830,070743,60.281540N,24.107124E,55,0.0,16
8988,T,220830,070744,60.281544N,24.107124E,55,0.0,16
8989,T,220830,070745,60.281551N,24.107124E,55,0.0,16
8990,T,220830,070746,60.281551N,24.107126E,55,0.0,16
8991,T,220830,070747,60.281555N,24.107128E,55,0.0,16
8992,T,220830,070748,60.281563N,24.107128E,55,0.0,16
8993,T,220830,070749,60.281567N,24.107130E,55,0.0,16
8994,T,220830,070750,60.281570N,24.107136E,55,0.0,16
8995,T,220830,070751,60.281574N,24.107138E,55,0.0,16
8996,T,220830,070752,60.281586N,24.107138E,55,0.0,16
8997,T,220830,070753,60.281593N,24.107140E,55,0.0,16
8998,T,220830,070754,60.281593N,24.107140E,55,0.0,16
8999,T,220830,070755,60.281597N,24.107138E,55,0.0,16
9000,T,220830,070756,60.281597N,24.107140E,55,0.0,16
9001,T,220830,070757,60.281597N,24.107138E,54,0.0,16
9002,T,220830,070758,60.281601N,24.107136E,54,0.0,16
9003,T,220830,070759,60.281597N,24.107138E,54,0.0,16
9004,T,220830,070800,60.281597N,24.107140E,54,0.0,16
9005,T,220830,070801,60.281597N,24.107140E,54,0.0,16
9006,T,220830,070802,60.281593N,24.107143E,54,0.0,16
9007,T,220830,070803,60.281590N,24.107145E,54,0.0,16
9008,T,220830,070804,60.281590N,24.107147E,54,0.0,16
9009,T,220830,070805,60.281582N,24.107157E,54,4.8,156
9010,T,220830,070806,60.281567N,24.107164E,54,0.0,156
9011,T,220830,070807,60.281559N,24.107180E,54,4.3,156
9012,T,220830,070808,60.281548N,24.107204E,54,6.2,144
9013,T,220830,070809,60.281532N,24.107224E,55,6.1,145
9014,T,220830,070810,60.281521N,24.107243E,55,6.1,146
9015,T,220830,070811,60.281506N,24.107256E,55,5.2,147
9016,T,220830,070812,60.281487N,24.107273E,55,5.8,148
9017,T,220830,070813,60.281475N,24.107286E,55,7.2,149
9018,T,220830,070814,60.281460N,24.107300E,55,3.9,150
9019,T,220830,070815,60.281448N,24.107311E,55,5.5,156
9020,T,220830,070816,60.281437N,24.107325E,55,5.4,157
9021,T,220830,070817,60.281425N,24.107336E,55,5.5,158
9022,T,220830,070818,60.281406N,24.107347E,55,5.8,147
9023,T,220830,070819,60.281395N,24.107361E,55,5.0,148
9024,T,220830,070820,60.281384N,24.107374E,55,4.9,149
9025,T,220830,070821,60.281372N,24.107384E,55,5.0,152
9026,T,220830,070822,60.281364N,24.107397E,55,5.0,150
9027,T,220830,070823,60.281357N,24.107409E,56,3.7,150
9028,T,220830,070824,60.281349N,24.107416E,56,0.0,150
9029,T,220830,070825,60.281349N,24.107416E,56,0.0,150
9030,T,220830,070826,60.281349N,24.107414E,56,0.0,150
9031,T,220830,070827,60.281349N,24.107416E,56,0.0,150
9032,T,220830,070828,60.281345N,24.107416E,56,0.0,150
9033,T,220830,070829,60.281330N,24.107424E,56,4.6,153
9034,T,220830,070830,60.281319N,24.107435E,55,5.1,153
9035,T,220830,070831,60.281311N,24.107447E,55,5.0,155
9036,T,220830,070832,60.281296N,24.107458E,55,5.0,155
9037,T,220830,070833,60.281284N,24.107470E,55,5.4,155
9038,T,220830,070834,60.281273N,24.107485E,55,5.7,155
9039,T,220830,070835,60.281261N,24.107496E,55,5.6,154
9040,T,220830,070836,60.281242N,24.107508E,55,5.6,152
9041,T,220830,070837,60.281231N,24.107519E,55,5.1,154
9042,T,220830,070838,60.281216N,24.107544E,55,4.9,152
9043,T,220830,070839,60.281204N,24.107559E,55,5.3,156
9044,T,220830,070840,60.281193N,24.107576E,55,6.0,159
9045,T,220830,070841,60.281181N,24.107586E,54,5.9,159
9046,T,220830,070842,60.281170N,24.107603E,54,5.0,156
9047,T,220830,070843,60.281151N,24.107616E,54,5.7,154
9048,T,220830,070844,60.281139N,24.107626E,54,4.2,154
9049,T,220830,070845,60.281128N,24.107635E,54,4.3,152
9050,T,220830,070846,60.281120N,24.107643E,54,4.6,159
9051,T,220830,070847,60.281105N,24.107655E,54,5.2,159
9052,T,220830,070848,60.281094N,24.107664E,53,5.6,157
9053,T,220830,070849,60.281078N,24.107677E,53,5.6,154
9054,T,220830,070850,60.281067N,24.107689E,53,5.3,155
9055,T,220830,070851,60.281055N,24.107698E,53,5.4,156
9056,T,220830,070852,60.281044N,24.107712E,53,6.5,154
9057,T,220830,070853,60.281033N,24.107723E,53,6.0,153
9058,T,220830,070854,60.281021N,24.107738E,53,5.5,154
9059,T,220830,070855,60.281010N,24.107748E,53,5.1,155
9060,T,220830,070856,60.280998N,24.107758E,53,5.7,155
9061,T,220830,070857,60.280987N,24.107771E,53,6.1,156
9062,T,220830,070858,60.280972N,24.107780E,53,5.7,157
9063,T,220830,070859,60.280960N,24.107786E,53,5.7,157
9064,T,220830,070900,60.280949N,24.107796E,53,5.6,158
9065,T,220830,070901,60.280933N,24.107803E,52,6.2,158
9066,T,220830,070902,60.280918N,24.107817E,52,6.5,164
9067,T,220830,070903,60.280903N,24.107828E,52,5.2,162
9068,T,220830,070904,60.280891N,24.107841E,52,6.0,162
9069,T,220830,070905,60.280880N,24.107857E,52,6.0,158
9070,T,220830,070906,60.280865N,24.107868E,52,7.4,157
9071,T,220830,070907,60.280853N,24.107882E,52,6.2,158
9072,T,220830,070908,60.280842N,24.107891E,52,5.0,157
9073,T,220830,070909,60.280827N,24.107899E,52,5.6,156
9074,T,220830,070910,60.280815N,24.107908E,52,5.3,149
9075,T,220830,070911,60.280804N,24.107920E,52,5.4,149
9076,T,220830,070912,60.280792N,24.107937E,52,5.5,150
9077,T,220830,070913,60.280781N,24.107950E,52,5.6,153
9078,T,220830,070914,60.280769N,24.107964E,52,5.1,156
9079,T,220830,070915,60.280758N,24.107971E,52,5.8,158
9080,T,220830,070916,60.280739N,24.107981E,52,5.6,159
9081,T,220830,070917,60.280727N,24.107990E,52,5.7,150
9082,T,220830,070918,60.280720N,24.108004E,52,4.6,144
9083,T,220830,070919,60.280712N,24.108015E,52,5.2,145
9084,T,220830,070920,60.280701N,24.108027E,52,5.3,146
9085,T,220830,070921,60.280689N,24.108040E,52,4.2,145
9086,T,220830,070922,60.280689N,24.108055E,52,4.7,139
9087,T,220830,070923,60.280693N,24.108072E,52,3.9,25
9088,T,220830,070924,60.280704N,24.108080E,52,4.3,22
9089,T,220830,070925,60.280716N,24.108082E,52,6.7,359
9090,T,220830,070926,60.280731N,24.108076E,52,6.7,358
9091,T,220830,070927,60.280750N,24.108063E,53,6.8,356
9092,T,220830,070928,60.280769N,24.108042E,53,8.6,353
9093,T,220830,070929,60.280792N,24.108015E,53,11.3,351
9094,T,220830,070930,60.280819N,24.107985E,53,13.5,349
9095,T,220830,070931,60.280853N,24.107948E,53,15.4,347
9096,T,220830,070932,60.280891N,24.107914E,53,16.4,346
9097,T,220830,070933,60.280930N,24.107878E,53,16.3,344
9098,T,220830,070934,60.280968N,24.107841E,53,16.9,343
9099,T,220830,070935,60.281010N,24.107805E,53,17.0,342
9100,T,220830,070936,60.281048N,24.107773E,53,16.9,341
9101,T,220830,070937,60.281090N,24.107738E,53,16.9,340
9102,T,220830,070938,60.281124N,24.107702E,53,16.8,340
9103,T,220830,070939,60.281162N,24.107666E,53,16.9,338
9104,T,220830,070940,60.281208N,24.107630E,53,16.9,337
9105,T,220830,070941,60.281254N,24.107594E,54,17.0,336
9106,T,220830,070942,60.281288N,24.107557E,54,16.9,335
9107,T,220830,070943,60.281326N,24.107521E,54,16.2,335
9108,T,220830,070944,60.281364N,24.107489E,54,15.8,335
9109,T,220830,070945,60.281399N,24.107456E,54,15.4,336
9110,T,220830,070946,60.281437N,24.107426E,55,15.1,336
9111,T,220830,070947,60.281471N,24.107395E,55,14.7,336
9112,T,220830,070948,60.281506N,24.107365E,55,14.5,336
9113,T,220830,070949,60.281536N,24.107336E,55,14.4,335
9114,T,220830,070950,60.281567N,24.107309E,56,14.3,336
9115,T,220830,070951,60.281601N,24.107285E,56,14.3,337
9116,T,220830,070952,60.281635N,24.107256E,56,14.3,337
9117,T,220830,070953,60.281670N,24.107227E,56,14.4,336
9118,T,220830,070954,60.281700N,24.107199E,56,14.4,336
9119,T,220830,070955,60.281727N,24.107168E,57,13.8,335
9120,T,220830,070956,60.281761N,24.107140E,57,14.2,334
9121,T,220830,070957,60.281792N,24.107109E,57,14.2,334
9122,T,220830,070958,60.281822N,24.107082E,57,13.7,334
9123,T,220830,070959,60.281857N,24.107054E,57,14.4,335
9124,T,220830,071000,60.281887N,24.107025E,57,14.3,337
9125,T,220830,071001,60.281925N,24.107002E,58,14.4,338
9126,T,220830,071002,60.281960N,24.106976E,58,14.7,338
9127,T,220830,071003,60.281994N,24.106949E,58,15.4,339
9128,T,220830,071004,60.282028N,24.106924E,58,15.2,340
9129,T,220830,071005,60.282063N,24.106899E,58,15.3,341
9130,T,220830,071006,60.282101N,24.106878E,58,15.2,342
9131,T,220830,071007,60.282135N,24.106857E,58,15.3,344
9132,T,220830,071008,60.282173N,24.106838E,58,14.9,344
9133,T,220830,071009,60.282207N,24.106815E,58,14.8,344
9134,T,220830,071010,60.282242N,24.106796E,58,14.7,343
9135,T,220830,071011,60.282276N,24.106775E,58,15.2,343
9136,T,220830,071012,60.282310N,24.106756E,58,15.3,343
9137,T,220830,071013,60.282352N,24.106730E,57,15.7,343
9138,T,220830,071014,60.282391N,24.106707E,57,15.4,344
9139,T,220830,071015,60.282433N,24.106686E,57,15.7,345
9140,T,220830,071016,60.282467N,24.106665E,58,14.8,344
9141,T,220830,071017,60.282509N,24.106644E,58,14.8,344
9142,T,220830,071018,60.282543N,24.106627E,57,14.8,346
9143,T,220830,071019,60.282581N,24.106611E,58,14.8,347
9144,T,220830,071020,60.282619N,24.106596E,57,14.8,349
9145,T,220830,071021,60.282658N,24.106585E,57,15.1,349
9146,T,220830,071022,60.282696N,24.106564E,57,15.2,349
9147,T,220830,071023,60.282730N,24.106548E,57,15.7,348
9148,T,220830,071024,60.282772N,24.106533E,57,15.9,349
9149,T,220830,071025,60.282810N,24.106522E,57,16.0,350
9150,T,220830,071026,60.282852N,24.106508E,57,16.4,351
9151,T,220830,071027,60.282894N,24.106499E,57,16.6,352
9152,T,220830,071028,60.282940N,24.106487E,57,18.0,353
9153,T,220830,071029,60.282986N,24.106478E,57,18.0,353
9154,T,220830,071030,60.283031N,24.106470E,57,18.5,354
9155,T,220830,071031,60.283077N,24.106464E,57,18.4,355
9156,T,220830,071032,60.283123N,24.106457E,57,19.6,355
9157,T,220830,071033,60.283176N,24.106443E,57,20.1,354
9158,T,220830,071034,60.283222N,24.106434E,57,21.2,353
9159,T,220830,071035,60.283279N,24.106424E,56,21.6,353
9160,T,220830,071036,60.283333N,24.106413E,56,21.5,353
9161,T,220830,071037,60.283386N,24.106403E,56,22.0,354
9162,T,220830,071038,60.283440N,24.106400E,56,22.3,356
9163,T,220830,071039,60.283501N,24.106396E,56,22.8,357
9164,T,220830,071040,60.283558N,24.106396E,55,23.2,358
9165,T,220830,071041,60.283611N,24.106394E,55,23.6,358
9166,T,220830,071042,60.283672N,24.106396E,55,23.9,359
9167,T,220830,071043,60.283733N,24.106396E,54,24.2,358
9168,T,220830,071044,60.283794N,24.106394E,54,25.0,358
9169,T,220830,071045,60.283859N,24.106388E,54,25.4,357
9170,T,220830,071046,60.283924N,24.106382E,53,25.8,356
9171,T,220830,071047,60.283989N,24.106375E,53,25.9,356
9172,T,220830,071048,60.284054N,24.106361E,53,26.0,355
9173,T,220830,071049,60.284111N,24.106348E,52,26.0,354
9174,T,220830,071050,60.284180N,24.106335E,52,25.9,353
9175,T,220830,071051,60.284241N,24.106318E,52,26.5,352
9176,T,220830,071052,60.284309N,24.106298E,52,26.6,351
9177,T,220830,071053,60.284370N,24.106274E,51,26.1,350
9178,T,220830,071054,60.284435N,24.106251E,51,25.4,350
9179,T,220830,071055,60.284500N,24.106228E,51,25.0,349
9180,T,220830,071056,60.284557N,24.106203E,51,24.1,349
9181,T,220830,071057,60.284615N,24.106184E,51,23.7,349
9182,T,220830,071058,60.284676N,24.106165E,51,23.7,350
9183,T,220830,071059,60.284733N,24.106146E,51,22.1,351
9184,T,220830,071100,60.284782N,24.106127E,51,20.2,350
9185,T,220830,071101,60.284832N,24.106110E,51,19.5,351
9186,T,220830,071102,60.284878N,24.106100E,51,16.4,352
9187,T,220830,071103,60.284908N,24.106089E,51,11.3,348
9188,T,220830,071104,60.284924N,24.106079E,51,5.3,348
9189,T,220830,071105,60.284927N,24.106075E,51,0.0,348
9190,T,220830,071106,60.284927N,24.106075E,52,0.0,348
9191,T,220830,071107,60.284924N,24.106075E,51,0.0,348
9192,T,220830,071108,60.284920N,24.106070E,51,0.0,348
9193,T,220830,071109,60.284920N,24.106066E,51,0.0,348
9194,T,220830,071110,60.284920N,24.106066E,51,0.0,348
9195,T,220830,071111,60.284920N,24.106066E,51,0.0,348
9196,T,220830,071112,60.284924N,24.106075E,51,0.0,348
9197,T,220830,071113,60.284931N,24.106102E,51,0.0,348
9198,T,220830,071114,60.284950N,24.106155E,51,11.3,25
9199,T,220830,071115,60.284981N,24.106192E,52,12.7,23
9200,T,220830,071116,60.285019N,24.106199E,52,15.5,349
9201,T,220830,071117,60.285065N,24.106184E,52,16.2,348
9202,T,220830,071118,60.285110N,24.106169E,53,18.8,348
9203,T,220830,071119,60.285156N,24.106153E,53,17.6,346
9204,T,220830,071120,60.285198N,24.106138E,54,17.5,348
9205,T,220830,071121,60.285240N,24.106125E,54,16.4,348
9206,T,220830,071122,60.285271N,24.106108E,54,15.2,347
9207,T,220830,071123,60.285313N,24.106098E,55,14.2,347
9208,T,220830,071124,60.285351N,24.106087E,56,15.3,348
9209,T,220830,071125,60.285393N,24.106071E,57,15.4,348
9210,T,220830,071126,60.285431N,24.106056E,57,15.2,347
9211,T,220830,071127,60.285469N,24.106035E,57,13.5,346
9212,T,220830,071128,60.285511N,24.106026E,58,15.1,352
9213,T,220830,071129,60.285553N,24.106016E,58,15.1,350
9214,T,220830,071130,60.285595N,24.106007E,58,16.4,351
9215,T,220830,071131,60.285648N,24.105991E,58,18.7,350
9216,T,220830,071132,60.285702N,24.105978E,58,17.7,350
9217,T,220830,071133,60.285751N,24.105965E,58,18.2,350
9218,T,220830,071134,60.285797N,24.105946E,59,17.5,349
9219,T,220830,071135,60.285843N,24.105936E,59,17.5,350
9220,T,220830,071136,60.285896N,24.105925E,59,18.7,351
9221,T,220830,071137,60.285950N,24.105911E,59,18.7,352
9222,T,220830,071138,60.285999N,24.105900E,60,19.5,352
9223,T,220830,071139,60.286057N,24.105886E,60,19.5,353
9224,T,220830,071140,60.286106N,24.105879E,60,18.4,353
9225,T,220830,071141,60.286160N,24.105871E,60,18.4,354
9226,T,220830,071142,60.286205N,24.105860E,60,17.6,354
9227,T,220830,071143,60.286255N,24.105844E,61,18.4,353
9228,T,220830,071144,60.286308N,24.105825E,61,17.8,351
9229,T,220830,071145,60.286366N,24.105814E,62,16.4,349
9230,T,220830,071146,60.286415N,24.105795E,62,15.7,347
9231,T,220830,071147,60.286457N,24.105776E,63,14.9,345
9232,T,220830,071148,60.286488N,24.105757E,63,14.8,342
9233,T,220830,071149,60.286518N,24.105730E,63,14.0,341
9234,T,220830,071150,60.286560N,24.105701E,64,15.5,340
9235,T,220830,071151,60.286591N,24.105673E,64,14.4,339
9236,T,220830,071152,60.286621N,24.105639E,65,13.5,338
9237,T,220830,071153,60.286648N,24.105604E,65,12.9,337
9238,T,220830,071154,60.286674N,24.105570E,65,11.9,336
9239,T,220830,071155,60.286701N,24.105536E,65,12.7,335
9240,T,220830,071156,60.286728N,24.105499E,66,12.1,334
9241,T,220830,071157,60.286751N,24.105465E,66,11.6,333
9242,T,220830,071158,60.286777N,24.105427E,67,11.7,331
9243,T,220830,071159,60.286804N,24.105389E,67,11.4,330
9244,T,220830,071200,60.286827N,24.105350E,67,11.7,329
9245,T,220830,071201,60.286846N,24.105310E,67,11.8,315
9246,T,220830,071202,60.286873N,24.105268E,68,11.8,315
9247,T,220830,071203,60.286896N,24.105225E,68,12.4,315
9248,T,220830,071204,60.286915N,24.105179E,68,11.9,315
9249,T,220830,071205,60.286942N,24.105137E,68,12.5,315
9250,T,220830,071206,60.286964N,24.105095E,69,13.4,319
9251,T,220830,071207,60.286987N,24.105043E,68,13.5,317
9252,T,220830,071208,60.287010N,24.104996E,68,13.5,315
9253,T,220830,071209,60.287037N,24.104940E,68,13.9,315
9254,T,220830,071210,60.287056N,24.104883E,68,13.8,313
9255,T,220830,071211,60.287079N,24.104828E,67,14.6,312
9256,T,220830,071212,60.287106N,24.104771E,67,15.2,312
9257,T,220830,071213,60.287128N,24.104706E,66,16.1,312
9258,T,220830,071214,60.287159N,24.104637E,66,18.0,312
9259,T,220830,071215,60.287193N,24.104563E,65,19.3,311
9260,T,220830,071216,60.287231N,24.104471E,64,21.5,310
9261,T,220830,071217,60.287273N,24.104378E,63,23.7,310
9262,T,220830,071218,60.287312N,24.104277E,62,26.0,310
9263,T,220830,071219,60.287361N,24.104168E,60,26.8,310
9264,T,220830,071220,60.287403N,24.104055E,59,28.5,311
9265,T,220830,071221,60.287457N,24.103945E,58,29.6,312
9266,T,220830,071222,60.287502N,24.103838E,57,29.9,313
9267,T,220830,071223,60.287560N,24.103727E,56,30.4,315
9268,T,220830,071224,60.287621N,24.103634E,55,30.3,321
9269,T,220830,071225,60.287685N,24.103540E,55,30.0,323
9270,T,220830,071226,60.287746N,24.103460E,55,29.4,325
9271,T,220830,071227,60.287807N,24.103384E,55,27.9,325
9272,T,220830,071228,60.287868N,24.103312E,55,26.3,326
9273,T,220830,071229,60.287922N,24.103245E,55,24.4,326
9274,T,220830,071230,60.287971N,24.103186E,55,21.9,327
9275,T,220830,071231,60.288017N,24.103134E,55,20.1,326
9276,T,220830,071232,60.288055N,24.103085E,55,18.8,328
9277,T,220830,071233,60.288097N,24.103043E,55,17.3,328
9278,T,220830,071234,60.288128N,24.102999E,55,15.4,327
9279,T,220830,071235,60.288158N,24.102962E,56,14.4,327
9280,T,220830,071236,60.288193N,24.102926E,56,13.0,327
9281,T,220830,071237,60.288216N,24.102890E,56,12.3,320
9282,T,220830,071238,60.288235N,24.102850E,56,12.2,320
9283,T,220830,071239,60.288261N,24.102814E,56,11.8,320
9284,T,220830,071240,60.288284N,24.102776E,57,12.2,321
9285,T,220830,071241,60.288303N,24.102734E,57,11.5,315
9286,T,220830,071242,60.288322N,24.102692E,57,11.8,312
9287,T,220830,071243,60.288342N,24.102644E,58,11.9,306
9288,T,220830,071244,60.288361N,24.102592E,58,13.0,302
9289,T,220830,071245,60.288376N,24.102535E,58,13.4,305
9290,T,220830,071246,60.288391N,24.102478E,58,13.7,300
9291,T,220830,071247,60.288399N,24.102407E,58,14.9,296
9292,T,220830,071248,60.288406N,24.102337E,58,15.3,296
9293,T,220830,071249,60.288425N,24.102264E,58,16.5,296
9294,T,220830,071250,60.288441N,24.102186E,58,17.8,296
9295,T,220830,071251,60.288456N,24.102104E,58,17.7,296
9296,T,220830,071252,60.288475N,24.102016E,58,19.4,294
9297,T,220830,071253,60.288494N,24.101921E,58,21.8,296
9298,T,220830,071254,60.288528N,24.101824E,58,22.4,302
9299,T,220830,071255,60.288555N,24.101727E,58,23.4,301
9300,T,220830,071256,60.288582N,24.101608E,58,25.8,299
9301,T,220830,071257,60.288605N,24.101482E,58,27.4,297
9302,T,220830,071258,60.288635N,24.101343E,58,30.7,299
9303,T,220830,071259,60.288681N,24.101206E,58,33.4,306
9304,T,220830,071300,60.288727N,24.101067E,57,35.9,309
9305,T,220830,071301,60.288792N,24.100925E,57,38.5,315
9306,T,220830,071302,60.288860N,24.100803E,56,38.8,322
9307,T,220830,071303,60.288937N,24.100693E,55,35.7,324
9308,T,220830,071304,60.289013N,24.100595E,55,34.8,327
9309,T,220830,071305,60.289093N,24.100502E,54,35.7,327
9310,T,220830,071306,60.289169N,24.100410E,54,35.0,329
9311,T,220830,071307,60.289249N,24.100330E,53,34.0,330
9312,T,220830,071308,60.289322N,24.100246E,53,33.7,331
9313,T,220830,071309,60.289391N,24.100163E,53,32.4,330
9314,T,220830,071310,60.289459N,24.100086E,53,30.9,331
9315,T,220830,071311,60.289528N,24.100016E,52,29.5,332
9316,T,220830,071312,60.289597N,24.099951E,52,29.3,331
9317,T,220830,071313,60.289661N,24.099886E,52,27.8,331
9318,T,220830,071314,60.289722N,24.099825E,52,26.9,331
9319,T,220830,071315,60.289783N,24.099764E,51,25.9,330
9320,T,220830,071316,60.289841N,24.099705E,50,24.7,330
9321,T,220830,071317,60.289894N,24.099644E,50,24.3,330
9322,T,220830,071318,60.289955N,24.099596E,49,23.9,330
9323,T,220830,071319,60.290009N,24.099545E,49,23.0,329
9324,T,220830,071320,60.290066N,24.099487E,49,22.7,329
9325,T,220830,071321,60.290115N,24.099428E,49,22.3,327
9326,T,220830,071322,60.290165N,24.099363E,48,23.0,326
9327,T,220830,071323,60.290211N,24.099295E,48,23.8,324
9328,T,220830,071324,60.290260N,24.099216E,48,24.3,323
9329,T,220830,071325,60.290302N,24.099138E,48,24.0,320
9330,T,220830,071326,60.290348N,24.099054E,48,24.5,319
9331,T,220830,071327,60.290394N,24.098965E,48,24.5,316
9332,T,220830,071328,60.290432N,24.098866E,47,24.1,308
9333,T,220830,071329,60.290466N,24.098766E,47,24.3,306
9334,T,220830,071330,60.290501N,24.098663E,47,24.4,305
9335,T,220830,071331,60.290535N,24.098560E,47,24.8,305
9336,T,220830,071332,60.290569N,24.098455E,46,24.9,304
9337,T,220830,071333,60.290604N,24.098352E,46,24.2,302
9338,T,220830,071334,60.290630N,24.098249E,46,23.3,303
9339,T,220830,071335,60.290665N,24.098152E,45,22.6,301
9340,T,220830,071336,60.290691N,24.098057E,46,21.7,300
9341,T,220830,071337,60.290722N,24.097963E,46,20.6,299
9342,T,220830,071338,60.290749N,24.097876E,45,21.2,305
9343,T,220830,071339,60.290771N,24.097784E,45,21.3,304
9344,T,220830,071340,60.290798N,24.097692E,45,21.3,304
9345,T,220830,071341,60.290825N,24.097595E,45,22.6,301
9346,T,220830,071342,60.290852N,24.097496E,44,23.4,301
9347,T,220830,071343,60.290878N,24.097397E,44,23.8,300
9348,T,220830,071344,60.290913N,24.097292E,44,23.9,299
9349,T,220830,071345,60.290936N,24.097183E,43,24.4,298
9350,T,220830,071346,60.290970N,24.097076E,43,24.5,298
9351,T,220830,071347,60.290997N,24.096966E,43,24.7,298
9352,T,220830,071348,60.291027N,24.096855E,43,24.8,298
9353,T,220830,071349,60.291058N,24.096745E,43,24.9,298
9354,T,220830,071350,60.291088N,24.096634E,44,24.9,299
9355,T,220830,071351,60.291111N,24.096521E,44,24.9,299
9356,T,220830,071352,60.291138N,24.096407E,43,24.5,299
9357,T,220830,071353,60.291164N,24.096300E,43,24.4,300
9358,T,220830,071354,60.291195N,24.096195E,43,24.3,301
9359,T,220830,071355,60.291229N,24.096088E,43,24.0,300
9360,T,220830,071356,60.291256N,24.095980E,43,23.7,300
9361,T,220830,071357,60.291279N,24.095873E,42,23.8,300
9362,T,220830,071358,60.291313N,24.095762E,41,24.1,300
9363,T,220830,071359,60.291340N,24.095655E,41,24.2,301
9364,T,220830,071400,60.291370N,24.095549E,40,24.6,303
9365,T,220830,071401,60.291409N,24.095444E,39,24.6,305
9366,T,220830,071402,60.291447N,24.095348E,40,24.5,305
9367,T,220830,071403,60.291489N,24.095257E,39,24.4,306
9368,T,220830,071404,60.291527N,24.095167E,39,24.3,307
9369,T,220830,071405,60.291569N,24.095079E,39,23.9,308
9370,T,220830,071406,60.291611N,24.094995E,39,23.8,308
9371,T,220830,071407,60.291653N,24.094912E,39,23.7,309
9372,T,220830,071408,60.291695N,24.094830E,39,23.6,310
9373,T,220830,071409,60.291740N,24.094746E,39,23.7,311
9374,T,220830,071410,60.291779N,24.094664E,38,23.7,312
9375,T,220830,071411,60.291824N,24.094580E,38,24.1,313
9376,T,220830,071412,60.291870N,24.094498E,38,24.1,315
9377,T,220830,071413,60.291920N,24.094418E,38,24.0,317
9378,T,220830,071414,60.291969N,24.094336E,39,24.3,317
9379,T,220830,071415,60.292019N,24.094255E,39,24.7,318
9380,T,220830,071416,60.292068N,24.094172E,40,24.8,318
9381,T,220830,071417,60.292122N,24.094088E,40,24.9,318
9382,T,220830,071418,60.292168N,24.094004E,40,24.8,318
9383,T,220830,071419,60.292217N,24.093924E,41,24.5,318
9384,T,220830,071420,60.292271N,24.093843E,41,24.4,318
9385,T,220830,071421,60.292320N,24.093763E,41,24.3,319
9386,T,220830,071422,60.292370N,24.093687E,41,24.4,321
9387,T,220830,071423,60.292416N,24.093618E,40,24.9,321
9388,T,220830,071424,60.292473N,24.093555E,41,25.4,322
9389,T,220830,071425,60.292526N,24.093502E,41,26.2,336
9390,T,220830,071426,60.292591N,24.093456E,40,26.9,342
9391,T,220830,071427,60.292656N,24.093420E,40,26.9,344
9392,T,220830,071428,60.292721N,24.093393E,40,27.8,351
9393,T,220830,071429,60.292789N,24.093380E,40,27.4,355
9394,T,220830,071430,60.292854N,24.093376E,39,27.8,359
9395,T,220830,071431,60.292927N,24.093378E,39,27.7,1
9396,T,220830,071432,60.292995N,24.093384E,39,26.2,1
9397,T,220830,071433,60.293060N,24.093391E,38,26.8,3
9398,T,220830,071434,60.293129N,24.093405E,38,27.2,5
9399,T,220830,071435,60.293198N,24.093416E,38,26.4,5
9400,T,220830,071436,60.293259N,24.093430E,37,26.1,5
9401,T,220830,071437,60.293320N,24.093443E,37,26.0,6
9402,T,220830,071438,60.293388N,24.093454E,37,26.1,5
9403,T,220830,071439,60.293457N,24.093468E,37,26.0,5
9404,T,220830,071440,60.293522N,24.093485E,36,26.3,6
9405,T,220830,071441,60.293587N,24.093504E,36,25.7,7
9406,T,220830,071442,60.293652N,24.093531E,36,26.2,8
9407,T,220830,071443,60.293720N,24.093555E,36,26.5,10
9408,T,220830,071444,60.293789N,24.093584E,36,26.5,11
9409,T,220830,071445,60.293858N,24.093611E,37,26.3,12
9410,T,220830,071446,60.293919N,24.093641E,36,26.4,14
9411,T,220830,071447,60.293980N,24.093676E,36,26.5,15
9412,T,220830,071448,60.294044N,24.093714E,36,26.5,16
9413,T,220830,071449,60.294106N,24.093752E,35,25.9,16
9414,T,220830,071450,60.294167N,24.093790E,35,25.8,17
9415,T,220830,071451,60.294239N,24.093824E,35,25.9,17
9416,T,220830,071452,60.294304N,24.093861E,34,26.8,16
9417,T,220830,071453,60.294369N,24.093903E,34,26.8,16
9418,T,220830,071454,60.294434N,24.093937E,34,26.9,15
9419,T,220830,071455,60.294491N,24.093969E,34,26.8,13
9420,T,220830,071456,60.294559N,24.093996E,34,26.3,12
9421,T,220830,071457,60.294624N,24.094021E,34,25.7,9
9422,T,220830,071458,60.294689N,24.094036E,34,25.2,7
9423,T,220830,071459,60.294750N,24.094046E,34,24.8,5
9424,T,220830,071500,60.294811N,24.094053E,34,24.3,3
9425,T,220830,071501,60.294872N,24.094055E,34,24.0,1
9426,T,220830,071502,60.294933N,24.094055E,34,23.6,358
9427,T,220830,071503,60.294991N,24.094051E,33,23.5,357
9428,T,220830,071504,60.295052N,24.094044E,33,23.4,356
9429,T,220830,071505,60.295109N,24.094034E,33,23.0,355
9430,T,220830,071506,60.295170N,24.094021E,33,23.0,353
9431,T,220830,071507,60.295219N,24.094002E,33,22.9,352
9432,T,220830,071508,60.295280N,24.093985E,33,22.5,350
9433,T,220830,071509,60.295334N,24.093962E,33,22.3,349
9434,T,220830,071510,60.295387N,24.093941E,33,21.8,348
9435,T,220830,071511,60.295441N,24.093918E,33,21.5,347
9436,T,220830,071512,60.295490N,24.093901E,33,21.4,348
9437,T,220830,071513,60.295544N,24.093882E,33,21.3,349
9438,T,220830,071514,60.295597N,24.093863E,33,21.2,348
9439,T,220830,071515,60.295647N,24.093843E,33,20.9,349
9440,T,220830,071516,60.295700N,24.093824E,33,20.8,349
9441,T,220830,071517,60.295753N,24.093803E,33,20.4,349
9442,T,220830,071518,60.295799N,24.093790E,33,20.1,351
9443,T,220830,071519,60.295849N,24.093777E,33,19.7,351
9444,T,220830,071520,60.295898N,24.093760E,33,19.4,350
9445,T,220830,071521,60.295944N,24.093746E,33,18.8,351
9446,T,220830,071522,60.295986N,24.093739E,33,18.4,352
9447,T,220830,071523,60.296032N,24.093733E,34,18.3,352
9448,T,220830,071524,60.296078N,24.093723E,34,17.7,353
9449,T,220830,071525,60.296120N,24.093716E,34,17.7,354
9450,T,220830,071526,60.296162N,24.093710E,34,17.4,354
9451,T,220830,071527,60.296204N,24.093702E,34,17.3,355
9452,T,220830,071528,60.296246N,24.093697E,34,17.2,355
9453,T,220830,071529,60.296288N,24.093687E,34,17.3,356
9454,T,220830,071530,60.296329N,24.093681E,34,17.2,356
9455,T,220830,071531,60.296371N,24.093674E,34,17.0,356
9456,T,220830,071532,60.296413N,24.093664E,35,16.7,355
9457,T,220830,071533,60.296455N,24.093657E,35,16.7,355
9458,T,220830,071534,60.296497N,24.093649E,35,16.6,355
9459,T,220830,071535,60.296539N,24.093641E,35,16.6,355
9460,T,220830,071536,60.296581N,24.093636E,35,16.5,355
9461,T,220830,071537,60.296619N,24.093632E,35,16.0,355
9462,T,220830,071538,60.296665N,24.093624E,35,16.0,355
9463,T,220830,071539,60.296703N,24.093618E,35,15.9,355
9464,T,220830,071540,60.296745N,24.093613E,36,15.9,354
9465,T,220830,071541,60.296783N,24.093603E,36,15.6,354
9466,T,220830,071542,60.296822N,24.093596E,36,15.4,354
9467,T,220830,071543,60.296860N,24.093588E,36,15.1,355
9468,T,220830,071544,60.296902N,24.093582E,37,15.2,354
9469,T,220830,071545,60.296936N,24.093573E,37,14.9,354
9470,T,220830,071546,60.296970N,24.093563E,37,14.8,354
9471,T,220830,071547,60.297009N,24.093555E,37,14.3,354
9472,T,220830,071548,60.297043N,24.093546E,37,14.3,353
9473,T,220830,071549,60.297081N,24.093538E,37,14.2,353
9474,T,220830,071550,60.297112N,24.093529E,37,14.0,353
9475,T,220830,071551,60.297150N,24.093519E,38,13.9,352
9476,T,220830,071552,60.297180N,24.093512E,38,14.0,352
9477,T,220830,071553,60.297218N,24.093504E,38,14.5,352
9478,T,220830,071554,60.297260N,24.093494E,38,15.0,352
9479,T,220830,071555,60.297302N,24.093479E,38,15.7,352
9480,T,220830,071556,60.297348N,24.093464E,39,16.2,352
9481,T,220830,071557,60.297386N,24.093452E,39,17.4,352
9482,T,220830,071558,60.297432N,24.093437E,38,18.2,352
9483,T,220830,071559,60.297482N,24.093426E,38,19.2,352
9484,T,220830,071600,60.297531N,24.093414E,38,19.9,352
9485,T,220830,071601,60.297581N,24.093399E,38,20.6,352
9486,T,220830,071602,60.297634N,24.093388E,38,20.9,352
9487,T,220830,071603,60.297688N,24.093374E,38,20.9,352
9488,T,220830,071604,60.297745N,24.093357E,38,21.4,353
9489,T,220830,071605,60.297794N,24.093344E,38,21.5,352
9490,T,220830,071606,60.297848N,24.093325E,38,21.2,351
9491,T,220830,071607,60.297901N,24.093309E,38,21.1,351
9492,T,220830,071608,60.297951N,24.093292E,38,22.7,349
9493,T,220830,071609,60.298004N,24.093269E,38,21.4,348
9494,T,220830,071610,60.298058N,24.093248E,38,22.3,346
9495,T,220830,071611,60.298111N,24.093224E,38,23.8,345
9496,T,220830,071612,60.298168N,24.093197E,38,23.7,345
9497,T,220830,071613,60.298225N,24.093168E,37,24.5,345
9498,T,220830,071614,60.298279N,24.093142E,37,23.9,345
9499,T,220830,071615,60.298340N,24.093109E,37,24.9,344
9500,T,220830,071616,60.298401N,24.093077E,37,25.0,344
9501,T,220830,071617,60.298466N,24.093042E,37,25.1,343
9502,T,220830,071618,60.298523N,24.093004E,37,25.1,343
9503,T,220830,071619,60.298588N,24.092968E,36,25.0,343
9504,T,220830,071620,60.298649N,24.092934E,37,24.3,343
9505,T,220830,071621,60.298710N,24.092899E,37,23.4,343
9506,T,220830,071622,60.298759N,24.092867E,37,22.4,343
9507,T,220830,071623,60.298817N,24.092836E,37,21.8,343
9508,T,220830,071624,60.298874N,24.092806E,37,21.0,343
9509,T,220830,071625,60.298923N,24.092777E,37,20.4,343
9510,T,220830,071626,60.298973N,24.092749E,38,19.5,343
9511,T,220830,071627,60.299019N,24.092720E,38,18.8,343
9512,T,220830,071628,60.299068N,24.092690E,38,18.1,343
9513,T,220830,071629,60.299107N,24.092667E,38,17.6,344
9514,T,220830,071630,60.299152N,24.092642E,38,16.9,344
9515,T,220830,071631,60.299191N,24.092619E,39,16.0,344
9516,T,220830,071632,60.299229N,24.092594E,39,15.2,343
9517,T,220830,071633,60.299259N,24.092569E,40,14.6,342
9518,T,220830,071634,60.299297N,24.092548E,40,14.2,342
9519,T,220830,071635,60.299328N,24.092527E,40,14.1,342
9520,T,220830,071636,60.299358N,24.092506E,41,13.9,342
9521,T,220830,071637,60.299393N,24.092484E,41,13.6,342
9522,T,220830,071638,60.299419N,24.092464E,41,13.6,342
9523,T,220830,071639,60.299458N,24.092442E,41,13.7,341
9524,T,220830,071640,60.299488N,24.092419E,42,13.8,341
9525,T,220830,071641,60.299515N,24.092396E,42,13.7,340
9526,T,220830,071642,60.299549N,24.092369E,42,13.7,340
9527,T,220830,071643,60.299580N,24.092344E,42,13.7,338
9528,T,220830,071644,60.299610N,24.092318E,42,14.2,338
9529,T,220830,071645,60.299648N,24.092293E,43,14.2,337
9530,T,220830,071646,60.299679N,24.092264E,43,13.7,336
9531,T,220830,071647,60.299713N,24.092236E,43,14.6,336
9532,T,220830,071648,60.299747N,24.092209E,43,15.0,336
9533,T,220830,071649,60.299786N,24.092182E,43,15.8,337
9534,T,220830,071650,60.299820N,24.092152E,43,16.5,337
9535,T,220830,071651,60.299858N,24.092121E,43,17.6,338
9536,T,220830,071652,60.299904N,24.092094E,42,20.0,343
9537,T,220830,071653,60.299953N,24.092064E,42,20.0,343
9538,T,220830,071654,60.300003N,24.092045E,42,21.7,343
9539,T,220830,071655,60.300060N,24.092026E,42,23.4,344
9540,T,220830,071656,60.300121N,24.092016E,42,24.3,345
9541,T,220830,071657,60.300179N,24.092016E,42,24.3,1
9542,T,220830,071658,60.300243N,24.092024E,42,23.8,6
9543,T,220830,071659,60.300304N,24.092043E,41,23.4,9
9544,T,220830,071700,60.300365N,24.092064E,41,22.7,15
9545,T,220830,071701,60.300419N,24.092100E,41,22.0,19
9546,T,220830,071702,60.300472N,24.092140E,41,22.0,23
9547,T,220830,071703,60.300522N,24.092190E,41,22.0,28
9548,T,220830,071704,60.300568N,24.092249E,41,22.1,33
9549,T,220830,071705,60.300613N,24.092312E,41,22.0,37
9550,T,220830,071706,60.300655N,24.092382E,41,21.8,41
9551,T,220830,071707,60.300697N,24.092459E,41,21.0,45
9552,T,220830,071708,60.300732N,24.092537E,42,20.0,49
9553,T,220830,071709,60.300762N,24.092615E,42,19.5,53
9554,T,220830,071710,60.300793N,24.092693E,42,18.8,54
9555,T,220830,071711,60.300819N,24.092770E,42,18.5,54
9556,T,220830,071712,60.300842N,24.092850E,42,18.7,54
9557,T,220830,071713,60.300873N,24.092928E,42,19.3,53
9558,T,220830,071714,60.300903N,24.093010E,42,20.4,51
9559,T,220830,071715,60.300938N,24.093094E,42,21.5,51
9560,T,220830,071716,60.300972N,24.093178E,41,22.9,49
9561,T,220830,071717,60.301010N,24.093264E,41,24.4,48
9562,T,220830,071718,60.301060N,24.093353E,41,26.0,48
9563,T,220830,071719,60.301113N,24.093443E,40,26.8,47
9564,T,220830,071720,60.301167N,24.093527E,40,27.7,46
9565,T,220830,071721,60.301220N,24.093615E,40,27.8,45
9566,T,220830,071722,60.301281N,24.093697E,39,27.7,44
9567,T,220830,071723,60.301334N,24.093777E,39,27.6,43
9568,T,220830,071724,60.301395N,24.093849E,39,27.2,42
9569,T,220830,071725,60.301453N,24.093924E,39,26.6,41
9570,T,220830,071726,60.301510N,24.094002E,38,26.0,39
9571,T,220830,071727,60.301559N,24.094082E,38,25.4,39
9572,T,220830,071728,60.301609N,24.094164E,38,24.8,39
9573,T,220830,071729,60.301655N,24.094248E,38,24.0,39
9574,T,220830,071730,60.301701N,24.094332E,38,23.1,40
9575,T,220830,071731,60.301735N,24.094414E,37,22.0,40
9576,T,220830,071732,60.301773N,24.094498E,37,21.9,41
9577,T,220830,071733,60.301807N,24.094584E,37,21.9,41
9578,T,220830,071734,60.301842N,24.094671E,37,21.9,42
9579,T,220830,071735,60.301872N,24.094763E,38,21.9,43
9580,T,220830,071736,60.301903N,24.094852E,38,22.0,44
9581,T,220830,071737,60.301933N,24.094944E,38,22.0,45
9582,T,220830,071738,60.301968N,24.095036E,38,22.6,46
9583,T,220830,071739,60.301998N,24.095131E,38,23.5,46
9584,T,220830,071740,60.302036N,24.095224E,37,23.2,48
9585,T,220830,071741,60.302071N,24.095316E,38,22.7,49
9586,T,220830,071742,60.302113N,24.095402E,38,22.9,49
9587,T,220830,071743,60.302147N,24.095486E,37,22.7,48
9588,T,220830,071744,60.302189N,24.095566E,37,22.0,46
9589,T,220830,071745,60.302227N,24.095638E,37,21.6,37
9590,T,220830,071746,60.302273N,24.095695E,37,21.2,31
9591,T,220830,071747,60.302315N,24.095745E,37,21.2,25
9592,T,220830,071748,60.302364N,24.095783E,37,21.2,18
9593,T,220830,071749,60.302410N,24.095816E,37,20.5,15
9594,T,220830,071750,60.302464N,24.095839E,37,20.4,11
9595,T,220830,071751,60.302513N,24.095850E,37,20.3,5
9596,T,220830,071752,60.302559N,24.095856E,37,20.1,3
9597,T,220830,071753,60.302612N,24.095858E,37,19.8,1
9598,T,220830,071754,60.302666N,24.095856E,37,19.7,357
9599,T,220830,071755,60.302711N,24.095844E,38,19.8,353
9600,T,220830,071756,60.302761N,24.095831E,38,19.9,349
9601,T,220830,071757,60.302807N,24.095808E,38,19.9,348
9602,T,220830,071758,60.302860N,24.095783E,38,19.9,346
9603,T,220830,071759,60.302902N,24.095751E,38,20.0,342
9604,T,220830,071800,60.302952N,24.095718E,38,20.0,341
9605,T,220830,071801,60.302998N,24.095684E,38,20.0,340
9606,T,220830,071802,60.303043N,24.095644E,38,20.0,338
9607,T,220830,071803,60.303089N,24.095604E,38,20.0,336
9608,T,220830,071804,60.303135N,24.095564E,38,20.1,336
9609,T,220830,071805,60.303181N,24.095524E,38,20.1,338
9610,T,220830,071806,60.303223N,24.095484E,38,20.1,338
9611,T,220830,071807,60.303272N,24.095444E,38,20.0,338
9612,T,220830,071808,60.303322N,24.095407E,38,20.0,338
9613,T,220830,071809,60.303364N,24.095371E,38,19.9,339
9614,T,220830,071810,60.303413N,24.095341E,38,19.9,340
9615,T,220830,071811,60.303459N,24.095310E,38,19.8,342
9616,T,220830,071812,60.303509N,24.095284E,38,19.8,344
9617,T,220830,071813,60.303555N,24.095259E,38,19.8,346
9618,T,220830,071814,60.303600N,24.095238E,38,19.4,348
9619,T,220830,071815,60.303650N,24.095222E,38,18.8,350
9620,T,220830,071816,60.303696N,24.095209E,39,18.4,352
9621,T,220830,071817,60.303741N,24.095200E,39,18.2,354
9622,T,220830,071818,60.303787N,24.095192E,39,17.8,356
9623,T,220830,071819,60.303833N,24.095186E,39,17.5,356
9624,T,220830,071820,60.303875N,24.095182E,40,17.2,357
9625,T,220830,071821,60.303921N,24.095177E,40,17.0,357
9626,T,220830,071822,60.303959N,24.095175E,40,17.0,358
9627,T,220830,071823,60.304005N,24.095169E,40,17.1,358
9628,T,220830,071824,60.304047N,24.095165E,40,17.5,357
9629,T,220830,071825,60.304092N,24.095161E,41,17.5,356
9630,T,220830,071826,60.304134N,24.095154E,41,17.6,355
9631,T,220830,071827,60.304180N,24.095144E,41,17.9,354
9632,T,220830,071828,60.304222N,24.095133E,41,18.2,352
9633,T,220830,071829,60.304268N,24.095116E,41,18.3,351
9634,T,220830,071830,60.304314N,24.095102E,41,18.3,350
9635,T,220830,071831,60.304356N,24.095083E,41,18.3,349
9636,T,220830,071832,60.304401N,24.095064E,41,18.5,347
9637,T,220830,071833,60.304440N,24.095039E,41,18.6,345
9638,T,220830,071834,60.304485N,24.095013E,41,18.9,343
9639,T,220830,071835,60.304527N,24.094982E,41,18.9,341
9640,T,220830,071836,60.304573N,24.094948E,41,18.8,340
9641,T,220830,071837,60.304615N,24.094913E,41,18.8,338
9642,T,220830,071838,60.304661N,24.094875E,41,18.7,337
9643,T,220830,071839,60.304699N,24.094835E,42,18.7,336
9644,T,220830,071840,60.304745N,24.094797E,42,18.7,335
9645,T,220830,071841,60.304783N,24.094757E,42,18.6,335
9646,T,220830,071842,60.304829N,24.094715E,42,18.5,334
9647,T,220830,071843,60.304867N,24.094673E,42,18.4,333
9648,T,220830,071844,60.304909N,24.094625E,42,18.3,331
9649,T,220830,071845,60.304943N,24.094578E,42,18.2,329
9650,T,220830,071846,60.304985N,24.094526E,42,18.2,326
9651,T,220830,071847,60.305019N,24.094475E,42,18.2,325
9652,T,220830,071848,60.305061N,24.094418E,42,18.7,324
9653,T,220830,071849,60.305096N,24.094364E,42,18.8,323
9654,T,220830,071850,60.305138N,24.094309E,42,18.8,323
9655,T,220830,071851,60.305172N,24.094248E,42,18.8,322
9656,T,220830,071852,60.305206N,24.094187E,43,18.7,321
9657,T,220830,071853,60.305248N,24.094124E,43,18.6,320
9658,T,220830,071854,60.305279N,24.094065E,43,18.2,320
9659,T,220830,071855,60.305321N,24.094007E,43,18.1,320
9660,T,220830,071856,60.305351N,24.093950E,43,17.8,320
9661,T,220830,071857,60.305389N,24.093893E,44,17.9,321
9662,T,220830,071858,60.305424N,24.093838E,44,17.9,322
9663,T,220830,071859,60.305462N,24.093784E,44,17.6,322
9664,T,220830,071900,60.305492N,24.093731E,44,17.2,322
9665,T,220830,071901,60.305527N,24.093679E,44,16.9,323
9666,T,220830,071902,60.305561N,24.093636E,44,16.5,324
9667,T,220830,071903,60.305595N,24.093596E,45,16.0,325
9668,T,220830,071904,60.305634N,24.093555E,45,15.4,327
9669,T,220830,071905,60.305664N,24.093517E,45,15.3,329
9670,T,220830,071906,60.305698N,24.093479E,45,14.8,331
9671,T,220830,071907,60.305733N,24.093447E,45,14.7,332
9672,T,220830,071908,60.305763N,24.093414E,46,14.1,333
9673,T,220830,071909,60.305801N,24.093384E,46,13.8,335
9674,T,220830,071910,60.305832N,24.093355E,46,13.4,335
9675,T,220830,071911,60.305859N,24.093328E,47,13.3,336
9676,T,220830,071912,60.305889N,24.093304E,47,12.9,337
9677,T,220830,071913,60.305920N,24.093275E,48,12.5,338
9678,T,220830,071914,60.305950N,24.093254E,48,12.3,338
9679,T,220830,071915,60.305981N,24.093231E,48,12.2,338
9680,T,220830,071916,60.306007N,24.093206E,49,12.3,337
9681,T,220830,071917,60.306038N,24.093180E,49,13.0,337
9682,T,220830,071918,60.306065N,24.093155E,49,13.3,336
9683,T,220830,071919,60.306095N,24.093124E,49,13.4,335
9684,T,220830,071920,60.306129N,24.093092E,49,13.4,333
9685,T,220830,071921,60.306156N,24.093058E,49,13.5,332
9686,T,220830,071922,60.306187N,24.093025E,50,13.6,330
9687,T,220830,071923,60.306217N,24.092991E,50,14.0,329
9688,T,220830,071924,60.306248N,24.092951E,50,14.1,327
9689,T,220830,071925,60.306274N,24.092909E,50,14.1,326
9690,T,220830,071926,60.306301N,24.092863E,50,13.7,325
9691,T,220830,071927,60.306328N,24.092815E,50,13.9,324
9692,T,220830,071928,60.306351N,24.092772E,50,13.9,323
9693,T,220830,071929,60.306381N,24.092724E,50,14.3,322
9694,T,220830,071930,60.306408N,24.092676E,50,15.0,322
9695,T,220830,071931,60.306431N,24.092623E,50,14.9,321
9696,T,220830,071932,60.306461N,24.092566E,50,14.7,320
9697,T,220830,071933,60.306484N,24.092516E,51,13.9,319
9698,T,220830,071934,60.306511N,24.092476E,51,13.9,320
9699,T,220830,071935,60.306549N,24.092457E,51,14.2,321
9700,T,220830,071936,60.306580N,24.092451E,52,12.7,5
9701,T,220830,071937,60.306610N,24.092459E,52,13.3,7
9702,T,220830,071938,60.306644N,24.092468E,52,12.8,8
9703,T,220830,071939,60.306671N,24.092478E,53,12.5,9
9704,T,220830,071940,60.306702N,24.092491E,53,11.8,11
9705,T,220830,071941,60.306728N,24.092505E,53,11.7,9
9706,T,220830,071942,60.306755N,24.092516E,53,11.1,10
9707,T,220830,071943,60.306786N,24.092527E,54,10.5,11
9708,T,220830,071944,60.306808N,24.092545E,54,11.1,12
9709,T,220830,071945,60.306839N,24.092564E,54,11.9,13
9710,T,220830,071946,60.306877N,24.092590E,55,12.7,14
9711,T,220830,071947,60.306908N,24.092613E,55,11.9,16
9712,T,220830,071948,60.306938N,24.092644E,56,13.0,18
9713,T,220830,071949,60.306976N,24.092678E,56,14.3,20
9714,T,220830,071950,60.307011N,24.092712E,56,15.0,22
9715,T,220830,071951,60.307053N,24.092747E,56,14.2,27
9716,T,220830,071952,60.307087N,24.092785E,56,13.9,29
9717,T,220830,071953,60.307121N,24.092825E,56,14.3,28
9718,T,220830,071954,60.307156N,24.092859E,56,14.2,30
9719,T,220830,071955,60.307186N,24.092901E,56,14.1,31
9720,T,220830,071956,60.307220N,24.092941E,56,14.0,32
9721,T,220830,071957,60.307247N,24.092983E,56,14.4,34
9722,T,220830,071958,60.307281N,24.093027E,56,14.4,36
9723,T,220830,071959,60.307308N,24.093077E,56,14.5,38
9724,T,220830,072000,60.307335N,24.093126E,56,14.6,40
9725,T,220830,072001,60.307369N,24.093187E,56,15.1,41
9726,T,220830,072002,60.307400N,24.093246E,56,15.3,43
9727,T,220830,072003,60.307426N,24.093304E,56,15.2,44
9728,T,220830,072004,60.307461N,24.093363E,56,16.5,47
9729,T,220830,072005,60.307484N,24.093428E,56,16.4,53
9730,T,220830,072006,60.307510N,24.093496E,55,15.7,57
9731,T,220830,072007,60.307533N,24.093563E,55,16.3,56
9732,T,220830,072008,60.307556N,24.093637E,55,17.6,55
9733,T,220830,072009,60.307579N,24.093716E,55,17.0,55
9734,T,220830,072010,60.307606N,24.093796E,55,18.2,57
9735,T,220830,072011,60.307629N,24.093880E,55,19.1,56
9736,T,220830,072012,60.307655N,24.093962E,55,19.5,56
9737,T,220830,072013,60.307686N,24.094042E,55,19.5,56
9738,T,220830,072014,60.307709N,24.094126E,55,19.0,60
9739,T,220830,072015,60.307732N,24.094217E,55,19.7,59
9740,T,220830,072016,60.307751N,24.094303E,55,18.1,61
9741,T,220830,072017,60.307777N,24.094391E,54,19.7,60
9742,T,220830,072018,60.307800N,24.094479E,54,19.6,59
9743,T,220830,072019,60.307823N,24.094564E,54,19.7,58
9744,T,220830,072020,60.307850N,24.094654E,53,19.7,58
9745,T,220830,072021,60.307877N,24.094740E,53,19.7,56
9746,T,220830,072022,60.307903N,24.094824E,53,19.6,54
9747,T,220830,072023,60.307938N,24.094904E,53,19.0,53
9748,T,220830,072024,60.307968N,24.094982E,53,18.9,52
9749,T,220830,072025,60.307995N,24.095062E,53,19.0,52
9750,T,220830,072026,60.308025N,24.095144E,53,19.6,53
9751,T,220830,072027,60.308060N,24.095224E,53,20.0,53
9752,T,220830,072028,60.308086N,24.095304E,53,20.3,51
9753,T,220830,072029,60.308125N,24.095385E,53,20.7,50
9754,T,220830,072030,60.308159N,24.095465E,53,20.9,48
9755,T,220830,072031,60.308197N,24.095545E,53,21.3,47
9756,T,220830,072032,60.308239N,24.095621E,53,21.7,46
9757,T,220830,072033,60.308281N,24.095703E,53,21.8,47
9758,T,220830,072034,60.308315N,24.095783E,53,21.9,47
9759,T,220830,072035,60.308357N,24.095865E,53,22.6,47
9760,T,220830,072036,60.308395N,24.095949E,53,23.0,46
9761,T,220830,072037,60.308441N,24.096031E,53,23.4,46
9762,T,220830,072038,60.308479N,24.096115E,53,23.7,45
9763,T,220830,072039,60.308529N,24.096197E,53,23.8,44
9764,T,220830,072040,60.308571N,24.096281E,53,23.9,44
9765,T,220830,072041,60.308617N,24.096363E,53,23.9,42
9766,T,220830,072042,60.308659N,24.096439E,52,23.9,41
9767,T,220830,072043,60.308708N,24.096514E,52,23.7,39
9768,T,220830,072044,60.308750N,24.096584E,52,23.4,37
9769,T,220830,072045,60.308800N,24.096651E,52,23.4,36
9770,T,220830,072046,60.308849N,24.096718E,52,23.2,36
9771,T,220830,072047,60.308891N,24.096786E,52,23.2,36
9772,T,220830,072048,60.308941N,24.096853E,52,23.2,36
9773,T,220830,072049,60.308987N,24.096920E,52,22.7,36
9774,T,220830,072050,60.309032N,24.096985E,52,22.2,36
9775,T,220830,072051,60.309074N,24.097046E,52,21.7,35
9776,T,220830,072052,60.309120N,24.097107E,52,21.3,35
9777,T,220830,072053,60.309162N,24.097168E,52,21.0,35
9778,T,220830,072054,60.309208N,24.097225E,52,20.7,34
9779,T,220830,072055,60.309254N,24.097281E,52,20.1,33
9780,T,220830,072056,60.309292N,24.097332E,53,19.6,33
9781,T,220830,072057,60.309338N,24.097382E,53,19.5,31
9782,T,220830,072058,60.309376N,24.097425E,53,18.8,30
9783,T,220830,072059,60.309422N,24.097469E,53,18.4,28
9784,T,220830,072100,60.309460N,24.097509E,53,18.0,27
9785,T,220830,072101,60.309502N,24.097548E,53,17.9,25
9786,T,220830,072102,60.309540N,24.097582E,53,17.5,23
9787,T,220830,072103,60.309582N,24.097609E,53,18.0,21
9788,T,220830,072104,60.309620N,24.097633E,53,17.7,19
9789,T,220830,072105,60.309666N,24.097656E,53,17.7,18
9790,T,220830,072106,60.309708N,24.097683E,53,18.1,18
9791,T,220830,072107,60.309753N,24.097712E,53,18.6,18
9792,T,220830,072108,60.309795N,24.097742E,53,18.7,17
9793,T,220830,072109,60.309841N,24.097775E,53,19.2,17
9794,T,220830,072110,60.309887N,24.097803E,52,19.3,16
9795,T,220830,072111,60.309937N,24.097828E,52,19.8,16
9796,T,220830,072112,60.309982N,24.097857E,52,19.9,15
9797,T,220830,072113,60.310032N,24.097881E,52,20.3,14
9798,T,220830,072114,60.310085N,24.097900E,52,20.2,12
9799,T,220830,072115,60.310131N,24.097918E,52,20.3,11
9800,T,220830,072116,60.310184N,24.097937E,52,20.2,9
9801,T,220830,072117,60.310230N,24.097950E,52,20.2,7
9802,T,220830,072118,60.310284N,24.097961E,52,20.6,6
9803,T,220830,072119,60.310337N,24.097967E,52,20.3,4
9804,T,220830,072120,60.310387N,24.097969E,52,20.2,2
9805,T,220830,072121,60.310440N,24.097969E,52,20.3,359
9806,T,220830,072122,60.310490N,24.097961E,52,19.2,353
9807,T,220830,072123,60.310535N,24.097952E,52,19.3,353
9808,T,220830,072124,60.310581N,24.097939E,52,19.3,351
9809,T,220830,072125,60.310627N,24.097918E,52,19.3,348
9810,T,220830,072126,60.310677N,24.097891E,52,19.6,342
9811,T,220830,072127,60.310719N,24.097858E,52,20.1,341
9812,T,220830,072128,60.310768N,24.097830E,52,20.9,343
9813,T,220830,072129,60.310822N,24.097803E,52,20.3,343
9814,T,220830,072130,60.310863N,24.097775E,52,20.2,342
9815,T,220830,072131,60.310913N,24.097740E,52,20.2,340
9816,T,220830,072132,60.310959N,24.097704E,51,21.2,339
9817,T,220830,072133,60.311012N,24.097670E,51,21.9,340
9818,T,220830,072134,60.311066N,24.097633E,51,25.1,338
9819,T,220830,072135,60.311119N,24.097586E,51,23.7,340
9820,T,220830,072136,60.311180N,24.097542E,50,26.9,342
9821,T,220830,072137,60.311241N,24.097504E,50,26.2,344
9822,T,220830,072138,60.311310N,24.097483E,49,27.5,351
9823,T,220830,072139,60.311378N,24.097475E,49,29.5,359
9824,T,220830,072140,60.311459N,24.097488E,48,30.9,8
9825,T,220830,072141,60.311543N,24.097532E,47,34.9,17
9826,T,220830,072142,60.311638N,24.097610E,46,38.9,24
9827,T,220830,072143,60.311729N,24.097708E,45,39.2,30
9828,T,220830,072144,60.311817N,24.097816E,45,39.1,34
9829,T,220830,072145,60.311901N,24.097935E,45,38.7,35
9830,T,220830,072146,60.311981N,24.098055E,44,38.6,39
9831,T,220830,072147,60.312054N,24.098185E,44,37.5,45
9832,T,220830,072148,60.312115N,24.098326E,43,37.4,47
9833,T,220830,072149,60.312183N,24.098471E,44,37.5,48
9834,T,220830,072150,60.312248N,24.098610E,44,36.4,49
9835,T,220830,072151,60.312313N,24.098751E,43,36.4,49
9836,T,220830,072152,60.312374N,24.098886E,43,36.7,45
9837,T,220830,072153,60.312447N,24.099007E,42,35.5,42
9838,T,220830,072154,60.312519N,24.099125E,42,36.6,40
9839,T,220830,072155,60.312595N,24.099232E,42,34.9,39
9840,T,220830,072156,60.312672N,24.099327E,41,34.1,37
9841,T,220830,072157,60.312740N,24.099424E,41,34.1,36
9842,T,220830,072158,60.312817N,24.099510E,40,33.2,36
9843,T,220830,072159,60.312885N,24.099594E,39,32.8,35
9844,T,220830,072200,60.312958N,24.099669E,38,31.7,34
9845,T,220830,072201,60.313030N,24.099735E,38,30.5,33
9846,T,220830,072202,60.313095N,24.099802E,38,29.3,32
9847,T,220830,072203,60.313164N,24.099863E,37,28.2,31
9848,T,220830,072204,60.313225N,24.099930E,38,27.2,30
9849,T,220830,072205,60.313290N,24.100002E,38,26.2,31
9850,T,220830,072206,60.313343N,24.100075E,37,25.0,31
9851,T,220830,072207,60.313393N,24.100157E,37,23.7,43
9852,T,220830,072208,60.313427N,24.100245E,37,23.0,50
9853,T,220830,072209,60.313465N,24.100336E,37,22.2,54
9854,T,220830,072210,60.313492N,24.100428E,37,21.2,58
9855,T,220830,072211,60.313515N,24.100525E,37,20.7,62
9856,T,220830,072212,60.313541N,24.100618E,38,20.8,63
9857,T,220830,072213,60.313560N,24.100718E,37,20.9,68
9858,T,220830,072214,60.313576N,24.100817E,37,20.9,70
9859,T,220830,072215,60.313591N,24.100918E,37,20.9,70
9860,T,220830,072216,60.313606N,24.101015E,37,21.0,71
9861,T,220830,072217,60.313625N,24.101120E,37,21.1,74
9862,T,220830,072218,60.313637N,24.101227E,37,21.6,76
9863,T,220830,072219,60.313648N,24.101336E,37,21.7,76
9864,T,220830,072220,60.313660N,24.101440E,37,21.6,76
9865,T,220830,072221,60.313671N,24.101543E,37,21.2,77
9866,T,220830,072222,60.313683N,24.101648E,37,21.8,77
9867,T,220830,072223,60.313698N,24.101755E,37,21.6,77
9868,T,220830,072224,60.313713N,24.101862E,37,21.3,77
9869,T,220830,072225,60.313721N,24.101967E,37,21.3,76
9870,T,220830,072226,60.313736N,24.102070E,37,21.4,75
9871,T,220830,072227,60.313751N,24.102173E,37,21.5,73
9872,T,220830,072228,60.313766N,24.102276E,36,21.6,72
9873,T,220830,072229,60.313786N,24.102381E,36,21.7,71
9874,T,220830,072230,60.313801N,24.102484E,36,21.8,70
9875,T,220830,072231,60.313820N,24.102591E,36,21.9,69
9876,T,220830,072232,60.313835N,24.102695E,36,21.9,69
9877,T,220830,072233,60.313854N,24.102798E,36,21.5,68
9878,T,220830,072234,60.313877N,24.102903E,36,21.5,68
9879,T,220830,072235,60.313892N,24.103004E,36,21.4,68
9880,T,220830,072236,60.313915N,24.103107E,36,21.2,67
9881,T,220830,072237,60.313934N,24.103205E,36,21.1,66
9882,T,220830,072238,60.313961N,24.103304E,36,21.1,64
9883,T,220830,072239,60.313980N,24.103401E,36,20.6,62
9884,T,220830,072240,60.314003N,24.103497E,36,20.5,61
9885,T,220830,072241,60.314034N,24.103588E,36,20.5,59
9886,T,220830,072242,60.314060N,24.103676E,36,20.1,58
9887,T,220830,072243,60.314083N,24.103762E,36,19.2,57
9888,T,220830,072244,60.314117N,24.103838E,36,18.7,52
9889,T,220830,072245,60.314144N,24.103914E,36,18.5,53
9890,T,220830,072246,60.314167N,24.103987E,36,18.1,54
9891,T,220830,072247,60.314198N,24.104059E,36,18.0,54
9892,T,220830,072248,60.314224N,24.104134E,36,17.9,52
9893,T,220830,072249,60.314247N,24.104204E,37,17.6,52
9894,T,220830,072250,60.314281N,24.104275E,37,18.0,50
9895,T,220830,072251,60.314308N,24.104340E,37,17.7,49
9896,T,220830,072252,60.314335N,24.104410E,37,17.7,49
9897,T,220830,072253,60.314362N,24.104479E,37,17.7,50
9898,T,220830,072254,60.314392N,24.104544E,37,17.5,49
9899,T,220830,072255,60.314419N,24.104610E,37,17.5,48
9900,T,220830,072256,60.314453N,24.104671E,37,17.4,47
9901,T,220830,072257,60.314484N,24.104733E,37,17.0,45
9902,T,220830,072258,60.314510N,24.104792E,38,17.0,45
9903,T,220830,072259,60.314541N,24.104855E,38,16.5,45
9904,T,220830,072300,60.314568N,24.104912E,38,16.5,45
9905,T,220830,072301,60.314602N,24.104967E,38,16.4,44
9906,T,220830,072302,60.314629N,24.105024E,38,16.1,44
9907,T,220830,072303,60.314659N,24.105078E,38,16.2,42
9908,T,220830,072304,60.314690N,24.105131E,38,16.2,41
9909,T,220830,072305,60.314720N,24.105185E,38,16.4,40
9910,T,220830,072306,60.314751N,24.105236E,38,16.3,39
9911,T,220830,072307,60.314789N,24.105276E,38,16.4,37
9912,T,220830,072308,60.314819N,24.105326E,38,16.5,37
9913,T,220830,072309,60.314854N,24.105373E,38,16.8,36
9914,T,220830,072310,60.314888N,24.105419E,38,17.2,35
9915,T,220830,072311,60.314922N,24.105469E,38,17.7,34
9916,T,220830,072312,60.314960N,24.105516E,38,18.1,34
9917,T,220830,072313,60.314999N,24.105568E,37,18.5,35
9918,T,220830,072314,60.315037N,24.105623E,37,19.1,35
9919,T,220830,072315,60.315075N,24.105679E,37,19.8,35
9920,T,220830,072316,60.315117N,24.105738E,37,20.4,35
9921,T,220830,072317,60.315159N,24.105797E,37,20.9,34
9922,T,220830,072318,60.315205N,24.105854E,37,21.0,33
9923,T,220830,072319,60.315250N,24.105904E,37,21.1,32
9924,T,220830,072320,60.315300N,24.105949E,37,20.8,31
9925,T,220830,072321,60.315350N,24.105991E,36,20.5,30
9926,T,220830,072322,60.315395N,24.106030E,36,20.1,29
9927,T,220830,072323,60.315441N,24.106064E,36,20.1,29
9928,T,220830,072324,60.315487N,24.106098E,36,20.5,27
9929,T,220830,072325,60.315540N,24.106127E,36,20.8,26
9930,T,220830,072326,60.315594N,24.106155E,36,20.8,25
9931,T,220830,072327,60.315639N,24.106182E,36,20.8,24
9932,T,220830,072328,60.315689N,24.106207E,36,20.9,23
9933,T,220830,072329,60.315739N,24.106232E,36,20.5,22
9934,T,220830,072330,60.315792N,24.106256E,36,20.1,21
9935,T,220830,072331,60.315842N,24.106279E,36,19.5,21
9936,T,220830,072332,60.315884N,24.106304E,36,19.6,20
9937,T,220830,072333,60.315933N,24.106327E,36,19.1,19
9938,T,220830,072334,60.315975N,24.106346E,36,18.6,18
9939,T,220830,072335,60.316021N,24.106363E,36,17.6,17
9940,T,220830,072336,60.316063N,24.106379E,36,17.5,16
9941,T,220830,072337,60.316105N,24.106386E,36,17.2,15
9942,T,220830,072338,60.316139N,24.106394E,36,16.1,14
9943,T,220830,072339,60.316181N,24.106396E,36,17.1,359
9944,T,220830,072340,60.316219N,24.106398E,36,17.0,359
9945,T,220830,072341,60.316265N,24.106394E,37,16.6,357
9946,T,220830,072342,60.316299N,24.106384E,37,16.0,356
9947,T,220830,072343,60.316341N,24.106373E,37,15.2,355
9948,T,220830,072344,60.316380N,24.106352E,36,15.2,341
9949,T,220830,072345,60.316414N,24.106314E,37,14.7,322
9950,T,220830,072346,60.316441N,24.106256E,37,15.2,303
9951,T,220830,072347,60.316460N,24.106186E,37,14.6,286
9952,T,220830,072348,60.316467N,24.106115E,37,13.1,270
9953,T,220830,072349,60.316467N,24.106047E,38,12.2,253
9954,T,220830,072350,60.316456N,24.105989E,38,11.7,246
9955,T,220830,072351,60.316444N,24.105934E,38,12.6,245
9956,T,220830,072352,60.316433N,24.105873E,38,14.0,240
9957,T,220830,072353,60.316414N,24.105814E,38,14.3,238
9958,T,220830,072354,60.316391N,24.105753E,38,14.3,238
9959,T,220830,072355,60.316372N,24.105690E,38,14.8,235
9960,T,220830,072356,60.316353N,24.105623E,38,15.5,234
9961,T,220830,072357,60.316334N,24.105562E,39,14.6,242
9962,T,220830,072358,60.316319N,24.105495E,39,13.7,252
9963,T,220830,072359,60.316307N,24.105431E,39,13.7,252
9964,T,220830,072400,60.316296N,24.105366E,39,13.3,250
9965,T,220830,072401,60.316284N,24.105305E,39,13.2,252
9966,T,220830,072402,60.316277N,24.105244E,40,12.8,253
9967,T,220830,072403,60.316273N,24.105181E,40,11.9,262
9968,T,220830,072404,60.316265N,24.105124E,40,10.4,261
9969,T,220830,072405,60.316261N,24.105076E,41,10.3,260
9970,T,220830,072406,60.316257N,24.105024E,42,9.9,258
9971,T,220830,072407,60.316250N,24.104973E,42,10.2,257
9972,T,220830,072408,60.316235N,24.104923E,42,10.6,256
9973,T,220830,072409,60.316223N,24.104883E,42,8.7,255
9974,T,220830,072410,60.316216N,24.104839E,42,8.4,253
9975,T,220830,072411,60.316204N,24.104801E,42,9.4,247
9976,T,220830,072412,60.316196N,24.104755E,43,8.1,246
9977,T,220830,072413,60.316189N,24.104715E,43,8.8,249
9978,T,220830,072414,60.316177N,24.104675E,44,8.5,249
9979,T,220830,072415,60.316158N,24.104637E,44,7.7,247
9980,T,220830,072416,60.316139N,24.104595E,45,10.3,245
9981,T,220830,072417,60.316120N,24.104561E,45,9.6,244
9982,T,220830,072418,60.316101N,24.104525E,46,8.6,243
9983,T,220830,072419,60.316078N,24.104485E,46,9.4,242
9984,T,220830,072420,60.316063N,24.104445E,47,8.5,241
9985,T,220830,072421,60.316048N,24.104414E,48,8.9,240
9986,T,220830,072422,60.316032N,24.104378E,48,8.2,239
9987,T,220830,072423,60.316017N,24.104349E,49,8.2,237
9988,T,220830,072424,60.315994N,24.104319E,50,9.2,236
9989,T,220830,072425,60.315979N,24.104286E,51,8.4,234
9990,T,220830,072426,60.315960N,24.104254E,51,9.0,233
9991,T,220830,072427,60.315948N,24.104212E,51,8.7,233
9992,T,220830,072428,60.315941N,24.104164E,52,8.6,244
9993,T,220830,072429,60.315929N,24.104116E,52,9.2,243
9994,T,220830,072430,60.315922N,24.104065E,52,9.3,244
9995,T,220830,072431,60.315914N,24.104013E,52,8.9,245
9996,T,220830,072432,60.315914N,24.103962E,53,8.6,248
9997,T,220830,072433,60.315914N,24.103914E,53,7.9,251
9998,T,220830,072434,60.315922N,24.103872E,54,7.3,253
9999,T,220830,072435,60.315929N,24.103830E,54,7.9,256
10000,T,220830,072436,60.315933N,24.103790E,54,7.5,259
10001,T,220830,072437,60.315937N,24.103750E,55,7.6,262
10002,T,220830,072438,60.315945N,24.103714E,55,7.5,300
10003,T,220830,072439,60.315956N,24.103678E,55,7.4,300
10004,T,220830,072440,60.315960N,24.103643E,56,7.4,297
10005,T,220830,072441,60.315968N,24.103615E,56,6.4,296
10006,T,220830,072442,60.315979N,24.103582E,56,5.7,297
10007,T,220830,072443,60.315983N,24.103548E,57,8.2,291
10008,T,220830,072444,60.315990N,24.103506E,57,9.3,290
10009,T,220830,072445,60.316002N,24.103458E,58,9.6,293
10010,T,220830,072446,60.316010N,24.103415E,58,9.7,294
10011,T,220830,072447,60.316021N,24.103374E,58,9.7,295
10012,T,220830,072448,60.316032N,24.103331E,59,8.9,297
10013,T,220830,072449,60.316040N,24.103291E,59,8.8,303
10014,T,220830,072450,60.316051N,24.103251E,60,7.9,302
10015,T,220830,072451,60.316059N,24.103216E,61,7.9,302
10016,T,220830,072452,60.316067N,24.103180E,61,7.5,301
10017,T,220830,072453,60.316074N,24.103144E,61,7.1,302
10018,T,220830,072454,60.316086N,24.103106E,61,8.2,303
10019,T,220830,072455,60.316093N,24.103069E,62,8.2,302
10020,T,220830,072456,60.316101N,24.103031E,62,8.1,302
10021,T,220830,072457,60.316113N,24.102997E,62,8.7,302
10022,T,220830,072458,60.316120N,24.102951E,62,9.1,301
10023,T,220830,072459,60.316128N,24.102907E,62,10.1,301
10024,T,220830,072500,60.316143N,24.102858E,61,10.8,300
10025,T,220830,072501,60.316158N,24.102806E,61,10.7,298
10026,T,220830,072502,60.316174N,24.102758E,61,11.1,303
10027,T,220830,072503,60.316189N,24.102713E,62,10.4,303
10028,T,220830,072504,60.316196N,24.102661E,62,10.0,302
10029,T,220830,072505,60.316208N,24.102613E,61,9.9,301
10030,T,220830,072506,60.316219N,24.102568E,62,8.9,301
10031,T,220830,072507,60.316227N,24.102526E,61,8.5,302
10032,T,220830,072508,60.316235N,24.102491E,61,7.3,300
10033,T,220830,072509,60.316235N,24.102455E,61,5.7,297
10034,T,220830,072510,60.316231N,24.102436E,62,4.6,297
10035,T,220830,072511,60.316219N,24.102430E,62,4.7,297
10036,T,220830,072512,60.316212N,24.102444E,62,6.5,132
10037,T,220830,072513,60.316200N,24.102476E,62,7.6,130
10038,T,220830,072514,60.316193N,24.102516E,63,8.4,127
10039,T,220830,072515,60.316193N,24.102558E,63,9.0,124
10040,T,220830,072516,60.316189N,24.102610E,63,9.2,122
10041,T,220830,072517,60.316185N,24.102654E,63,9.2,121
10042,T,220830,072518,60.316174N,24.102703E,63,10.9,119
10043,T,220830,072519,60.316162N,24.102760E,64,10.9,118
10044,T,220830,072520,60.316151N,24.102816E,64,10.8,116
10045,T,220830,072521,60.316135N,24.102873E,64,11.4,115
10046,T,220830,072522,60.316128N,24.102924E,65,11.0,114
10047,T,220830,072523,60.316120N,24.102974E,66,8.8,113
10048,T,220830,072524,60.316109N,24.103024E,67,10.7,113
10049,T,220830,072525,60.316093N,24.103086E,67,13.6,116
10050,T,220830,072526,60.316071N,24.103159E,67,15.0,114
10051,T,220830,072527,60.316051N,24.103243E,67,17.6,113
10052,T,220830,072528,60.316025N,24.103346E,66,20.6,113
10053,T,220830,072529,60.316002N,24.103462E,66,23.0,112
10054,T,220830,072530,60.315971N,24.103577E,65,22.1,111
10055,T,220830,072531,60.315952N,24.103678E,64,20.2,110
10056,T,220830,072532,60.315937N,24.103767E,64,17.5,109
10057,T,220830,072533,60.315929N,24.103855E,64,15.9,108
10058,T,220830,072534,60.315937N,24.103939E,63,16.3,105
10059,T,220830,072535,60.315952N,24.104025E,63,18.5,102
10060,T,220830,072536,60.315975N,24.104115E,62,19.6,99
10061,T,220830,072537,60.316010N,24.104210E,61,23.8,94
10062,T,220830,072538,60.316048N,24.104315E,60,25.4,90
10063,T,220830,072539,60.316090N,24.104414E,59,25.4,86
10064,T,220830,072540,60.316132N,24.104525E,58,27.2,52
10065,T,220830,072541,60.316170N,24.104649E,56,28.4,58
10066,T,220830,072542,60.316204N,24.104797E,56,27.2,63
10067,T,220830,072543,60.316231N,24.104927E,55,27.6,69
10068,T,220830,072544,60.316261N,24.105076E,55,29.2,72
10069,T,220830,072545,60.316288N,24.105232E,54,30.1,76
10070,T,220830,072546,60.316311N,24.105387E,53,29.7,75
10071,T,220830,072547,60.316338N,24.105516E,52,27.6,72
10072,T,220830,072548,60.316364N,24.105637E,51,25.7,62
10073,T,220830,072549,60.316391N,24.105743E,50,23.4,59
10074,T,220830,072550,60.316425N,24.105837E,49,20.3,52
10075,T,220830,072551,60.316448N,24.105919E,48,17.3,55
10076,T,220830,072552,60.316467N,24.105989E,48,14.0,56
10077,T,220830,072553,60.316479N,24.106056E,47,12.0,55
10078,T,220830,072554,60.316498N,24.106102E,47,9.9,56
10079,T,220830,072555,60.316505N,24.106142E,46,7.5,65
10080,T,220830,072556,60.316513N,24.106176E,46,6.2,71
10081,T,220830,072557,60.316521N,24.106213E,45,8.1,70
10082,T,220830,072558,60.316532N,24.106251E,45,11.3,68
10083,T,220830,072559,60.316555N,24.106277E,44,12.2,63
10084,T,220830,072600,60.316589N,24.106281E,44,13.4,350
10085,T,220830,072601,60.316620N,24.106264E,44,15.5,349
10086,T,220830,072602,60.316654N,24.106236E,44,15.5,348
10087,T,220830,072603,60.316692N,24.106211E,44,15.6,348
10088,T,220830,072604,60.316727N,24.106184E,43,15.6,347
10089,T,220830,072605,60.316761N,24.106153E,43,15.7,346
10090,T,220830,072606,60.316795N,24.106117E,43,16.6,345
10091,T,220830,072607,60.316837N,24.106085E,43,16.7,344
10092,T,220830,072608,60.316872N,24.106049E,43,16.7,343
10093,T,220830,072609,60.316914N,24.106016E,43,17.6,342
10094,T,220830,072610,60.316952N,24.105980E,42,17.5,342
10095,T,220830,072611,60.316994N,24.105944E,42,18.8,340
10096,T,220830,072612,60.317036N,24.105907E,42,18.8,339
10097,T,220830,072613,60.317081N,24.105873E,41,19.2,339
10098,T,220830,072614,60.317127N,24.105844E,41,19.2,340
10099,T,220830,072615,60.317181N,24.105816E,40,21.7,340
10100,T,220830,072616,60.317226N,24.105789E,39,22.4,341
10101,T,220830,072617,60.317280N,24.105757E,38,22.8,342
10102,T,220830,072618,60.317341N,24.105728E,38,23.7,345
10103,T,220830,072619,60.317402N,24.105703E,37,25.3,346
10104,T,220830,072620,60.317463N,24.105686E,37,25.5,347
10105,T,220830,072621,60.317528N,24.105673E,36,25.9,348
10106,T,220830,072622,60.317600N,24.105665E,36,26.2,349
10107,T,220830,072623,60.317665N,24.105665E,36,25.7,2
10108,T,220830,072624,60.317734N,24.105680E,36,25.7,5
10109,T,220830,072625,60.317795N,24.105700E,36,24.7,6
10110,T,220830,072626,60.317856N,24.105724E,37,24.2,6
10111,T,220830,072627,60.317917N,24.105757E,38,23.0,7
10112,T,220830,072628,60.317966N,24.105785E,38,21.8,8
10113,T,220830,072629,60.318020N,24.105820E,38,20.9,9
10114,T,220830,072630,60.318069N,24.105856E,38,19.6,10
10115,T,220830,072631,60.318111N,24.105892E,38,18.9,11
10116,T,220830,072632,60.318157N,24.105925E,39,17.8,12
10117,T,220830,072633,60.318195N,24.105963E,39,16.7,13
10118,T,220830,072634,60.318233N,24.105995E,39,16.7,15
10119,T,220830,072635,60.318272N,24.106035E,40,15.6,16
10120,T,220830,072636,60.318310N,24.106071E,40,15.9,17
10121,T,220830,072637,60.318344N,24.106110E,40,15.9,18
10122,T,220830,072638,60.318378N,24.106144E,40,15.5,19
10123,T,220830,072639,60.318417N,24.106186E,40,16.5,31
10124,T,220830,072640,60.318451N,24.106230E,41,16.5,30
10125,T,220830,072641,60.318489N,24.106277E,41,17.6,31
10126,T,220830,072642,60.318523N,24.106331E,41,18.0,34
10127,T,220830,072643,60.318562N,24.106384E,41,18.3,34
10128,T,220830,072644,60.318592N,24.106445E,41,18.8,36
10129,T,220830,072645,60.318626N,24.106508E,41,19.3,39
10130,T,220830,072646,60.318665N,24.106577E,41,19.7,41
10131,T,220830,072647,60.318703N,24.106640E,41,19.8,41
10132,T,220830,072648,60.318741N,24.106712E,41,20.2,42
10133,T,220830,072649,60.318775N,24.106779E,41,20.2,43
10134,T,220830,072650,60.318813N,24.106850E,41,20.1,43
10135,T,220830,072651,60.318848N,24.106918E,41,19.7,43
10136,T,220830,072652,60.318878N,24.106993E,41,19.6,45
10137,T,220830,072653,60.318916N,24.107063E,42,19.1,45
10138,T,220830,072654,60.318947N,24.107132E,42,18.7,45
10139,T,220830,072655,60.318981N,24.107201E,42,18.3,45
10140,T,220830,072656,60.319012N,24.107265E,42,17.5,46
10141,T,220830,072657,60.319038N,24.107332E,43,16.8,46
10142,T,220830,072658,60.319069N,24.107395E,43,16.3,48
10143,T,220830,072659,60.319096N,24.107456E,43,16.0,47
10144,T,220830,072700,60.319122N,24.107512E,44,15.9,47
10145,T,220830,072701,60.319153N,24.107574E,44,15.5,51
10146,T,220830,072702,60.319176N,24.107635E,44,15.6,50
10147,T,220830,072703,60.319199N,24.107697E,44,15.7,50
10148,T,220830,072704,60.319225N,24.107763E,44,16.4,53
10149,T,220830,072705,60.319248N,24.107836E,44,17.7,56
10150,T,220830,072706,60.319271N,24.107916E,44,18.4,59
10151,T,220830,072707,60.319298N,24.108000E,44,19.0,60
10152,T,220830,072708,60.319321N,24.108088E,44,19.4,62
10153,T,220830,072709,60.319340N,24.108175E,44,19.3,64
10154,T,220830,072710,60.319355N,24.108269E,44,19.2,72
10155,T,220830,072711,60.319366N,24.108360E,44,18.7,72
10156,T,220830,072712,60.319386N,24.108450E,44,18.7,70
10157,T,220830,072713,60.319401N,24.108541E,44,18.7,72
10158,T,220830,072714,60.319412N,24.108629E,44,18.2,73
10159,T,220830,072715,60.319424N,24.108715E,45,18.1,73
10160,T,220830,072716,60.319431N,24.108805E,45,17.8,73
10161,T,220830,072717,60.319447N,24.108891E,45,17.3,74
10162,T,220830,072718,60.319454N,24.108973E,45,16.5,74
10163,T,220830,072719,60.319469N,24.109049E,45,15.9,73
10164,T,220830,072720,60.319481N,24.109119E,46,14.8,73
10165,T,220830,072721,60.319489N,24.109188E,46,13.9,73
10166,T,220830,072722,60.319500N,24.109255E,47,14.3,74
10167,T,220830,072723,60.319504N,24.109316E,47,12.9,76
10168,T,220830,072724,60.319511N,24.109379E,47,12.1,76
10169,T,220830,072725,60.319519N,24.109442E,48,12.6,76
10170,T,220830,072726,60.319527N,24.109501E,48,11.8,67
10171,T,220830,072727,60.319538N,24.109558E,49,12.4,70
10172,T,220830,072728,60.319553N,24.109613E,49,12.0,69
10173,T,220830,072729,60.319553N,24.109676E,50,12.0,79
10174,T,220830,072730,60.319561N,24.109747E,50,13.8,77
10175,T,220830,072731,60.319565N,24.109814E,50,12.4,76
10176,T,220830,072732,60.319572N,24.109880E,50,14.0,74
10177,T,220830,072733,60.319584N,24.109949E,51,13.5,72
10178,T,220830,072734,60.319592N,24.110018E,51,13.6,71
10179,T,220830,072735,60.319599N,24.110100E,51,14.5,70
10180,T,220830,072736,60.319603N,24.110182E,50,15.1,71
10181,T,220830,072737,60.319611N,24.110264E,50,15.0,72
10182,T,220830,072738,60.319618N,24.110340E,50,15.0,73
10183,T,220830,072739,60.319633N,24.110415E,49,15.1,70
10184,T,220830,072740,60.319641N,24.110497E,49,16.2,72
10185,T,220830,072741,60.319649N,24.110579E,48,17.5,71
10186,T,220830,072742,60.319660N,24.110664E,48,18.1,72
10187,T,220830,072743,60.319672N,24.110760E,47,19.0,78
10188,T,220830,072744,60.319675N,24.110863E,46,20.0,79
10189,T,220830,072745,60.319687N,24.110964E,45,21.0,78
10190,T,220830,072746,60.319698N,24.111094E,45,21.9,77
10191,T,220830,072747,60.319721N,24.111206E,44,22.8,76
10192,T,220830,072748,60.319736N,24.111326E,44,23.7,76
10193,T,220830,072749,60.319752N,24.111452E,43,24.3,75
10194,T,220830,072750,60.319767N,24.111572E,43,24.6,74
10195,T,220830,072751,60.319790N,24.111689E,43,24.3,71
10196,T,220830,072752,60.319809N,24.111803E,42,24.2,70
10197,T,220830,072753,60.319836N,24.111908E,42,23.8,59
10198,T,220830,072754,60.319874N,24.112005E,42,23.8,54
10199,T,220830,072755,60.319912N,24.112101E,43,23.9,47
10200,T,220830,072756,60.319962N,24.112188E,44,24.5,45
10201,T,220830,072757,60.320007N,24.112270E,44,24.4,41
10202,T,220830,072758,60.320061N,24.112347E,44,24.4,38
10203,T,220830,072759,60.320110N,24.112419E,45,24.2,36
10204,T,220830,072800,60.320160N,24.112490E,44,23.2,36
10205,T,220830,072801,60.320210N,24.112553E,44,22.4,36
10206,T,220830,072802,60.320251N,24.112616E,44,22.5,34
10207,T,220830,072803,60.320301N,24.112671E,44,22.4,34
10208,T,220830,072804,60.320347N,24.112730E,44,22.3,33
10209,T,220830,072805,60.320396N,24.112789E,44,21.9,32
10210,T,220830,072806,60.320442N,24.112850E,45,22.0,32
10211,T,220830,072807,60.320488N,24.112906E,45,21.8,32
10212,T,220830,072808,60.320541N,24.112965E,45,21.9,32
10213,T,220830,072809,60.320583N,24.113020E,45,21.8,32
10214,T,220830,072810,60.320633N,24.113079E,45,21.9,32
10215,T,220830,072811,60.320679N,24.113138E,45,21.9,32
10216,T,220830,072812,60.320724N,24.113197E,45,21.8,32
10217,T,220830,072813,60.320770N,24.113258E,45,22.5,32
10218,T,220830,072814,60.320820N,24.113321E,45,23.1,32
10219,T,220830,072815,60.320873N,24.113384E,45,23.2,31
10220,T,220830,072816,60.320919N,24.113443E,45,23.5,31
10221,T,220830,072817,60.320972N,24.113501E,45,23.5,31
10222,T,220830,072818,60.321026N,24.113558E,45,24.0,31
10223,T,220830,072819,60.321079N,24.113619E,45,23.9,31
10224,T,220830,072820,60.321133N,24.113676E,45,23.9,31
10225,T,220830,072821,60.321178N,24.113737E,45,23.8,31
10226,T,220830,072822,60.321232N,24.113804E,45,23.7,31
10227,T,220830,072823,60.321281N,24.113867E,45,23.7,31
10228,T,220830,072824,60.321331N,24.113926E,45,23.6,31
10229,T,220830,072825,60.321381N,24.113985E,45,23.5,30
10230,T,220830,072826,60.321430N,24.114046E,45,23.5,30
10231,T,220830,072827,60.321480N,24.114107E,46,22.9,31
10232,T,220830,072828,60.321529N,24.114166E,46,22.5,31
10233,T,220830,072829,60.321575N,24.114223E,46,22.2,31
10234,T,220830,072830,60.321621N,24.114281E,46,22.2,31
10235,T,220830,072831,60.321663N,24.114336E,46,20.5,31
10236,T,220830,072832,60.321709N,24.114388E,46,20.2,30
10237,T,220830,072833,60.321747N,24.114441E,46,19.9,31
10238,T,220830,072834,60.321793N,24.114494E,46,20.0,31
10239,T,220830,072835,60.321831N,24.114548E,46,20.4,31
10240,T,220830,072836,60.321877N,24.114605E,46,20.7,31
10241,T,220830,072837,60.321918N,24.114664E,46,21.4,32
10242,T,220830,072838,60.321960N,24.114723E,46,21.3,32
10243,T,220830,072839,60.322006N,24.114784E,46,21.9,32
10244,T,220830,072840,60.322052N,24.114843E,46,22.0,32
10245,T,220830,072841,60.322102N,24.114904E,46,22.3,32
10246,T,220830,072842,60.322147N,24.114962E,46,22.8,32
10247,T,220830,072843,60.322197N,24.115025E,45,22.9,32
10248,T,220830,072844,60.322243N,24.115086E,45,22.9,32
10249,T,220830,072845,60.322296N,24.115147E,45,22.9,33
10250,T,220830,072846,60.322346N,24.115208E,45,22.8,33
10251,T,220830,072847,60.322392N,24.115273E,45,22.3,33
10252,T,220830,072848,60.322441N,24.115339E,45,22.2,33
10253,T,220830,072849,60.322487N,24.115404E,46,22.1,33
10254,T,220830,072850,60.322536N,24.115459E,46,22.1,32
10255,T,220830,072851,60.322578N,24.115519E,46,21.3,33
10256,T,220830,072852,60.322628N,24.115580E,46,21.6,33
10257,T,220830,072853,60.322674N,24.115643E,46,21.7,34
10258,T,220830,072854,60.322720N,24.115704E,46,21.7,34
10259,T,220830,072855,60.322769N,24.115765E,46,21.8,33
10260,T,220830,072856,60.322811N,24.115820E,46,21.5,32
10261,T,220830,072857,60.322861N,24.115864E,46,20.7,32
10262,T,220830,072858,60.322906N,24.115902E,46,20.1,18
10263,T,220830,072859,60.322952N,24.115929E,47,19.0,13
10264,T,220830,072900,60.323002N,24.115950E,47,19.0,13
10265,T,220830,072901,60.323048N,24.115976E,47,18.6,14
10266,T,220830,072902,60.323090N,24.115999E,47,16.8,14
10267,T,220830,072903,60.323128N,24.116016E,47,16.4,11
10268,T,220830,072904,60.323166N,24.116030E,47,14.8,10
10269,T,220830,072905,60.323200N,24.116043E,47,15.3,9
10270,T,220830,072906,60.323235N,24.116056E,48,15.6,7
10271,T,220830,072907,60.323280N,24.116060E,48,18.3,5
10272,T,220830,072908,60.323326N,24.116068E,47,18.6,5
10273,T,220830,072909,60.323372N,24.116079E,47,18.6,6
10274,T,220830,072910,60.323421N,24.116098E,47,20.2,6
10275,T,220830,072911,60.323467N,24.116129E,46,22.0,20
10276,T,220830,072912,60.323521N,24.116167E,46,24.6,21
10277,T,220830,072913,60.323578N,24.116219E,45,25.8,25
10278,T,220830,072914,60.323635N,24.116283E,44,27.2,31
10279,T,220830,072915,60.323696N,24.116360E,44,27.9,32
10280,T,220830,072916,60.323757N,24.116438E,43,27.9,31
10281,T,220830,072917,60.323814N,24.116510E,43,28.0,29
10282,T,220830,072918,60.323883N,24.116573E,43,27.4,26
10283,T,220830,072919,60.323963N,24.116631E,43,26.3,25
10284,T,220830,072920,60.324032N,24.116673E,43,24.6,24
10285,T,220830,072921,60.324093N,24.116705E,42,23.5,23
10286,T,220830,072922,60.324154N,24.116728E,42,22.8,22
10287,T,220830,072923,60.324207N,24.116747E,42,22.7,21
10288,T,220830,072924,60.324265N,24.116764E,42,23.6,19
10289,T,220830,072925,60.324329N,24.116774E,42,23.0,18
10290,T,220830,072926,60.324387N,24.116779E,42,22.9,16
10291,T,220830,072927,60.324448N,24.116791E,42,22.9,15
10292,T,220830,072928,60.324505N,24.116804E,42,22.4,14
10293,T,220830,072929,60.324558N,24.116819E,42,22.1,13
10294,T,220830,072930,60.324615N,24.116842E,42,22.1,12
10295,T,220830,072931,60.324673N,24.116861E,43,21.7,10
10296,T,220830,072932,60.324722N,24.116884E,43,21.3,10
10297,T,220830,072933,60.324776N,24.116907E,43,20.9,11
10298,T,220830,072934,60.324825N,24.116938E,43,20.6,11
10299,T,220830,072935,60.324875N,24.116972E,43,20.2,12
10300,T,220830,072936,60.324921N,24.117010E,44,19.8,13
10301,T,220830,072937,60.324963N,24.117054E,44,19.4,14
10302,T,220830,072938,60.325008N,24.117100E,44,19.4,15
10303,T,220830,072939,60.325050N,24.117144E,44,19.0,16
10304,T,220830,072940,60.325096N,24.117191E,44,19.1,17
10305,T,220830,072941,60.325142N,24.117235E,45,19.1,18
10306,T,220830,072942,60.325180N,24.117277E,45,19.0,19
10307,T,220830,072943,60.325226N,24.117319E,45,19.1,20
10308,T,220830,072944,60.325268N,24.117359E,45,19.2,21
10309,T,220830,072945,60.325314N,24.117405E,45,20.5,23
10310,T,220830,072946,60.325359N,24.117451E,45,20.0,25
10311,T,220830,072947,60.325405N,24.117498E,45,20.1,27
10312,T,220830,072948,60.325451N,24.117542E,45,21.5,26
10313,T,220830,072949,60.325500N,24.117582E,45,21.4,26
10314,T,220830,072950,60.325558N,24.117617E,45,21.5,25
10315,T,220830,072951,60.325603N,24.117657E,45,22.6,25
10316,T,220830,072952,60.325661N,24.117689E,44,22.9,24
10317,T,220830,072953,60.325714N,24.117720E,45,23.3,24
10318,T,220830,072954,60.325771N,24.117756E,44,23.7,23
10319,T,220830,072955,60.325832N,24.117790E,44,24.1,22
10320,T,220830,072956,60.325893N,24.117825E,44,24.5,21
10321,T,220830,072957,60.325951N,24.117861E,44,24.9,21
10322,T,220830,072958,60.326012N,24.117895E,44,25.7,19
10323,T,220830,072959,60.326077N,24.117941E,44,25.7,18
10324,T,220830,073000,60.326138N,24.117983E,43,26.2,17
10325,T,220830,073001,60.326199N,24.118031E,43,26.2,18
10326,T,220830,073002,60.326260N,24.118082E,43,26.1,20
10327,T,220830,073003,60.326321N,24.118135E,43,26.0,21
10328,T,220830,073004,60.326378N,24.118196E,43,25.9,23
10329,T,220830,073005,60.326431N,24.118252E,43,25.1,25
10330,T,220830,073006,60.326488N,24.118315E,43,24.3,27
10331,T,220830,073007,60.326542N,24.118378E,44,24.2,29
10332,T,220830,073008,60.326588N,24.118444E,44,23.7,31
10333,T,220830,073009,60.326641N,24.118509E,43,23.8,32
10334,T,220830,073010,60.326687N,24.118580E,43,23.9,34
10335,T,220830,073011,60.326736N,24.118652E,43,23.5,35
10336,T,220830,073012,60.326778N,24.118727E,43,23.4,37
10337,T,220830,073013,60.326824N,24.118805E,44,23.2,37
10338,T,220830,073014,60.326874N,24.118876E,44,23.1,37
10339,T,220830,073015,60.326916N,24.118948E,44,23.0,37
10340,T,220830,073016,60.326962N,24.119019E,44,22.5,38
10341,T,220830,073017,60.327003N,24.119085E,44,22.4,38
10342,T,220830,073018,60.327049N,24.119156E,44,21.9,39
10343,T,220830,073019,60.327091N,24.119219E,44,21.5,38
10344,T,220830,073020,60.327133N,24.119280E,44,21.0,38
10345,T,220830,073021,60.327168N,24.119341E,44,20.2,38
10346,T,220830,073022,60.327209N,24.119400E,45,20.2,38
10347,T,220830,073023,60.327244N,24.119455E,45,19.1,38
10348,T,220830,073024,60.327278N,24.119516E,45,19.0,39
10349,T,220830,073025,60.327320N,24.119572E,45,19.0,38
10350,T,220830,073026,60.327358N,24.119623E,45,18.7,37
10351,T,220830,073027,60.327396N,24.119678E,46,18.7,36
10352,T,220830,073028,60.327435N,24.119730E,46,18.2,35
10353,T,220830,073029,60.327473N,24.119783E,46,18.2,34
10354,T,220830,073030,60.327507N,24.119837E,46,18.1,34
10355,T,220830,073031,60.327549N,24.119886E,46,17.7,34
10356,T,220830,073032,60.327583N,24.119936E,46,17.6,34
10357,T,220830,073033,60.327621N,24.119984E,47,17.1,33
10358,T,220830,073034,60.327656N,24.120033E,47,18.3,32
10359,T,220830,073035,60.327690N,24.120083E,47,18.1,32
10360,T,220830,073036,60.327728N,24.120131E,47,16.8,32
10361,T,220830,073037,60.327763N,24.120180E,47,17.3,33
10362,T,220830,073038,60.327801N,24.120224E,47,16.4,32
10363,T,220830,073039,60.327831N,24.120270E,48,15.7,32
10364,T,220830,073040,60.327866N,24.120312E,48,14.1,33
10365,T,220830,073041,60.327892N,24.120354E,48,14.1,34
10366,T,220830,073042,60.327919N,24.120398E,49,13.3,42
10367,T,220830,073043,60.327946N,24.120441E,49,13.3,42
10368,T,220830,073044,60.327972N,24.120481E,49,13.1,41
10369,T,220830,073045,60.327995N,24.120520E,49,12.3,40
10370,T,220830,073046,60.328026N,24.120554E,49,11.8,38
10371,T,220830,073047,60.328049N,24.120592E,49,12.2,38
10372,T,220830,073048,60.328075N,24.120630E,50,12.3,37
10373,T,220830,073049,60.328098N,24.120668E,50,12.7,36
10374,T,220830,073050,60.328129N,24.120708E,50,13.9,36
10375,T,220830,073051,60.328152N,24.120754E,50,14.9,37
10376,T,220830,073052,60.328190N,24.120796E,49,15.5,38
10377,T,220830,073053,60.328220N,24.120844E,49,16.7,38
10378,T,220830,073054,60.328255N,24.120897E,49,18.1,38
10379,T,220830,073055,60.328300N,24.120955E,49,19.5,38
10380,T,220830,073056,60.328339N,24.121019E,49,21.9,39
10381,T,220830,073057,60.328384N,24.121094E,48,23.9,39
10382,T,220830,073058,60.328430N,24.121180E,48,25.9,40
10383,T,220830,073059,60.328480N,24.121271E,48,25.9,41
10384,T,220830,073100,60.328529N,24.121376E,47,27.1,42
10385,T,220830,073101,60.328568N,24.121487E,47,27.8,43
10386,T,220830,073102,60.328609N,24.121599E,46,28.2,44
10387,T,220830,073103,60.328651N,24.121714E,46,28.5,44
10388,T,220830,073104,60.328701N,24.121822E,45,28.4,45
10389,T,220830,073105,60.328739N,24.121937E,45,28.4,46
10390,T,220830,073106,60.328781N,24.122047E,45,27.7,46
10391,T,220830,073107,60.328819N,24.122164E,44,27.6,47
10392,T,220830,073108,60.328861N,24.122276E,44,27.1,48
10393,T,220830,073109,60.328899N,24.122389E,44,26.7,48
10394,T,220830,073110,60.328938N,24.122498E,44,26.8,49
10395,T,220830,073111,60.328976N,24.122608E,43,26.3,51
10396,T,220830,073112,60.329018N,24.122717E,43,25.4,52
10397,T,220830,073113,60.329048N,24.122818E,43,24.6,54
10398,T,220830,073114,60.329082N,24.122917E,43,23.7,55
10399,T,220830,073115,60.329117N,24.123016E,43,22.8,56
10400,T,220830,073116,60.329144N,24.123114E,43,22.2,56
10401,T,220830,073117,60.329178N,24.123207E,43,22.1,57
10402,T,220830,073118,60.329205N,24.123304E,43,23.0,57
10403,T,220830,073119,60.329235N,24.123404E,42,23.7,56
10404,T,220830,073120,60.329273N,24.123505E,42,24.5,55
10405,T,220830,073121,60.329308N,24.123608E,42,25.3,55
10406,T,220830,073122,60.329342N,24.123714E,42,25.3,55
10407,T,220830,073123,60.329376N,24.123823E,41,24.7,56
10408,T,220830,073124,60.329407N,24.123932E,41,24.7,57
10409,T,220830,073125,60.329445N,24.124025E,41,23.8,57
10410,T,220830,073126,60.329479N,24.124126E,41,23.4,55
10411,T,220830,073127,60.329514N,24.124220E,41,22.5,54
10412,T,220830,073128,60.329544N,24.124308E,41,22.1,53
10413,T,220830,073129,60.329575N,24.124397E,41,22.1,53
10414,T,220830,073130,60.329609N,24.124493E,41,22.2,54
10415,T,220830,073131,60.329639N,24.124586E,41,22.2,55
10416,T,220830,073132,60.329674N,24.124681E,41,22.5,55
10417,T,220830,073133,60.329700N,24.124777E,41,22.6,55
10418,T,220830,073134,60.329727N,24.124870E,41,22.6,54
10419,T,220830,073135,60.329762N,24.124966E,41,22.7,53
10420,T,220830,073136,60.329792N,24.125063E,41,23.1,54
10421,T,220830,073137,60.329823N,24.125160E,41,23.2,54
10422,T,220830,073138,60.329861N,24.125259E,41,23.9,54
10423,T,220830,073139,60.329891N,24.125360E,40,24.2,55
10424,T,220830,073140,60.329929N,24.125462E,40,24.3,54
10425,T,220830,073141,60.329964N,24.125563E,40,24.3,54
10426,T,220830,073142,60.330002N,24.125664E,40,24.3,54
10427,T,220830,073143,60.330032N,24.125765E,40,24.3,54
10428,T,220830,073144,60.330067N,24.125868E,40,24.2,54
10429,T,220830,073145,60.330101N,24.125969E,40,24.2,54
10430,T,220830,073146,60.330139N,24.126068E,40,24.2,54
10431,T,220830,073147,60.330173N,24.126167E,40,24.2,55
10432,T,220830,073148,60.330208N,24.126270E,40,24.2,55
10433,T,220830,073149,60.330238N,24.126366E,40,23.8,54
10434,T,220830,073150,60.330280N,24.126465E,40,23.7,54
10435,T,220830,073151,60.330315N,24.126554E,40,23.1,52
10436,T,220830,073152,60.330353N,24.126644E,40,22.5,51
10437,T,220830,073153,60.330387N,24.126726E,40,21.9,49
10438,T,220830,073154,60.330414N,24.126816E,40,21.2,48
10439,T,220830,073155,60.330441N,24.126900E,40,20.7,48
10440,T,220830,073156,60.330471N,24.126980E,39,20.6,47
10441,T,220830,073157,60.330505N,24.127056E,39,20.6,45
10442,T,220830,073158,60.330540N,24.127125E,39,20.5,43
10443,T,220830,073159,60.330570N,24.127190E,39,20.4,41
10444,T,220830,073200,60.330612N,24.127258E,39,20.3,41
10445,T,220830,073201,60.330647N,24.127325E,39,20.3,42
10446,T,220830,073202,60.330681N,24.127396E,39,20.2,42
10447,T,220830,073203,60.330715N,24.127466E,39,20.3,42
10448,T,220830,073204,60.330753N,24.127537E,39,20.3,43
10449,T,220830,073205,60.330788N,24.127604E,39,20.2,43
10450,T,220830,073206,60.330826N,24.127676E,39,20.2,44
10451,T,220830,073207,60.330860N,24.127748E,39,20.3,45
10452,T,220830,073208,60.330891N,24.127825E,39,20.3,46
10453,T,220830,073209,60.330929N,24.127897E,39,20.3,47
10454,T,220830,073210,60.330959N,24.127975E,39,20.3,49
10455,T,220830,073211,60.330994N,24.128056E,39,20.3,50
10456,T,220830,073212,60.331020N,24.128136E,39,20.3,52
10457,T,220830,073213,60.331047N,24.128222E,39,20.3,53
10458,T,220830,073214,60.331081N,24.128307E,39,20.2,56
10459,T,220830,073215,60.331104N,24.128393E,39,19.8,57
10460,T,220830,073216,60.331131N,24.128475E,39,19.7,57
10461,T,220830,073217,60.331161N,24.128559E,40,19.6,58
10462,T,220830,073218,60.331188N,24.128645E,40,19.5,58
10463,T,220830,073219,60.331211N,24.128723E,40,18.8,57
10464,T,220830,073220,60.331238N,24.128803E,40,18.3,56
10465,T,220830,073221,60.331264N,24.128876E,40,17.7,54
10466,T,220830,073222,60.331287N,24.128944E,40,17.3,52
10467,T,220830,073223,60.331318N,24.129011E,40,17.2,50
10468,T,220830,073224,60.331345N,24.129076E,40,17.2,48
10469,T,220830,073225,60.331371N,24.129143E,40,17.3,47
10470,T,220830,073226,60.331402N,24.129204E,40,17.2,40
10471,T,220830,073227,60.331432N,24.129259E,40,18.4,37
10472,T,220830,073228,60.331467N,24.129313E,40,18.4,31
10473,T,220830,073229,60.331505N,24.129364E,40,18.6,35
10474,T,220830,073230,60.331543N,24.129412E,40,18.6,35
10475,T,220830,073231,60.331581N,24.129461E,40,18.7,32
10476,T,220830,073232,60.331619N,24.129515E,40,19.0,33
10477,T,220830,073233,60.331661N,24.129560E,40,19.4,30
10478,T,220830,073234,60.331703N,24.129608E,40,18.9,30
10479,T,220830,073235,60.331745N,24.129658E,40,19.2,30
10480,T,220830,073236,60.331787N,24.129709E,40,19.4,30
10481,T,220830,073237,60.331829N,24.129765E,40,20.0,31
10482,T,220830,073238,60.331867N,24.129822E,40,20.0,32
10483,T,220830,073239,60.331913N,24.129875E,40,20.5,32
10484,T,220830,073240,60.331951N,24.129936E,40,20.8,33
10485,T,220830,073241,60.331997N,24.129986E,40,19.9,33
10486,T,220830,073242,60.332035N,24.130037E,39,19.2,32
10487,T,220830,073243,60.332077N,24.130087E,39,18.4,32
10488,T,220830,073244,60.332115N,24.130136E,39,18.4,31
10489,T,220830,073245,60.332157N,24.130184E,39,19.2,30
10490,T,220830,073246,60.332199N,24.130238E,39,20.3,31
10491,T,220830,073247,60.332241N,24.130299E,39,21.0,32
10492,T,220830,073248,60.332283N,24.130362E,39,21.5,34
10493,T,220830,073249,60.332329N,24.130430E,38,22.1,36
10494,T,220830,073250,60.332367N,24.130499E,38,22.5,37
10495,T,220830,073251,60.332417N,24.130568E,38,22.5,38
10496,T,220830,073252,60.332458N,24.130638E,38,22.4,38
10497,T,220830,073253,60.332504N,24.130707E,38,22.0,38
10498,T,220830,073254,60.332546N,24.130774E,38,21.9,37
10499,T,220830,073255,60.332588N,24.130838E,38,21.1,37
10500,T,220830,073256,60.332623N,24.130915E,38,20.3,37
10501,T,220830,073257,60.332664N,24.130981E,38,20.8,36
10502,T,220830,073258,60.332703N,24.131041E,38,20.2,35
10503,T,220830,073259,60.332748N,24.131096E,38,20.1,35
10504,T,220830,073300,60.332783N,24.131151E,38,18.9,35
10505,T,220830,073301,60.332825N,24.131207E,37,19.4,35
10506,T,220830,073302,60.332863N,24.131266E,37,19.3,41
10507,T,220830,073303,60.332897N,24.131336E,36,18.7,52
10508,T,220830,073304,60.332920N,24.131418E,36,18.7,66
10509,T,220830,073305,60.332935N,24.131510E,36,19.0,78
10510,T,220830,073306,60.332939N,24.131615E,36,20.4,89
10511,T,220830,073307,60.332939N,24.131723E,36,22.6,90
10512,T,220830,073308,60.332939N,24.131842E,36,23.3,92
10513,T,220830,073309,60.332939N,24.131962E,36,23.5,90
10514,T,220830,073310,60.332943N,24.132072E,36,21.8,88
10515,T,220830,073311,60.332947N,24.132187E,36,22.2,87
10516,T,220830,073312,60.332947N,24.132294E,36,21.2,89
10517,T,220830,073313,60.332947N,24.132397E,36,19.3,89
10518,T,220830,073314,60.332947N,24.132498E,36,21.0,88
10519,T,220830,073315,60.332947N,24.132608E,36,22.1,89
10520,T,220830,073316,60.332943N,24.132715E,36,20.5,90
10521,T,220830,073317,60.332943N,24.132822E,37,20.6,89
10522,T,220830,073318,60.332947N,24.132923E,37,19.8,90
10523,T,220830,073319,60.332947N,24.133024E,37,19.8,90
10524,T,220830,073320,60.332947N,24.133123E,37,19.7,89
10525,T,220830,073321,60.332947N,24.133224E,37,19.7,90
10526,T,220830,073322,60.332947N,24.133322E,38,19.3,91
10527,T,220830,073323,60.332943N,24.133417E,38,18.9,90
10528,T,220830,073324,60.332947N,24.133509E,38,17.9,90
10529,T,220830,073325,60.332947N,24.133593E,39,16.0,90
10530,T,220830,073326,60.332947N,24.133675E,39,15.9,89
10531,T,220830,073327,60.332947N,24.133757E,40,14.8,90
10532,T,220830,073328,60.332947N,24.133823E,41,12.5,90
10533,T,220830,073329,60.332947N,24.133884E,41,11.8,90
10534,T,220830,073330,60.332951N,24.133938E,42,12.3,91
10535,T,220830,073331,60.332951N,24.133991E,42,11.5,83
10536,T,220830,073332,60.332954N,24.134052E,42,11.8,85
10537,T,220830,073333,60.332958N,24.134104E,42,10.1,84
10538,T,220830,073334,60.332958N,24.134159E,42,10.6,86
10539,T,220830,073335,60.332958N,24.134216E,42,11.2,88
10540,T,220830,073336,60.332958N,24.134272E,42,11.1,87
10541,T,220830,073337,60.332958N,24.134333E,42,11.0,87
10542,T,220830,073338,60.332958N,24.134390E,43,12.2,89
10543,T,220830,073339,60.332958N,24.134455E,43,12.8,90
10544,T,220830,073340,60.332958N,24.134523E,43,13.7,91
10545,T,220830,073341,60.332958N,24.134592E,43,13.0,92
10546,T,220830,073342,60.332954N,24.134659E,44,12.5,92
10547,T,220830,073343,60.332954N,24.134724E,44,12.2,85
10548,T,220830,073344,60.332958N,24.134785E,45,12.3,85
10549,T,220830,073345,60.332958N,24.134842E,45,11.2,85
10550,T,220830,073346,60.332966N,24.134905E,45,12.0,84
10551,T,220830,073347,60.332966N,24.134966E,45,12.2,86
10552,T,220830,073348,60.332970N,24.135035E,45,13.7,86
10553,T,220830,073349,60.332970N,24.135099E,44,13.8,87
10554,T,220830,073350,60.332970N,24.135176E,44,15.5,88
10555,T,220830,073351,60.332970N,24.135256E,44,15.4,89
10556,T,220830,073352,60.332970N,24.135336E,43,16.1,88
10557,T,220830,073353,60.332973N,24.135416E,44,16.7,88
10558,T,220830,073354,60.332973N,24.135502E,44,16.6,87
10559,T,220830,073355,60.332973N,24.135595E,43,18.1,92
10560,T,220830,073356,60.332973N,24.135687E,44,18.4,89
10561,T,220830,073357,60.332973N,24.135784E,44,18.5,90
10562,T,220830,073358,60.332970N,24.135897E,44,17.9,89
10563,T,220830,073359,60.332970N,24.135998E,44,19.0,89
10564,T,220830,073400,60.332970N,24.136101E,44,20.4,89
10565,T,220830,073401,60.332970N,24.136204E,44,19.0,90
10566,T,220830,073402,60.332970N,24.136295E,44,18.9,89
10567,T,220830,073403,60.332970N,24.136389E,45,18.0,88
10568,T,220830,073404,60.332970N,24.136484E,45,18.4,87
10569,T,220830,073405,60.332970N,24.136578E,45,17.5,87
10570,T,220830,073406,60.332970N,24.136663E,45,16.2,86
10571,T,220830,073407,60.332970N,24.136744E,46,15.2,87
10572,T,220830,073408,60.332970N,24.136816E,46,15.8,88
10573,T,220830,073409,60.332970N,24.136894E,47,15.7,87
10574,T,220830,073410,60.332970N,24.136971E,47,15.6,88
10575,T,220830,073411,60.332970N,24.137051E,48,16.0,88
10576,T,220830,073412,60.332970N,24.137129E,48,15.6,88
10577,T,220830,073413,60.332973N,24.137203E,49,16.2,87
10578,T,220830,073414,60.332977N,24.137283E,49,15.5,86
10579,T,220830,073415,60.332977N,24.137360E,49,14.5,85
10580,T,220830,073416,60.332981N,24.137434E,49,14.6,80
10581,T,220830,073417,60.332993N,24.137508E,49,14.9,77
10582,T,220830,073418,60.333000N,24.137585E,49,15.8,77
10583,T,220830,073419,60.333008N,24.137665E,49,16.5,77
10584,T,220830,073420,60.333015N,24.137749E,49,16.5,78
10585,T,220830,073421,60.333023N,24.137831E,49,16.9,73
10586,T,220830,073422,60.333038N,24.137915E,48,17.2,69
10587,T,220830,073423,60.333054N,24.137997E,48,17.2,70
10588,T,220830,073424,60.333069N,24.138084E,48,17.9,71
10589,T,220830,073425,60.333080N,24.138168E,48,17.9,73
10590,T,220830,073426,60.333092N,24.138258E,48,19.0,74
10591,T,220830,073427,60.333103N,24.138353E,48,19.6,74
10592,T,220830,073428,60.333118N,24.138447E,48,19.6,73
10593,T,220830,073429,60.333134N,24.138544E,49,20.1,73
10594,T,220830,073430,60.333145N,24.138643E,49,21.1,74
10595,T,220830,073431,60.333157N,24.138741E,49,19.0,73
10596,T,220830,073432,60.333168N,24.138826E,50,19.1,73
10597,T,220830,073433,60.333183N,24.138912E,50,17.6,73
10598,T,220830,073434,60.333199N,24.138994E,51,16.9,70
10599,T,220830,073435,60.333214N,24.139063E,52,15.1,69
10600,T,220830,073436,60.333233N,24.139128E,52,15.8,54
10601,T,220830,073437,60.333252N,24.139189E,53,15.8,50
10602,T,220830,073438,60.333271N,24.139252E,54,13.9,51
10603,T,220830,073439,60.333290N,24.139311E,54,14.5,52
10604,T,220830,073440,60.333317N,24.139370E,55,14.6,50
10605,T,220830,073441,60.333340N,24.139433E,55,14.9,50
10606,T,220830,073442,60.333359N,24.139486E,55,14.5,48
10607,T,220830,073443,60.333385N,24.139545E,55,14.8,48
10608,T,220830,073444,60.333408N,24.139605E,56,15.3,47
10609,T,220830,073445,60.333431N,24.139666E,56,14.7,48
10610,T,220830,073446,60.333454N,24.139723E,56,14.7,49
10611,T,220830,073447,60.333481N,24.139780E,56,14.8,50
10612,T,220830,073448,60.333508N,24.139845E,56,14.7,52
10613,T,220830,073449,60.333530N,24.139908E,56,16.1,53
10614,T,220830,073450,60.333561N,24.139977E,56,15.3,55
10615,T,220830,073451,60.333584N,24.140039E,56,16.0,54
10616,T,220830,073452,60.333614N,24.140104E,55,16.8,54
10617,T,220830,073453,60.333645N,24.140165E,55,15.5,53
10618,T,220830,073454,60.333675N,24.140224E,55,14.5,52
10619,T,220830,073455,60.333706N,24.140280E,55,12.8,51
10620,T,220830,073456,60.333729N,24.140327E,54,11.0,50
10621,T,220830,073457,60.333744N,24.140369E,55,8.9,50
10622,T,220830,073458,60.333752N,24.140415E,55,8.4,52
10623,T,220830,073459,60.333748N,24.140478E,55,11.4,55
10624,T,220830,073500,60.333717N,24.140566E,55,17.3,61
10625,T,220830,073501,60.333675N,24.140656E,55,21.6,68
10626,T,220830,073502,60.333626N,24.140736E,55,21.5,74
10627,T,220830,073503,60.333576N,24.140804E,55,21.7,81
10628,T,220830,073504,60.333530N,24.140884E,55,22.3,129
10629,T,220830,073505,60.333504N,24.140982E,55,21.9,110
10630,T,220830,073506,60.333485N,24.141085E,54,20.5,113
10631,T,220830,073507,60.333469N,24.141190E,54,21.1,112
10632,T,220830,073508,60.333462N,24.141289E,54,18.2,110
10633,T,220830,073509,60.333454N,24.141371E,53,17.4,109
10634,T,220830,073510,60.333443N,24.141455E,53,16.9,109
10635,T,220830,073511,60.333431N,24.141525E,53,15.8,109
10636,T,220830,073512,60.333420N,24.141603E,53,15.3,109
10637,T,220830,073513,60.333408N,24.141684E,52,15.0,108
10638,T,220830,073514,60.333401N,24.141773E,52,17.5,108
10639,T,220830,073515,60.333397N,24.141876E,51,19.3,107
10640,T,220830,073516,60.333393N,24.141987E,51,19.7,105
10641,T,220830,073517,60.333389N,24.142092E,50,18.6,105
10642,T,220830,073518,60.333393N,24.142187E,51,16.4,86
10643,T,220830,073519,60.333393N,24.142281E,50,15.2,78
10644,T,220830,073520,60.333401N,24.142365E,50,15.3,72
10645,T,220830,073521,60.333412N,24.142443E,49,14.6,69
10646,T,220830,073522,60.333427N,24.142508E,49,14.2,59
10647,T,220830,073523,60.333443N,24.142572E,48,13.1,59
10648,T,220830,073524,60.333462N,24.142632E,48,12.6,59
10649,T,220830,073525,60.333477N,24.142679E,48,9.1,59
10650,T,220830,073526,60.333488N,24.142715E,48,6.9,59
10651,T,220830,073527,60.333496N,24.142738E,48,4.7,59
10652,T,220830,073528,60.333504N,24.142748E,48,0.0,59
10653,T,220830,073529,60.333508N,24.142757E,48,0.0,59
10654,T,220830,073530,60.333511N,24.142759E,48,0.0,59
10655,T,220830,073531,60.333515N,24.142771E,48,0.0,59
10656,T,220830,073532,60.333515N,24.142776E,48,0.0,59
10657,T,220830,073533,60.333519N,24.142782E,48,0.0,59
10658,T,220830,073534,60.333523N,24.142786E,48,0.0,59
10659,T,220830,073535,60.333527N,24.142794E,48,0.0,59
10660,T,220830,073536,60.333530N,24.142796E,48,0.0,59
10661,T,220830,073537,60.333534N,24.142796E,48,0.0,59
10662,T,220830,073538,60.333534N,24.142794E,48,0.0,59
10663,T,220830,073539,60.333534N,24.142790E,48,0.0,59
10664,T,220830,073540,60.333530N,24.142782E,48,0.0,59
10665,T,220830,073541,60.333530N,24.142771E,49,0.0,59
10666,T,220830,073542,60.333527N,24.142757E,49,0.0,59
10667,T,220830,073543,60.333527N,24.142748E,49,0.0,59
10668,T,220830,073544,60.333523N,24.142736E,49,0.0,59
10669,T,220830,073545,60.333519N,24.142727E,49,0.0,59
10670,T,220830,073546,60.333515N,24.142715E,49,0.0,59
10671,T,220830,073547,60.333511N,24.142704E,49,0.0,59
10672,T,220830,073548,60.333504N,24.142696E,49,0.0,59
10673,T,220830,073549,60.333500N,24.142685E,49,0.0,59
10674,T,220830,073550,60.333496N,24.142672E,49,0.0,59
10675,T,220830,073551,60.333488N,24.142658E,49,0.0,59
10676,T,220830,073552,60.333488N,24.142660E,49,0.0,59
10677,T,220830,073553,60.333488N,24.142653E,49,0.0,59
10678,T,220830,073554,60.333481N,24.142637E,50,5.1,58
10679,T,220830,073555,60.333473N,24.142612E,50,6.2,233
10680,T,220830,073556,60.333447N,24.142557E,49,6.8,241
10681,T,220830,073557,60.333431N,24.142509E,49,7.2,247
10682,T,220830,073558,60.333420N,24.142456E,49,7.2,244
10683,T,220830,073559,60.333408N,24.142414E,49,8.4,244
10684,T,220830,073600,60.333401N,24.142368E,49,9.0,246
10685,T,220830,073601,60.333393N,24.142317E,49,11.2,248
10686,T,220830,073602,60.333385N,24.142256E,48,12.5,250
10687,T,220830,073603,60.333385N,24.142183E,48,15.0,251
10688,T,220830,073604,60.333385N,24.142113E,48,14.6,254
10689,T,220830,073605,60.333393N,24.142035E,48,16.3,256
10690,T,220830,073606,60.333397N,24.141953E,49,16.3,280
10691,T,220830,073607,60.333405N,24.141876E,49,15.7,277
10692,T,220830,073608,60.333412N,24.141800E,49,14.6,278
10693,T,220830,073609,60.333427N,24.141733E,50,12.5,280
10694,T,220830,073610,60.333439N,24.141676E,50,11.6,281
10695,T,220830,073611,60.333450N,24.141623E,50,11.6,282
10696,T,220830,073612,60.333469N,24.141565E,51,10.9,283
10697,T,220830,073613,60.333481N,24.141512E,51,10.9,284
10698,T,220830,073614,60.333492N,24.141447E,51,11.6,287
10699,T,220830,073615,60.333508N,24.141386E,50,11.6,288
10700,T,220830,073616,60.333519N,24.141319E,50,12.3,287
10701,T,220830,073617,60.333527N,24.141249E,50,13.3,286
10702,T,220830,073618,60.333534N,24.141171E,50,14.7,287
10703,T,220830,073619,60.333549N,24.141088E,49,15.6,287
10704,T,220830,073620,60.333569N,24.141014E,49,15.1,302
10705,T,220830,073621,60.333588N,24.140947E,49,14.3,313
10706,T,220830,073622,60.333607N,24.140894E,49,11.7,317
10707,T,220830,073623,60.333630N,24.140844E,49,11.6,319
10708,T,220830,073624,60.333649N,24.140797E,49,12.6,325
10709,T,220830,073625,60.333672N,24.140757E,49,12.7,324
10710,T,220830,073626,60.333694N,24.140717E,49,11.5,323
10711,T,220830,073627,60.333721N,24.140657E,49,12.6,322
10712,T,220830,073628,60.333740N,24.140612E,49,9.2,310
10713,T,220830,073629,60.333752N,24.140556E,49,11.5,296
10714,T,220830,073630,60.333767N,24.140505E,49,9.3,297
10715,T,220830,073631,60.333775N,24.140463E,49,7.3,296
10716,T,220830,073632,60.333775N,24.140421E,49,5.7,293
10717,T,220830,073633,60.333767N,24.140385E,49,4.8,293
10718,T,220830,073634,60.333759N,24.140347E,49,8.7,288
10719,T,220830,073635,60.333748N,24.140308E,49,7.4,286
10720,T,220830,073636,60.333733N,24.140261E,49,10.3,281
10721,T,220830,073637,60.333721N,24.140219E,48,8.4,277
10722,T,220830,073638,60.333706N,24.140184E,48,8.4,272
10723,T,220830,073639,60.333683N,24.140148E,48,10.5,268
10724,T,220830,073640,60.333668N,24.140104E,48,11.0,264
10725,T,220830,073641,60.333649N,24.140057E,48,11.2,260
10726,T,220830,073642,60.333630N,24.140003E,48,12.9,257
10727,T,220830,073643,60.333603N,24.139952E,47,13.3,254
10728,T,220830,073644,60.333580N,24.139900E,47,12.7,251
10729,T,220830,073645,60.333561N,24.139849E,47,11.7,248
10730,T,220830,073646,60.333534N,24.139795E,47,13.6,226
10731,T,220830,073647,60.333511N,24.139736E,47,14.7,226
10732,T,220830,073648,60.333485N,24.139677E,47,14.5,229
10733,T,220830,073649,60.333462N,24.139616E,47,14.5,230
10734,T,220830,073650,60.333439N,24.139559E,47,13.3,231
10735,T,220830,073651,60.333416N,24.139500E,47,14.4,231
10736,T,220830,073652,60.333393N,24.139441E,47,14.4,231
10737,T,220830,073653,60.333366N,24.139380E,47,15.6,231
10738,T,220830,073654,60.333340N,24.139315E,47,16.2,231
10739,T,220830,073655,60.333313N,24.139242E,47,17.3,233
10740,T,220830,073656,60.333286N,24.139156E,46,19.5,234
10741,T,220830,073657,60.333263N,24.139067E,46,20.5,235
10742,T,220830,073658,60.333241N,24.138956E,46,21.3,250
10743,T,220830,073659,60.333221N,24.138844E,46,20.5,250
10744,T,220830,073700,60.333206N,24.138737E,46,20.4,251
10745,T,220830,073701,60.333191N,24.138632E,46,18.1,251
10746,T,220830,073702,60.333176N,24.138544E,46,16.3,256
10747,T,220830,073703,60.333160N,24.138458E,46,17.7,254
10748,T,220830,073704,60.333145N,24.138365E,46,18.3,254
10749,T,220830,073705,60.333130N,24.138262E,46,20.0,254
10750,T,220830,073706,60.333111N,24.138157E,45,19.4,255
10751,T,220830,073707,60.333099N,24.138056E,46,19.0,255
10752,T,220830,073708,60.333080N,24.137964E,46,18.7,254
10753,T,220830,073709,60.333065N,24.137865E,47,18.6,253
10754,T,220830,073710,60.333050N,24.137774E,47,19.0,253
10755,T,220830,073711,60.333031N,24.137680E,46,19.4,253
10756,T,220830,073712,60.333019N,24.137583E,46,20.4,254
10757,T,220830,073713,60.333008N,24.137484E,45,18.6,256
10758,T,220830,073714,60.333000N,24.137386E,45,20.1,264
10759,T,220830,073715,60.332996N,24.137281E,45,20.1,267
10760,T,220830,073716,60.332996N,24.137173E,44,21.6,269
10761,T,220830,073717,60.332993N,24.137058E,44,22.1,263
10762,T,220830,073718,60.332989N,24.136944E,43,22.6,263
10763,T,220830,073719,60.332985N,24.136827E,43,22.8,266
10764,T,220830,073720,60.332981N,24.136709E,42,22.8,269
10765,T,220830,073721,60.332981N,24.136593E,42,23.2,270
10766,T,220830,073722,60.332981N,24.136473E,42,23.9,268
10767,T,220830,073723,60.332977N,24.136349E,42,24.1,269
10768,T,220830,073724,60.332977N,24.136227E,41,24.1,270
10769,T,220830,073725,60.332973N,24.136105E,41,24.0,269
10770,T,220830,073726,60.332970N,24.135984E,41,23.2,268
10771,T,220830,073727,60.332970N,24.135870E,41,22.8,267
10772,T,220830,073728,60.332966N,24.135759E,41,20.6,268
10773,T,220830,073729,60.332958N,24.135656E,41,20.6,268
10774,T,220830,073730,60.332958N,24.135548E,41,21.1,269
10775,T,220830,073731,60.332958N,24.135439E,41,21.0,270
10776,T,220830,073732,60.332958N,24.135336E,40,20.6,270
10777,T,220830,073733,60.332958N,24.135225E,40,21.3,268
10778,T,220830,073734,60.332954N,24.135120E,40,19.8,268
10779,T,220830,073735,60.332951N,24.135019E,40,19.7,267
10780,T,220830,073736,60.332951N,24.134918E,40,20.6,268
10781,T,220830,073737,60.332951N,24.134813E,40,20.6,268
10782,T,220830,073738,60.332951N,24.134706E,40,20.5,269
10783,T,220830,073739,60.332951N,24.134600E,40,21.3,268
10784,T,220830,073740,60.332951N,24.134487E,39,21.8,269
10785,T,220830,073741,60.332951N,24.134377E,39,21.7,269
10786,T,220830,073742,60.332947N,24.134264E,39,22.2,268
10787,T,220830,073743,60.332947N,24.134151E,38,22.2,269
10788,T,220830,073744,60.332947N,24.134039E,38,22.3,269
10789,T,220830,073745,60.332947N,24.133926E,38,22.9,269
10790,T,220830,073746,60.332947N,24.133810E,37,23.1,269
10791,T,220830,073747,60.332947N,24.133686E,37,25.6,269
10792,T,220830,073748,60.332943N,24.133556E,37,26.2,267
10793,T,220830,073749,60.332939N,24.133425E,36,26.7,267
10794,T,220830,073750,60.332939N,24.133286E,36,26.7,267
10795,T,220830,073751,60.332939N,24.133154E,36,26.6,268
10796,T,220830,073752,60.332939N,24.133018E,36,26.3,269
10797,T,220830,073753,60.332939N,24.132887E,36,25.9,269
10798,T,220830,073754,60.332939N,24.132755E,36,25.8,269
10799,T,220830,073755,60.332939N,24.132626E,36,25.1,269
10800,T,220830,073756,60.332939N,24.132502E,36,24.5,269
10801,T,220830,073757,60.332939N,24.132380E,36,23.8,268
10802,T,220830,073758,60.332935N,24.132261E,36,23.0,268
10803,T,220830,073759,60.332935N,24.132151E,36,22.1,268
10804,T,220830,073800,60.332928N,24.132036E,35,21.7,269
10805,T,220830,073801,60.332928N,24.131929E,35,20.7,270
10806,T,220830,073802,60.332928N,24.131824E,35,19.7,271
10807,T,220830,073803,60.332928N,24.131723E,36,18.4,270
10808,T,220830,073804,60.332928N,24.131641E,36,16.2,275
10809,T,220830,073805,60.332939N,24.131573E,36,14.2,287
10810,T,220830,073806,60.332954N,24.131517E,36,13.5,311
10811,T,220830,073807,60.332985N,24.131483E,36,13.2,331
10812,T,220830,073808,60.333015N,24.131468E,37,13.1,356
10813,T,220830,073809,60.333050N,24.131487E,37,13.5,24
10814,T,220830,073810,60.333084N,24.131523E,37,15.9,29
10815,T,220830,073811,60.333118N,24.131563E,37,15.9,30
10816,T,220830,073812,60.333157N,24.131605E,37,16.8,31
10817,T,220830,073813,60.333191N,24.131653E,37,17.2,31
10818,T,220830,073814,60.333233N,24.131701E,37,17.5,31
10819,T,220830,073815,60.333267N,24.131752E,37,17.4,33
10820,T,220830,073816,60.333305N,24.131804E,38,17.9,33
10821,T,220830,073817,60.333340N,24.131857E,38,18.5,34
10822,T,220830,073818,60.333382N,24.131910E,37,18.6,35
10823,T,220830,073819,60.333420N,24.131966E,38,18.9,35
10824,T,220830,073820,60.333454N,24.132023E,37,18.8,35
10825,T,220830,073821,60.333492N,24.132078E,37,18.7,36
10826,T,220830,073822,60.333527N,24.132135E,37,18.7,37
10827,T,220830,073823,60.333565N,24.132196E,37,18.6,38
10828,T,220830,073824,60.333603N,24.132257E,38,18.7,39
10829,T,220830,073825,60.333641N,24.132318E,38,18.6,40
10830,T,220830,073826,60.333679N,24.132378E,38,18.5,40
10831,T,220830,073827,60.333717N,24.132441E,38,18.5,41
10832,T,220830,073828,60.333752N,24.132502E,39,18.5,41
10833,T,220830,073829,60.333790N,24.132565E,39,18.5,42
10834,T,220830,073830,60.333820N,24.132629E,39,18.8,43
10835,T,220830,073831,60.333858N,24.132696E,39,18.7,44
10836,T,220830,073832,60.333900N,24.132759E,39,18.6,44
10837,T,220830,073833,60.333931N,24.132824E,39,18.6,44
10838,T,220830,073834,60.333969N,24.132893E,39,18.3,45
10839,T,220830,073835,60.334000N,24.132959E,40,18.7,45
10840,T,220830,073836,60.334038N,24.133030E,40,18.8,46
10841,T,220830,073837,60.334072N,24.133101E,40,18.9,47
10842,T,220830,073838,60.334103N,24.133167E,40,19.0,48
10843,T,220830,073839,60.334141N,24.133236E,40,19.1,48
10844,T,220830,073840,60.334175N,24.133305E,40,19.0,48
10845,T,220830,073841,60.334209N,24.133377E,40,19.0,49
10846,T,220830,073842,60.334236N,24.133453E,41,19.0,50
10847,T,220830,073843,60.334267N,24.133528E,40,19.0,51
10848,T,220830,073844,60.334297N,24.133604E,41,19.4,50
10849,T,220830,073845,60.334328N,24.133678E,41,18.8,51
10850,T,220830,073846,60.334358N,24.133755E,41,18.9,51
10851,T,220830,073847,60.334389N,24.133829E,41,18.7,51
10852,T,220830,073848,60.334412N,24.133904E,41,18.4,52
10853,T,220830,073849,60.334442N,24.133976E,42,18.1,52
10854,T,220830,073850,60.334473N,24.134045E,42,17.5,51
10855,T,220830,073851,60.334499N,24.134111E,42,17.1,50
10856,T,220830,073852,60.334530N,24.134178E,42,16.8,50
10857,T,220830,073853,60.334553N,24.134241E,43,15.9,49
10858,T,220830,073854,60.334579N,24.134302E,43,15.3,48
10859,T,220830,073855,60.334606N,24.134357E,44,14.8,47
10860,T,220830,073856,60.334633N,24.134415E,44,14.3,47
10861,T,220830,073857,60.334656N,24.134464E,44,13.9,44
10862,T,220830,073858,60.334679N,24.134512E,44,13.8,43
10863,T,220830,073859,60.334705N,24.134558E,44,13.7,42
10864,T,220830,073900,60.334728N,24.134602E,45,13.0,42
10865,T,220830,073901,60.334755N,24.134636E,45,13.0,31
10866,T,220830,073902,60.334782N,24.134666E,45,13.0,31
10867,T,220830,073903,60.334808N,24.134701E,45,13.0,33
10868,T,220830,073904,60.334839N,24.134729E,45,13.4,29
10869,T,220830,073905,60.334873N,24.134760E,46,13.5,23
10870,T,220830,073906,60.334900N,24.134785E,46,13.5,18
10871,T,220830,073907,60.334934N,24.134804E,46,14.1,16
10872,T,220830,073908,60.334972N,24.134825E,46,14.7,12
10873,T,220830,073909,60.335007N,24.134836E,46,15.3,8
10874,T,220830,073910,60.335049N,24.134846E,46,16.0,4
10875,T,220830,073911,60.335087N,24.134848E,46,16.5,358
10876,T,220830,073912,60.335129N,24.134846E,46,17.3,356
10877,T,220830,073913,60.335175N,24.134844E,46,18.2,355
10878,T,220830,073914,60.335220N,24.134838E,46,18.9,356
10879,T,220830,073915,60.335274N,24.134834E,46,19.0,356
10880,T,220830,073916,60.335320N,24.134825E,45,19.0,355
10881,T,220830,073917,60.335365N,24.134813E,45,18.7,354
10882,T,220830,073918,60.335407N,24.134796E,45,17.9,353
10883,T,220830,073919,60.335453N,24.134773E,45,18.2,353
10884,T,220830,073920,60.335495N,24.134750E,45,17.7,351
10885,T,220830,073921,60.335541N,24.134720E,45,19.3,337
10886,T,220830,073922,60.335579N,24.134686E,45,17.5,339
10887,T,220830,073923,60.335621N,24.134659E,45,18.2,341
10888,T,220830,073924,60.335659N,24.134628E,45,17.6,336
10889,T,220830,073925,60.335701N,24.134590E,45,17.5,334
10890,T,220830,073926,60.335739N,24.134548E,45,20.5,336
10891,T,220830,073927,60.335789N,24.134506E,45,19.4,335
10892,T,220830,073928,60.335823N,24.134464E,45,17.1,327
10893,T,220830,073929,60.335869N,24.134417E,46,20.1,327
10894,T,220830,073930,60.335911N,24.134373E,46,20.4,328
10895,T,220830,073931,60.335960N,24.134327E,46,19.2,330
10896,T,220830,073932,60.335999N,24.134281E,46,19.1,330
10897,T,220830,073933,60.336048N,24.134235E,46,19.2,331
10898,T,220830,073934,60.336086N,24.134188E,46,20.3,331
10899,T,220830,073935,60.336128N,24.134136E,47,20.4,331
10900,T,220830,073936,60.336178N,24.134085E,47,20.2,331
10901,T,220830,073937,60.336220N,24.134031E,47,20.6,331
10902,T,220830,073938,60.336269N,24.133984E,47,19.4,331
10903,T,220830,073939,60.336311N,24.133938E,46,19.4,332
10904,T,220830,073940,60.336357N,24.133892E,46,19.5,332
10905,T,220830,073941,60.336399N,24.133844E,47,18.6,332
10906,T,220830,073942,60.336441N,24.133797E,47,17.2,330
10907,T,220830,073943,60.336472N,24.133745E,47,16.6,320
10908,T,220830,073944,60.336498N,24.133690E,47,16.6,317
10909,T,220830,073945,60.336533N,24.133635E,46,16.7,315
10910,T,220830,073946,60.336559N,24.133574E,46,15.0,309
10911,T,220830,073947,60.336575N,24.133507E,46,15.7,295
10912,T,220830,073948,60.336594N,24.133432E,46,17.4,294
10913,T,220830,073949,60.336609N,24.133352E,46,17.0,292
10914,T,220830,073950,60.336628N,24.133272E,46,16.2,290
10915,T,220830,073951,60.336643N,24.133194E,46,18.3,295
10916,T,220830,073952,60.336666N,24.133110E,46,18.2,299
10917,T,220830,073953,60.336689N,24.133030E,46,18.3,299
10918,T,220830,073954,60.336712N,24.132954E,45,17.2,304
10919,T,220830,073955,60.336735N,24.132879E,45,17.2,304
10920,T,220830,073956,60.336761N,24.132805E,45,18.1,301
10921,T,220830,073957,60.336784N,24.132715E,45,20.5,302
10922,T,220830,073958,60.336815N,24.132631E,45,19.5,303
10923,T,220830,073959,60.336842N,24.132547E,45,18.9,302
10924,T,220830,074000,60.336868N,24.132463E,45,18.6,301
10925,T,220830,074001,60.336891N,24.132383E,45,18.2,302
10926,T,220830,074002,60.336922N,24.132303E,45,19.1,302
10927,T,220830,074003,60.336945N,24.132223E,45,19.1,301
10928,T,220830,074004,60.336975N,24.132145E,45,20.2,300
10929,T,220830,074005,60.337002N,24.132055E,45,21.9,292
10930,T,220830,074006,60.337029N,24.131956E,45,23.5,294
10931,T,220830,074007,60.337051N,24.131845E,45,24.7,293
10932,T,220830,074008,60.337074N,24.131723E,45,26.9,286
10933,T,220830,074009,60.337093N,24.131588E,44,27.2,285
10934,T,220830,074010,60.337112N,24.131456E,43,28.3,285
10935,T,220830,074011,60.337124N,24.131321E,43,25.8,281
10936,T,220830,074012,60.337128N,24.131186E,42,26.2,271
10937,T,220830,074013,60.337124N,24.131054E,42,25.8,268
10938,T,220830,074014,60.337120N,24.130924E,41,24.9,263
10939,T,220830,074015,60.337109N,24.130804E,41,23.7,259
10940,T,220830,074016,60.337093N,24.130686E,41,22.7,257
10941,T,220830,074017,60.337078N,24.130573E,40,22.7,256
10942,T,220830,074018,60.337063N,24.130461E,40,22.7,256
10943,T,220830,074019,60.337048N,24.130346E,40,23.0,255
10944,T,220830,074020,60.337036N,24.130230E,39,23.5,256
10945,T,220830,074021,60.337021N,24.130114E,39,23.7,256
10946,T,220830,074022,60.337009N,24.129995E,39,23.6,258
10947,T,220830,074023,60.337002N,24.129875E,39,23.7,259
10948,T,220830,074024,60.336994N,24.129753E,38,24.3,260
10949,T,220830,074025,60.336994N,24.129625E,38,25.0,261
10950,T,220830,074026,60.337002N,24.129498E,38,25.7,277
10951,T,220830,074027,60.337009N,24.129366E,37,25.7,277
10952,T,220830,074028,60.337021N,24.129236E,37,25.8,283
10953,T,220830,074029,60.337036N,24.129112E,37,25.0,284
10954,T,220830,074030,60.337055N,24.128990E,37,23.9,288
10955,T,220830,074031,60.337078N,24.128878E,38,21.4,289
10956,T,220830,074032,60.337101N,24.128780E,38,20.2,292
10957,T,220830,074033,60.337120N,24.128691E,39,18.3,294
10958,T,220830,074034,60.337139N,24.128609E,39,17.5,294
10959,T,220830,074035,60.337158N,24.128534E,39,16.9,293
10960,T,220830,074036,60.337181N,24.128464E,40,16.2,295
10961,T,220830,074037,60.337200N,24.128393E,40,15.3,295
10962,T,220830,074038,60.337215N,24.128330E,40,14.1,300
10963,T,220830,074039,60.337231N,24.128275E,40,13.4,300
10964,T,220830,074040,60.337250N,24.128216E,41,12.9,299
10965,T,220830,074041,60.337265N,24.128160E,41,12.2,297
10966,T,220830,074042,60.337276N,24.128105E,41,11.4,288
10967,T,220830,074043,60.337288N,24.128056E,41,11.0,289
10968,T,220830,074044,60.337299N,24.128004E,41,9.5,286
10969,T,220830,074045,60.337311N,24.127958E,41,11.0,286
10970,T,220830,074046,60.337322N,24.127905E,42,12.3,289
10971,T,220830,074047,60.337337N,24.127840E,42,13.4,286
10972,T,220830,074048,60.337349N,24.127775E,42,14.3,286
10973,T,220830,074049,60.337357N,24.127707E,42,14.1,286
10974,T,220830,074050,60.337368N,24.127640E,43,12.8,285
10975,T,220830,074051,60.337376N,24.127575E,43,14.7,284
10976,T,220830,074052,60.337383N,24.127504E,44,13.3,284
10977,T,220830,074053,60.337391N,24.127441E,44,11.6,282
10978,T,220830,074054,60.337395N,24.127384E,45,11.5,281
10979,T,220830,074055,60.337399N,24.127333E,45,10.3,280
10980,T,220830,074056,60.337402N,24.127283E,45,8.3,280
10981,T,220830,074057,60.337406N,24.127239E,46,8.3,279
10982,T,220830,074058,60.337414N,24.127199E,46,8.3,280
10983,T,220830,074059,60.337421N,24.127159E,46,9.8,280
10984,T,220830,074100,60.337429N,24.127111E,47,9.5,282
10985,T,220830,074101,60.337433N,24.127066E,47,8.7,281
10986,T,220830,074102,60.337433N,24.127020E,48,8.8,282
10987,T,220830,074103,60.337433N,24.126976E,48,8.3,277
10988,T,220830,074104,60.337437N,24.126930E,48,8.4,278
10989,T,220830,074105,60.337437N,24.126886E,49,8.0,278
10990,T,220830,074106,60.337429N,24.126842E,49,8.0,276
10991,T,220830,074107,60.337425N,24.126801E,50,7.9,277
10992,T,220830,074108,60.337425N,24.126760E,50,6.9,277
10993,T,220830,074109,60.337429N,24.126720E,50,6.8,284
10994,T,220830,074110,60.337433N,24.126678E,50,7.7,282
10995,T,220830,074111,60.337440N,24.126644E,50,5.4,284
10996,T,220830,074112,60.337444N,24.126617E,50,6.0,284
10997,T,220830,074113,60.337440N,24.126587E,51,5.9,283
10998,T,220830,074114,60.337440N,24.126554E,51,5.1,283
10999,T,220830,074115,60.337440N,24.126522E,51,5.7,284
11000,T,220830,074116,60.337444N,24.126488E,52,6.4,285
11001,T,220830,074117,60.337448N,24.126455E,52,4.8,285
11002,T,220830,074118,60.337452N,24.126427E,52,4.9,285
11003,T,220830,074119,60.337452N,24.126400E,53,5.0,285
11004,T,220830,074120,60.337452N,24.126368E,53,5.3,285
11005,T,220830,074121,60.337452N,24.126337E,53,5.3,285
11006,T,220830,074122,60.337452N,24.126305E,54,5.7,279
11007,T,220830,074123,60.337448N,24.126276E,54,5.1,279
11008,T,220830,074124,60.337448N,24.126245E,54,5.2,278
11009,T,220830,074125,60.337448N,24.126221E,54,5.1,278
11010,T,220830,074126,60.337448N,24.126192E,55,4.6,278
11011,T,220830,074127,60.337448N,24.126163E,55,5.2,278
11012,T,220830,074128,60.337448N,24.126137E,55,5.2,277
11013,T,220830,074129,60.337444N,24.126106E,56,5.7,267
11014,T,220830,074130,60.337448N,24.126076E,56,6.7,268
11015,T,220830,074131,60.337448N,24.126043E,56,5.8,269
11016,T,220830,074132,60.337448N,24.126015E,56,5.8,270
11017,T,220830,074133,60.337448N,24.125980E,56,5.6,284
11018,T,220830,074134,60.337448N,24.125948E,56,5.7,283
11019,T,220830,074135,60.337448N,24.125916E,57,6.0,283
11020,T,220830,074136,60.337448N,24.125889E,57,6.0,282
11021,T,220830,074137,60.337452N,24.125860E,57,6.4,281
11022,T,220830,074138,60.337456N,24.125830E,57,6.3,283
11023,T,220830,074139,60.337460N,24.125797E,57,6.3,282
11024,T,220830,074140,60.337456N,24.125774E,57,6.3,280
11025,T,220830,074141,60.337460N,24.125738E,58,6.4,279
11026,T,220830,074142,60.337471N,24.125704E,58,6.9,278
11027,T,220830,074143,60.337475N,24.125668E,58,6.9,285
11028,T,220830,074144,60.337479N,24.125635E,59,6.8,284
11029,T,220830,074145,60.337479N,24.125603E,59,7.2,281
11030,T,220830,074146,60.337482N,24.125566E,59,7.2,279
11031,T,220830,074147,60.337482N,24.125530E,59,7.3,278
11032,T,220830,074148,60.337482N,24.125492E,59,7.5,278
11033,T,220830,074149,60.337486N,24.125458E,60,7.4,276
11034,T,220830,074150,60.337486N,24.125423E,60,7.5,276
11035,T,220830,074151,60.337486N,24.125389E,60,7.9,277
11036,T,220830,074152,60.337494N,24.125355E,60,8.0,278
11037,T,220830,074153,60.337502N,24.125319E,60,8.0,278
11038,T,220830,074154,60.337502N,24.125280E,60,8.0,277
11039,T,220830,074155,60.337505N,24.125242E,60,7.7,275
11040,T,220830,074156,60.337509N,24.125204E,60,7.3,286
11041,T,220830,074157,60.337513N,24.125170E,60,7.7,289
11042,T,220830,074158,60.337521N,24.125134E,60,7.8,286
11043,T,220830,074159,60.337524N,24.125095E,60,8.4,286
11044,T,220830,074200,60.337532N,24.125055E,61,8.2,292
11045,T,220830,074201,60.337540N,24.125017E,60,8.2,294
11046,T,220830,074202,60.337547N,24.124983E,60,7.3,299
11047,T,220830,074203,60.337551N,24.124950E,61,6.1,298
11048,T,220830,074204,60.337555N,24.124924E,61,5.2,298
11049,T,220830,074205,60.337559N,24.124895E,61,6.7,286
11050,T,220830,074206,60.337566N,24.124865E,62,6.6,289
11051,T,220830,074207,60.337570N,24.124832E,62,6.9,287
11052,T,220830,074208,60.337582N,24.124792E,62,7.6,288
11053,T,220830,074209,60.337585N,24.124763E,63,7.5,282
11054,T,220830,074210,60.337589N,24.124737E,63,6.5,284
11055,T,220830,074211,60.337593N,24.124704E,63,6.5,285
11056,T,220830,074212,60.337597N,24.124670E,63,7.2,288
11057,T,220830,074213,60.337605N,24.124636E,63,7.0,289
11058,T,220830,074214,60.337608N,24.124603E,64,6.1,288
11059,T,220830,074215,60.337612N,24.124575E,64,5.3,289
11060,T,220830,074216,60.337616N,24.124538E,64,6.5,280
11061,T,220830,074217,60.337620N,24.124504E,64,6.1,282
11062,T,220830,074218,60.337620N,24.124466E,64,7.0,281
11063,T,220830,074219,60.337624N,24.124430E,65,7.4,281
11064,T,220830,074220,60.337631N,24.124393E,65,6.1,281
11065,T,220830,074221,60.337639N,24.124359E,65,6.9,282
11066,T,220830,074222,60.337643N,24.124329E,65,5.3,282
11067,T,220830,074223,60.337650N,24.124294E,66,6.7,283
11068,T,220830,074224,60.337666N,24.124260E,66,5.3,283
11069,T,220830,074225,60.337669N,24.124228E,66,6.4,283
11070,T,220830,074226,60.337673N,24.124193E,66,7.2,284
11071,T,220830,074227,60.337681N,24.124159E,66,7.2,286
11072,T,220830,074228,60.337685N,24.124125E,66,6.5,287
11073,T,220830,074229,60.337688N,24.124092E,67,6.4,287
11074,T,220830,074230,60.337696N,24.124060E,67,6.4,286
11075,T,220830,074231,60.337700N,24.124025E,67,6.6,286
11076,T,220830,074232,60.337708N,24.123987E,68,8.0,286
11077,T,220830,074233,60.337711N,24.123947E,68,6.7,286
11078,T,220830,074234,60.337711N,24.123917E,68,7.3,286
11079,T,220830,074235,60.337715N,24.123882E,68,6.7,288
11080,T,220830,074236,60.337719N,24.123844E,68,6.2,276
11081,T,220830,074237,60.337723N,24.123806E,68,6.5,274
11082,T,220830,074238,60.337723N,24.123768E,69,6.5,275
11083,T,220830,074239,60.337734N,24.123730E,69,6.8,276
11084,T,220830,074240,60.337742N,24.123695E,69,6.8,278
11085,T,220830,074241,60.337746N,24.123655E,69,6.5,279
11086,T,220830,074242,60.337749N,24.123631E,69,5.5,280
11087,T,220830,074243,60.337753N,24.123596E,69,7.0,281
11088,T,220830,074244,60.337757N,24.123558E,70,6.6,283
11089,T,220830,074245,60.337761N,24.123529E,70,5.7,284
11090,T,220830,074246,60.337765N,24.123503E,70,4.6,284
11091,T,220830,074247,60.337769N,24.123472E,70,5.7,284
11092,T,220830,074248,60.337772N,24.123444E,70,4.5,284
11093,T,220830,074249,60.337776N,24.123423E,70,5.5,293
11094,T,220830,074250,60.337780N,24.123390E,70,5.9,293
11095,T,220830,074251,60.337784N,24.123356E,70,6.8,292
11096,T,220830,074252,60.337791N,24.123318E,70,5.5,291
11097,T,220830,074253,60.337799N,24.123283E,71,4.4,291
11098,T,220830,074254,60.337799N,24.123260E,71,4.4,291
11099,T,220830,074255,60.337799N,24.123238E,71,4.0,291
11100,T,220830,074256,60.337807N,24.123203E,71,6.5,291
11101,T,220830,074257,60.337807N,24.123171E,71,6.6,290
11102,T,220830,074258,60.337814N,24.123137E,71,5.9,288
11103,T,220830,074259,60.337818N,24.123104E,71,6.0,287
11104,T,220830,074300,60.337833N,24.123068E,71,6.1,282
11105,T,220830,074301,60.337837N,24.123035E,71,5.7,283
11106,T,220830,074302,60.337841N,24.122997E,71,6.8,283
11107,T,220830,074303,60.337849N,24.122965E,72,5.6,282
11108,T,220830,074304,60.337852N,24.122934E,72,6.6,283
11109,T,220830,074305,60.337860N,24.122900E,72,6.6,285
11110,T,220830,074306,60.337868N,24.122864E,72,6.6,285
11111,T,220830,074307,60.337872N,24.122831E,72,6.5,285
11112,T,220830,074308,60.337875N,24.122799E,72,6.5,286
11113,T,220830,074309,60.337879N,24.122766E,72,6.5,286
11114,T,220830,074310,60.337879N,24.122726E,72,6.4,286
11115,T,220830,074311,60.337883N,24.122690E,72,6.4,286
11116,T,220830,074312,60.337891N,24.122656E,72,5.7,286
11117,T,220830,074313,60.337894N,24.122625E,72,4.9,285
11118,T,220830,074314,60.337906N,24.122593E,72,6.4,294
11119,T,220830,074315,60.337910N,24.122564E,72,6.5,301
11120,T,220830,074316,60.337914N,24.122534E,72,6.4,300
11121,T,220830,074317,60.337914N,24.122503E,72,5.4,297
11122,T,220830,074318,60.337914N,24.122478E,72,5.0,297
11123,T,220830,074319,60.337921N,24.122444E,72,5.9,295
11124,T,220830,074320,60.337925N,24.122408E,71,7.4,294
11125,T,220830,074321,60.337929N,24.122374E,71,6.6,292
11126,T,220830,074322,60.337936N,24.122339E,71,7.1,292
11127,T,220830,074323,60.337944N,24.122305E,71,7.5,293
11128,T,220830,074324,60.337952N,24.122267E,71,6.8,293
11129,T,220830,074325,60.337959N,24.122231E,71,6.9,293
11130,T,220830,074326,60.337967N,24.122194E,71,7.5,292
11131,T,220830,074327,60.337971N,24.122156E,71,6.1,291
11132,T,220830,074328,60.337982N,24.122110E,71,8.6,291
11133,T,220830,074329,60.337994N,24.122070E,71,6.6,290
11134,T,220830,074330,60.337997N,24.122034E,72,6.9,289
11135,T,220830,074331,60.337997N,24.121996E,71,7.4,288
11136,T,220830,074332,60.338001N,24.121956E,71,7.7,287
11137,T,220830,074333,60.338005N,24.121916E,71,7.1,286
11138,T,220830,074334,60.338013N,24.121880E,71,6.7,277
11139,T,220830,074335,60.338017N,24.121838E,71,7.6,272
11140,T,220830,074336,60.338020N,24.121796E,72,7.1,276
11141,T,220830,074337,60.338024N,24.121756E,72,7.1,275
11142,T,220830,074338,60.338028N,24.121717E,72,6.2,275
11143,T,220830,074339,60.338032N,24.121683E,72,6.1,284
11144,T,220830,074340,60.338036N,24.121649E,72,6.8,283
11145,T,220830,074341,60.338047N,24.121609E,72,6.7,284
11146,T,220830,074342,60.338055N,24.121559E,72,7.0,283
11147,T,220830,074343,60.338058N,24.121527E,72,7.2,287
11148,T,220830,074344,60.338066N,24.121485E,72,8.6,284
11149,T,220830,074345,60.338074N,24.121441E,72,8.5,283
11150,T,220830,074346,60.338081N,24.121391E,72,9.7,284
11151,T,220830,074347,60.338089N,24.121336E,71,11.0,284
11152,T,220830,074348,60.338100N,24.121277E,71,12.0,284
11153,T,220830,074349,60.338112N,24.121212E,71,12.0,287
11154,T,220830,074350,60.338123N,24.121145E,71,12.3,288
11155,T,220830,074351,60.338131N,24.121088E,71,11.5,287
11156,T,220830,074352,60.338142N,24.121029E,71,11.4,286
11157,T,220830,074353,60.338154N,24.120974E,71,11.4,291
11158,T,220830,074354,60.338169N,24.120914E,72,11.6,289
11159,T,220830,074355,60.338177N,24.120857E,71,11.6,292
11160,T,220830,074356,60.338192N,24.120800E,72,11.6,290
11161,T,220830,074357,60.338203N,24.120747E,73,11.0,291
11162,T,220830,074358,60.338219N,24.120695E,73,11.8,300
11163,T,220830,074359,60.338230N,24.120644E,73,12.3,299
11164,T,220830,074400,60.338249N,24.120592E,73,12.8,300
11165,T,220830,074401,60.338264N,24.120537E,73,12.4,301
11166,T,220830,074402,60.338280N,24.120483E,73,12.9,300
11167,T,220830,074403,60.338299N,24.120424E,73,14.2,302
11168,T,220830,074404,60.338322N,24.120363E,73,15.0,304
11169,T,220830,074405,60.338345N,24.120306E,72,14.3,305
11170,T,220830,074406,60.338367N,24.120249E,72,14.2,307
11171,T,220830,074407,60.338390N,24.120197E,72,12.2,317
11172,T,220830,074408,60.338413N,24.120153E,72,12.5,314
11173,T,220830,074409,60.338432N,24.120106E,71,12.1,314
11174,T,220830,074410,60.338455N,24.120056E,71,13.0,313
11175,T,220830,074411,60.338470N,24.119995E,70,14.0,297
11176,T,220830,074412,60.338501N,24.119940E,70,13.7,298
11177,T,220830,074413,60.338539N,24.119881E,69,17.0,300
11178,T,220830,074414,60.338589N,24.119814E,69,16.2,301
11179,T,220830,074415,60.338619N,24.119755E,69,15.1,302
11180,T,220830,074416,60.338650N,24.119696E,68,15.2,303
11181,T,220830,074417,60.338688N,24.119635E,68,14.4,304
11182,T,220830,074418,60.338741N,24.119576E,69,18.4,327
11183,T,220830,074419,60.338787N,24.119516E,68,17.7,326
11184,T,220830,074420,60.338829N,24.119474E,68,17.0,329
11185,T,220830,074421,60.338871N,24.119434E,68,15.0,323
11186,T,220830,074422,60.338902N,24.119389E,67,14.3,321
11187,T,220830,074423,60.338928N,24.119345E,67,12.8,321
11188,T,220830,074424,60.338951N,24.119305E,67,12.1,314
11189,T,220830,074425,60.338978N,24.119259E,66,11.7,312
11190,T,220830,074426,60.339008N,24.119207E,66,14.3,313
11191,T,220830,074427,60.339050N,24.119150E,66,16.4,313
11192,T,220830,074428,60.339096N,24.119085E,66,16.9,311
11193,T,220830,074429,60.339127N,24.119024E,66,17.3,309
11194,T,220830,074430,60.339161N,24.118959E,65,15.7,309
11195,T,220830,074431,60.339191N,24.118904E,65,14.2,308
11196,T,220830,074432,60.339218N,24.118855E,65,10.7,306
11197,T,220830,074433,60.339245N,24.118813E,65,10.9,305
11198,T,220830,074434,60.339260N,24.118767E,65,9.9,292
11199,T,220830,074435,60.339275N,24.118731E,65,8.6,293
11200,T,220830,074436,60.339291N,24.118698E,64,6.1,294
11201,T,220830,074437,60.339298N,24.118677E,64,0.0,294
11202,T,220830,074438,60.339314N,24.118673E,64,0.0,294
11203,T,220830,074439,60.339317N,24.118675E,65,0.0,294
11204,T,220830,074440,60.339317N,24.118675E,64,0.0,294
11205,T,220830,074441,60.339317N,24.118675E,64,0.0,294
11206,T,220830,074442,60.339321N,24.118679E,64,0.0,294
11207,T,220830,074443,60.339321N,24.118679E,64,0.0,294
11208,T,220830,074444,60.339325N,24.118683E,64,0.0,294
11209,T,220830,074445,60.339325N,24.118683E,64,0.0,294
11210,T,220830,074446,60.339329N,24.118683E,64,0.0,294
11211,T,220830,074447,60.339329N,24.118683E,64,0.0,294
11212,T,220830,074448,60.339329N,24.118683E,64,0.0,294
11213,T,220830,074449,60.339329N,24.118683E,64,0.0,294
11214,T,220830,074450,60.339329N,24.118685E,64,0.0,294
11215,T,220830,074451,60.339329N,24.118685E,64,0.0,294
11216,T,220830,074452,60.339329N,24.118685E,64,0.0,294
11217,T,220830,074453,60.339329N,24.118685E,64,0.0,294
11218,T,220830,074454,60.339329N,24.118685E,64,0.0,294
11219,T,220830,074455,60.339329N,24.118685E,64,0.0,294
11220,T,220830,074456,60.339329N,24.118685E,64,0.0,294
11221,T,220830,074457,60.339329N,24.118685E,64,0.0,294
11222,T,220830,074458,60.339329N,24.118685E,64,0.0,294
11223,T,220830,074459,60.339329N,24.118685E,64,0.0,294
11224,T,220830,074500,60.339329N,24.118685E,64,0.0,294
11225,T,220830,074501,60.339329N,24.118685E,64,0.0,294
11226,T,220830,074502,60.339329N,24.118685E,64,0.0,294
11227,T,220830,074503,60.339329N,24.118685E,64,0.0,294
11228,T,220830,074504,60.339329N,24.118694E,64,4.1,294
11229,T,220830,074505,60.339329N,24.118713E,64,0.0,294
11230,T,220830,074506,60.339298N,24.118748E,64,0.0,294
11231,T,220830,074507,60.339287N,24.118776E,65,0.0,294
11232,T,220830,074508,60.339275N,24.118824E,65,5.6,127
11233,T,220830,074509,60.339256N,24.118877E,65,10.6,126
11234,T,220830,074510,60.339237N,24.118931E,65,12.4,126
11235,T,220830,074511,60.339214N,24.118980E,66,13.7,127
11236,T,220830,074512,60.339184N,24.119036E,66,14.7,127
11237,T,220830,074513,60.339157N,24.119087E,67,13.7,128
11238,T,220830,074514,60.339111N,24.119150E,67,15.4,130
11239,T,220830,074515,60.339077N,24.119205E,68,13.0,131
11240,T,220830,074516,60.339039N,24.119255E,68,15.3,133
11241,T,220830,074517,60.339001N,24.119308E,69,17.0,135
11242,T,220830,074518,60.338959N,24.119356E,69,16.4,137
11243,T,220830,074519,60.338921N,24.119410E,69,17.3,146
11244,T,220830,074520,60.338879N,24.119469E,69,15.3,145
11245,T,220830,074521,60.338844N,24.119522E,70,16.2,144
11246,T,220830,074522,60.338802N,24.119577E,70,17.0,143
11247,T,220830,074523,60.338764N,24.119629E,71,17.0,146
11248,T,220830,074524,60.338730N,24.119677E,71,16.1,145
11249,T,220830,074525,60.338688N,24.119724E,72,16.2,144
11250,T,220830,074526,60.338657N,24.119780E,72,15.4,144
11251,T,220830,074527,60.338619N,24.119843E,73,15.5,141
11252,T,220830,074528,60.338589N,24.119890E,73,13.6,139
11253,T,220830,074529,60.338558N,24.119942E,74,13.5,139
11254,T,220830,074530,60.338528N,24.119986E,74,13.8,139
11255,T,220830,074531,60.338501N,24.120035E,74,13.7,140
11256,T,220830,074532,60.338470N,24.120098E,75,13.3,133
11257,T,220830,074533,60.338444N,24.120157E,75,12.8,126
11258,T,220830,074534,60.338421N,24.120213E,75,13.8,127
11259,T,220830,074535,60.338387N,24.120266E,75,14.3,130
11260,T,220830,074536,60.338356N,24.120331E,75,15.0,128
11261,T,220830,074537,60.338329N,24.120396E,76,14.3,119
11262,T,220830,074538,60.338306N,24.120466E,76,13.9,117
11263,T,220830,074539,60.338287N,24.120531E,76,13.3,117
11264,T,220830,074540,60.338272N,24.120598E,76,13.4,112
11265,T,220830,074541,60.338253N,24.120667E,77,13.5,115
11266,T,220830,074542,60.338238N,24.120735E,77,14.1,113
11267,T,220830,074543,60.338219N,24.120810E,77,15.4,113
11268,T,220830,074544,60.338200N,24.120895E,77,17.0,112
11269,T,220830,074545,60.338184N,24.120975E,77,15.8,106
11270,T,220830,074546,60.338169N,24.121061E,77,16.8,108
11271,T,220830,074547,60.338158N,24.121141E,77,16.0,106
11272,T,220830,074548,60.338146N,24.121216E,77,14.8,106
11273,T,220830,074549,60.338135N,24.121288E,77,13.2,105
11274,T,220830,074550,60.338123N,24.121349E,77,10.1,106
11275,T,220830,074551,60.338116N,24.121395E,78,7.1,107
11276,T,220830,074552,60.338108N,24.121431E,78,5.4,109
11277,T,220830,074553,60.338097N,24.121450E,77,0.0,109
11278,T,220830,074554,60.338093N,24.121466E,77,0.0,109
11279,T,220830,074555,60.338093N,24.121477E,78,0.0,109
11280,T,220830,074556,60.338089N,24.121485E,77,0.0,109
11281,T,220830,074557,60.338093N,24.121485E,77,0.0,109
11282,T,220830,074558,60.338093N,24.121485E,77,0.0,109
11283,T,220830,074559,60.338093N,24.121485E,78,0.0,109
11284,T,220830,074600,60.338093N,24.121485E,78,0.0,109
11285,T,220830,074601,60.338093N,24.121485E,78,0.0,109
11286,T,220830,074602,60.338093N,24.121485E,78,0.0,109
11287,T,220830,074603,60.338093N,24.121485E,78,0.0,109
11288,T,220830,074604,60.338093N,24.121485E,78,0.0,109
11289,T,220830,074605,60.338093N,24.121485E,78,0.0,109
11290,T,220830,074606,60.338093N,24.121485E,78,0.0,109
11291,T,220830,074607,60.338093N,24.121485E,78,0.0,109
11292,T,220830,074608,60.338093N,24.121485E,78,0.0,109
11293,T,220830,074609,60.338093N,24.121485E,78,0.0,109
11294,T,220830,074610,60.338093N,24.121485E,78,0.0,109
11295,T,220830,074611,60.338093N,24.121485E,78,0.0,109
11296,T,220830,074612,60.338093N,24.121485E,78,0.0,109
11297,T,220830,074613,60.338093N,24.121485E,77,0.0,109
11298,T,220830,074614,60.338093N,24.121485E,77,0.0,109
11299,T,220830,074615,60.338093N,24.121485E,77,0.0,109
11300,T,220830,074616,60.338093N,24.121485E,77,0.0,109
11301,T,220830,074617,60.338093N,24.121485E,77,0.0,109
11302,T,220830,074618,60.338093N,24.121485E,77,0.0,109
11303,T,220830,074619,60.338093N,24.121485E,77,0.0,109
11304,T,220830,074620,60.338093N,24.121485E,77,0.0,109
11305,T,220830,074621,60.338093N,24.121485E,77,0.0,109
11306,T,220830,074622,60.338093N,24.121485E,77,0.0,109
11307,T,220830,074623,60.338093N,24.121485E,77,0.0,109
11308,T,220830,074624,60.338093N,24.121485E,77,0.0,109
11309,T,220830,074625,60.338093N,24.121485E,77,0.0,109
11310,T,220830,074626,60.338093N,24.121485E,77,0.0,109
11311,T,220830,074627,60.338093N,24.121485E,77,0.0,109
11312,T,220830,074628,60.338093N,24.121485E,77,0.0,109
11313,T,220830,074629,60.338093N,24.121485E,77,0.0,109
11314,T,220830,074630,60.338093N,24.121485E,77,0.0,109
11315,T,220830,074631,60.338093N,24.121485E,77,0.0,109
11316,T,220830,074632,60.338093N,24.121485E,77,0.0,109
11317,T,220830,074633,60.338093N,24.121485E,77,0.0,109
11318,T,220830,074634,60.338093N,24.121485E,77,0.0,109
11319,T,220830,074635,60.338093N,24.121485E,77,0.0,109
11320,T,220830,074636,60.338093N,24.121485E,77,0.0,109
11321,T,220830,074637,60.338093N,24.121485E,77,0.0,109
11322,T,220830,074638,60.338089N,24.121485E,77,0.0,109
11323,T,220830,074639,60.338089N,24.121485E,77,0.0,109
11324,T,220830,074640,60.338089N,24.121485E,77,0.0,109
11325,T,220830,074641,60.338089N,24.121485E,77,0.0,109
11326,T,220830,074642,60.338089N,24.121485E,77,0.0,109
11327,T,220830,074643,60.338089N,24.121485E,77,0.0,109
11328,T,220830,074644,60.338089N,24.121485E,77,0.0,109
11329,T,220830,074645,60.338089N,24.121485E,77,0.0,109
11330,T,220830,074646,60.338089N,24.121485E,77,0.0,109
11331,T,220830,074647,60.338089N,24.121485E,77,0.0,109
11332,T,220830,074648,60.338089N,24.121485E,77,0.0,109
11333,T,220830,074649,60.338089N,24.121485E,77,0.0,109
11334,T,220830,074650,60.338089N,24.121485E,77,0.0,109
11335,T,220830,074651,60.338089N,24.121485E,77,0.0,109
11336,T,220830,074652,60.338089N,24.121485E,77,0.0,109
11337,T,220830,074653,60.338089N,24.121485E,77,0.0,109
11338,T,220830,074654,60.338089N,24.121485E,77,0.0,109
11339,T,220830,074655,60.338089N,24.121485E,77,0.0,109
11340,T,220830,074656,60.338089N,24.121485E,77,0.0,109
11341,T,220830,074657,60.338089N,24.121485E,77,0.0,109
11342,T,220830,074658,60.338089N,24.121485E,77,0.0,109
11343,T,220830,074659,60.338089N,24.121485E,77,0.0,109
11344,T,220830,074700,60.338089N,24.121485E,77,0.0,109
11345,T,220830,074701,60.338089N,24.121485E,77,0.0,109
11346,T,220830,074702,60.338089N,24.121485E,77,0.0,109
11347,T,220830,074703,60.338089N,24.121485E,77,0.0,109
11348,T,220830,074704,60.338089N,24.121485E,77,0.0,109
11349,T,220830,074705,60.338089N,24.121485E,77,0.0,109
11350,T,220830,074706,60.338089N,24.121485E,77,0.0,109
11351,T,220830,074707,60.338089N,24.121485E,77,0.0,109
11352,T,220830,074708,60.338089N,24.121485E,77,0.0,109
11353,T,220830,074709,60.338089N,24.121485E,77,0.0,109
11354,T,220830,074710,60.338089N,24.121485E,77,0.0,109
11355,T,220830,074711,60.338089N,24.121485E,77,0.0,109
11356,T,220830,074712,60.338089N,24.121485E,77,0.0,109
11357,T,220830,074713,60.338089N,24.121485E,78,0.0,109
11358,T,220830,074714,60.338089N,24.121485E,78,0.0,109
11359,T,220830,074715,60.338089N,24.121487E,77,0.0,109
11360,T,220830,074716,60.338085N,24.121485E,78,0.0,109
11361,T,220830,074717,60.338085N,24.121485E,77,0.0,109
11362,T,220830,074718,60.338081N,24.121487E,77,0.0,109
11363,T,220830,074719,60.338081N,24.121487E,78,0.0,109
11364,T,220830,074720,60.338081N,24.121489E,78,0.0,109
11365,T,220830,074721,60.338078N,24.121490E,77,0.0,109
11366,T,220830,074722,60.338078N,24.121492E,77,0.0,109
11367,T,220830,074723,60.338074N,24.121494E,78,0.0,109
11368,T,220830,074724,60.338074N,24.121496E,78,0.0,109
11369,T,220830,074725,60.338074N,24.121496E,78,0.0,109
11370,T,220830,074726,60.338074N,24.121496E,78,0.0,109
11371,T,220830,074727,60.338074N,24.121498E,78,0.0,109
11372,T,220830,074728,60.338074N,24.121498E,78,0.0,109
11373,T,220830,074729,60.338066N,24.121500E,78,0.0,109
11374,T,220830,074730,60.338066N,24.121500E,79,0.0,109
11375,T,220830,074731,60.338066N,24.121502E,79,0.0,109
11376,T,220830,074732,60.338066N,24.121504E,79,0.0,109
11377,T,220830,074733,60.338066N,24.121504E,79,0.0,109
11378,T,220830,074734,60.338066N,24.121504E,79,0.0,109
11379,T,220830,074735,60.338066N,24.121506E,79,0.0,109
11380,T,220830,074736,60.338066N,24.121506E,79,0.0,109
11381,T,220830,074737,60.338066N,24.121506E,79,0.0,109
11382,T,220830,074738,60.338066N,24.121508E,79,0.0,109
11383,T,220830,074739,60.338066N,24.121511E,79,0.0,109
11384,T,220830,074740,60.338062N,24.121511E,79,0.0,109
11385,T,220830,074741,60.338062N,24.121513E,79,0.0,109
11386,T,220830,074742,60.338062N,24.121515E,79,0.0,109
11387,T,220830,074743,60.338062N,24.121515E,79,0.0,109
11388,T,220830,074744,60.338062N,24.121515E,79,0.0,109
11389,T,220830,074745,60.338062N,24.121517E,80,0.0,109
11390,T,220830,074746,60.338058N,24.121517E,80,0.0,109
11391,T,220830,074747,60.338058N,24.121523E,80,0.0,109
11392,T,220830,074748,60.338058N,24.121523E,80,0.0,109
11393,T,220830,074749,60.338058N,24.121525E,80,0.0,109
11394,T,220830,074750,60.338058N,24.121525E,80,0.0,109
11395,T,220830,074751,60.338058N,24.121525E,80,0.0,109
11396,T,220830,074752,60.338058N,24.121525E,80,0.0,109
11397,T,220830,074753,60.338058N,24.121527E,80,0.0,109
11398,T,220830,074754,60.338058N,24.121527E,80,0.0,109
11399,T,220830,074755,60.338058N,24.121527E,80,0.0,109
11400,T,220830,074756,60.338058N,24.121527E,80,0.0,109
11401,T,220830,074757,60.338058N,24.121527E,80,0.0,109
11402,T,220830,074758,60.338058N,24.121527E,80,0.0,109
11403,T,220830,074759,60.338058N,24.121529E,80,0.0,109
11404,T,220830,074800,60.338058N,24.121532E,80,0.0,109
11405,T,220830,074801,60.338058N,24.121534E,80,0.0,109
11406,T,220830,074802,60.338058N,24.121534E,80,0.0,109
11407,T,220830,074803,60.338058N,24.121536E,80,0.0,109
11408,T,220830,074804,60.338055N,24.121536E,80,0.0,109
11409,T,220830,074805,60.338055N,24.121536E,80,0.0,109
11410,T,220830,074806,60.338055N,24.121536E,80,0.0,109
11411,T,220830,074807,60.338055N,24.121536E,80,0.0,109
11412,T,220830,074808,60.338055N,24.121536E,80,0.0,109
11413,T,220830,074809,60.338055N,24.121536E,80,0.0,109
11414,T,220830,074810,60.338051N,24.121538E,80,0.0,109
11415,T,220830,074811,60.338051N,24.121538E,80,0.0,109
11416,T,220830,074812,60.338051N,24.121538E,80,0.0,109
11417,T,220830,074813,60.338051N,24.121538E,80,0.0,109
11418,T,220830,074814,60.338051N,24.121538E,80,0.0,109
11419,T,220830,074815,60.338047N,24.121538E,80,0.0,109
11420,T,220830,074816,60.338047N,24.121538E,80,0.0,109
11421,T,220830,074817,60.338047N,24.121536E,79,0.0,109
11422,T,220830,074818,60.338047N,24.121536E,79,0.0,109
11423,T,220830,074819,60.338047N,24.121536E,79,0.0,109
11424,T,220830,074820,60.338047N,24.121536E,79,0.0,109
11425,T,220830,074821,60.338047N,24.121536E,79,0.0,109
11426,T,220830,074822,60.338047N,24.121536E,79,0.0,109
11427,T,220830,074823,60.338047N,24.121536E,79,0.0,109
11428,T,220830,074824,60.338043N,24.121536E,79,0.0,109
11429,T,220830,074825,60.338043N,24.121534E,80,0.0,109
11430,T,220830,074826,60.338043N,24.121534E,80,0.0,109
11431,T,220830,074827,60.338043N,24.121534E,80,0.0,109
11432,T,220830,074828,60.338043N,24.121534E,80,0.0,109
11433,T,220830,074829,60.338043N,24.121534E,80,0.0,109
11434,T,220830,074830,60.338043N,24.121534E,80,0.0,109
11435,T,220830,074831,60.338039N,24.121534E,80,0.0,109
11436,T,220830,074832,60.338039N,24.121534E,80,0.0,109
11437,T,220830,074833,60.338039N,24.121534E,80,0.0,109
11438,T,220830,074834,60.338039N,24.121532E,80,0.0,109
11439,T,220830,074835,60.338039N,24.121532E,80,0.0,109
11440,T,220830,074836,60.338039N,24.121531E,80,0.0,109
11441,T,220830,074837,60.338039N,24.121531E,80,0.0,109
11442,T,220830,074838,60.338039N,24.121531E,80,0.0,109
11443,T,220830,074839,60.338039N,24.121531E,79,0.0,109
11444,T,220830,074840,60.338039N,24.121531E,79,0.0,109
11445,T,220830,074841,60.338039N,24.121531E,79,0.0,109
11446,T,220830,074842,60.338039N,24.121531E,79,0.0,109
11447,T,220830,074843,60.338039N,24.121531E,79,0.0,109
11448,T,220830,074844,60.338039N,24.121531E,79,0.0,109
11449,T,220830,074845,60.338039N,24.121531E,79,0.0,109
11450,T,220830,074846,60.338039N,24.121529E,79,0.0,109
11451,T,220830,074847,60.338039N,24.121529E,79,0.0,109
11452,T,220830,074848,60.338039N,24.121529E,79,0.0,109
11453,T,220830,074849,60.338039N,24.121529E,79,0.0,109
11454,T,220830,074850,60.338039N,24.121531E,79,0.0,109
11455,T,220830,074851,60.338039N,24.121531E,79,0.0,109
11456,T,220830,074852,60.338039N,24.121532E,79,0.0,109
11457,T,220830,074853,60.338039N,24.121532E,79,0.0,109
11458,T,220830,074854,60.338039N,24.121532E,79,0.0,109
11459,T,220830,074855,60.338039N,24.121532E,79,0.0,109
11460,T,220830,074856,60.338039N,24.121532E,79,0.0,109
11461,T,220830,074857,60.338039N,24.121532E,79,0.0,109
11462,T,220830,074858,60.338039N,24.121532E,79,0.0,109
11463,T,220830,074859,60.338039N,24.121532E,79,0.0,109
11464,T,220830,074900,60.338039N,24.121532E,79,0.0,109
11465,T,220830,074901,60.338039N,24.121532E,79,0.0,109
11466,T,220830,074902,60.338039N,24.121532E,79,0.0,109
11467,T,220830,074903,60.338039N,24.121532E,79,0.0,109
11468,T,220830,074904,60.338039N,24.121532E,79,0.0,109
11469,T,220830,074905,60.338039N,24.121531E,79,0.0,109
11470,T,220830,074906,60.338039N,24.121531E,79,0.0,109
11471,T,220830,074907,60.338039N,24.121531E,79,0.0,109
11472,T,220830,074908,60.338039N,24.121531E,79,0.0,109
11473,T,220830,074909,60.338039N,24.121531E,79,0.0,109
11474,T,220830,074910,60.338039N,24.121531E,79,0.0,109
11475,T,220830,074911,60.338039N,24.121531E,79,0.0,109
11476,T,220830,074912,60.338039N,24.121531E,79,0.0,109
11477,T,220830,074913,60.338039N,24.121531E,79,0.0,109
11478,T,220830,074914,60.338039N,24.121531E,79,0.0,109
11479,T,220830,074915,60.338039N,24.121531E,79,0.0,109
11480,T,220830,074916,60.338039N,24.121531E,79,0.0,109
11481,T,220830,074917,60.338039N,24.121531E,79,0.0,109
11482,T,220830,074918,60.338039N,24.121531E,79,0.0,109
11483,T,220830,074919,60.338039N,24.121531E,79,0.0,109
11484,T,220830,074920,60.338039N,24.121531E,79,0.0,109
11485,T,220830,074921,60.338039N,24.121532E,79,0.0,109
11486,T,220830,074922,60.338039N,24.121532E,79,0.0,109
11487,T,220830,074923,60.338039N,24.121532E,79,0.0,109
11488,T,220830,074924,60.338039N,24.121532E,79,0.0,109
11489,T,220830,074925,60.338039N,24.121532E,79,0.0,109
11490,T,220830,074926,60.338039N,24.121532E,79,0.0,109
11491,T,220830,074927,60.338039N,24.121532E,79,0.0,109
11492,T,220830,074928,60.338039N,24.121532E,79,0.0,109
11493,T,220830,074929,60.338039N,24.121532E,79,0.0,109
11494,T,220830,074930,60.338039N,24.121532E,79,0.0,109
11495,T,220830,074931,60.338039N,24.121532E,79,0.0,109
11496,T,220830,074932,60.338039N,24.121532E,79,0.0,109
11497,T,220830,074933,60.338039N,24.121532E,79,0.0,109
11498,T,220830,074934,60.338039N,24.121532E,79,0.0,109
11499,T,220830,074935,60.338043N,24.121531E,79,0.0,109
11500,T,220830,074936,60.338043N,24.121532E,79,0.0,109
11501,T,220830,074937,60.338047N,24.121532E,79,0.0,109
11502,T,220830,074938,60.338047N,24.121534E,79,0.0,109
11503,T,220830,074939,60.338047N,24.121534E,79,0.0,109
11504,T,220830,074940,60.338051N,24.121534E,79,0.0,109
11505,T,220830,074941,60.338051N,24.121536E,79,0.0,109
11506,T,220830,074942,60.338051N,24.121536E,79,0.0,109
11507,T,220830,074943,60.338055N,24.121536E,79,0.0,109
11508,T,220830,074944,60.338055N,24.121536E,79,0.0,109
11509,T,220830,074945,60.338055N,24.121534E,79,0.0,109
11510,T,220830,074946,60.338055N,24.121534E,79,0.0,109
11511,T,220830,074947,60.338058N,24.121534E,79,0.0,109
11512,T,220830,074948,60.338058N,24.121534E,80,0.0,109
11513,T,220830,074949,60.338058N,24.121534E,80,0.0,109
11514,T,220830,074950,60.338058N,24.121534E,80,0.0,109
11515,T,220830,074951,60.338058N,24.121534E,80,0.0,109
11516,T,220830,074952,60.338058N,24.121532E,80,0.0,109
11517,T,220830,074953,60.338058N,24.121531E,80,0.0,109
11518,T,220830,074954,60.338058N,24.121531E,80,0.0,109
11519,T,220830,074955,60.338062N,24.121529E,80,0.0,109
11520,T,220830,074956,60.338062N,24.121525E,80,0.0,109
11521,T,220830,074957,60.338062N,24.121525E,80,0.0,109
11522,T,220830,074958,60.338062N,24.121525E,80,0.0,109
11523,T,220830,074959,60.338066N,24.121523E,80,0.0,109
11524,T,220830,075000,60.338066N,24.121519E,80,0.0,109
11525,T,220830,075001,60.338066N,24.121517E,80,0.0,109
11526,T,220830,075002,60.338066N,24.121515E,80,0.0,109
11527,T,220830,075003,60.338066N,24.121513E,80,0.0,109
11528,T,220830,075004,60.338074N,24.121511E,80,0.0,109
11529,T,220830,075005,60.338074N,24.121510E,80,0.0,109
11530,T,220830,075006,60.338074N,24.121508E,80,0.0,109
11531,T,220830,075007,60.338074N,24.121506E,80,0.0,109
11532,T,220830,075008,60.338074N,24.121504E,80,0.0,109
11533,T,220830,075009,60.338074N,24.121504E,80,0.0,109
11534,T,220830,075010,60.338074N,24.121504E,80,0.0,109
11535,T,220830,075011,60.338074N,24.121504E,80,0.0,109
11536,T,220830,075012,60.338074N,24.121504E,80,0.0,109
11537,T,220830,075013,60.338074N,24.121504E,80,0.0,109
11538,T,220830,075014,60.338074N,24.121504E,80,0.0,109
11539,T,220830,075015,60.338074N,24.121504E,80,0.0,109
11540,T,220830,075016,60.338074N,24.121504E,80,0.0,109
11541,T,220830,075017,60.338074N,24.121504E,80,0.0,109
11542,T,220830,075018,60.338074N,24.121504E,80,0.0,109
11543,T,220830,075019,60.338074N,24.121504E,80,0.0,109
11544,T,220830,075020,60.338074N,24.121504E,80,0.0,109
11545,T,220830,075021,60.338074N,24.121504E,80,0.0,109
11546,T,220830,075022,60.338074N,24.121504E,80,0.0,109
11547,T,220830,075023,60.338074N,24.121504E,80,0.0,109
11548,T,220830,075024,60.338074N,24.121504E,80,0.0,109
11549,T,220830,075025,60.338074N,24.121504E,80,0.0,109
11550,T,220830,075026,60.338074N,24.121504E,80,0.0,109
11551,T,220830,075027,60.338074N,24.121502E,80,0.0,109
11552,T,220830,075028,60.338074N,24.121502E,80,0.0,109
11553,T,220830,075029,60.338074N,24.121500E,80,0.0,109
11554,T,220830,075030,60.338074N,24.121498E,80,0.0,109
11555,T,220830,075031,60.338074N,24.121496E,80,0.0,109
11556,T,220830,075032,60.338074N,24.121496E,80,0.0,109
11557,T,220830,075033,60.338074N,24.121496E,80,0.0,109
11558,T,220830,075034,60.338074N,24.121494E,80,0.0,109
11559,T,220830,075035,60.338074N,24.121494E,79,0.0,109
11560,T,220830,075036,60.338074N,24.121494E,79,0.0,109
11561,T,220830,075037,60.338074N,24.121494E,79,0.0,109
11562,T,220830,075038,60.338074N,24.121494E,79,0.0,109
11563,T,220830,075039,60.338074N,24.121492E,79,0.0,109
11564,T,220830,075040,60.338074N,24.121492E,79,0.0,109
11565,T,220830,075041,60.338074N,24.121492E,79,0.0,109
11566,T,220830,075042,60.338074N,24.121494E,79,0.0,109
11567,T,220830,075043,60.338074N,24.121494E,79,0.0,109
11568,T,220830,075044,60.338074N,24.121492E,79,0.0,109
11569,T,220830,075045,60.338074N,24.121492E,79,0.0,109
11570,T,220830,075046,60.338074N,24.121490E,79,0.0,109
11571,T,220830,075047,60.338074N,24.121490E,79,0.0,109
11572,T,220830,075048,60.338074N,24.121489E,79,0.0,109
11573,T,220830,075049,60.338074N,24.121489E,79,0.0,109
11574,T,220830,075050,60.338074N,24.121487E,79,0.0,109
11575,T,220830,075051,60.338074N,24.121485E,79,0.0,109
11576,T,220830,075052,60.338074N,24.121485E,79,0.0,109
11577,T,220830,075053,60.338074N,24.121485E,79,0.0,109
11578,T,220830,075054,60.338074N,24.121483E,79,0.0,109
11579,T,220830,075055,60.338074N,24.121483E,79,0.0,109
11580,T,220830,075056,60.338074N,24.121483E,79,0.0,109
11581,T,220830,075057,60.338074N,24.121483E,79,0.0,109
11582,T,220830,075058,60.338074N,24.121483E,79,0.0,109
11583,T,220830,075059,60.338074N,24.121481E,79,0.0,109
11584,T,220830,075100,60.338074N,24.121481E,79,0.0,109
11585,T,220830,075101,60.338074N,24.121481E,79,0.0,109
11586,T,220830,075102,60.338074N,24.121483E,79,0.0,109
11587,T,220830,075103,60.338074N,24.121490E,79,0.0,109
11588,T,220830,075104,60.338074N,24.121504E,79,3.6,76
11589,T,220830,075105,60.338074N,24.121527E,79,4.8,77
11590,T,220830,075106,60.338066N,24.121553E,79,5.5,81
11591,T,220830,075107,60.338062N,24.121588E,79,7.5,82
11592,T,220830,075108,60.338058N,24.121630E,80,9.1,84
11593,T,220830,075109,60.338047N,24.121677E,80,10.5,86
11594,T,220830,075110,60.338043N,24.121737E,79,11.2,88
11595,T,220830,075111,60.338036N,24.121798E,79,13.3,89
11596,T,220830,075112,60.338024N,24.121862E,79,13.3,91
11597,T,220830,075113,60.338017N,24.121927E,79,14.5,93
11598,T,220830,075114,60.338005N,24.122004E,78,15.3,94
11599,T,220830,075115,60.337997N,24.122076E,78,16.5,95
11600,T,220830,075116,60.337982N,24.122156E,79,16.6,97
11601,T,220830,075117,60.337971N,24.122236E,79,17.0,98
11602,T,220830,075118,60.337959N,24.122316E,79,16.2,99
11603,T,220830,075119,60.337944N,24.122396E,79,17.1,100
11604,T,220830,075120,60.337929N,24.122484E,79,19.3,101
11605,T,220830,075121,60.337914N,24.122580E,79,19.8,102
11606,T,220830,075122,60.337891N,24.122681E,79,21.9,103
11607,T,220830,075123,60.337872N,24.122789E,79,23.4,104
11608,T,220830,075124,60.337856N,24.122911E,78,25.1,105
11609,T,220830,075125,60.337837N,24.123035E,78,26.0,106
11610,T,220830,075126,60.337814N,24.123171E,77,26.8,106
11611,T,220830,075127,60.337799N,24.123306E,76,28.6,106
11612,T,220830,075128,60.337776N,24.123444E,76,29.1,106
11613,T,220830,075129,60.337757N,24.123590E,75,30.8,106
11614,T,220830,075130,60.337730N,24.123739E,74,32.0,106
11615,T,220830,075131,60.337711N,24.123892E,74,31.9,106
11616,T,220830,075132,60.337685N,24.124044E,73,31.5,107
11617,T,220830,075133,60.337662N,24.124191E,73,31.0,108
11618,T,220830,075134,60.337635N,24.124342E,73,30.3,108
11619,T,220830,075135,60.337616N,24.124487E,73,30.3,107
11620,T,220830,075136,60.337589N,24.124632E,72,30.2,107
11621,T,220830,075137,60.337559N,24.124786E,71,29.2,107
11622,T,220830,075138,60.337536N,24.124929E,70,28.7,107
11623,T,220830,075139,60.337513N,24.125069E,69,28.2,107
11624,T,220830,075140,60.337486N,24.125208E,68,28.1,106
11625,T,220830,075141,60.337471N,24.125343E,67,28.2,106
11626,T,220830,075142,60.337452N,24.125465E,66,25.8,104
11627,T,220830,075143,60.337440N,24.125582E,66,23.0,103
11628,T,220830,075144,60.337433N,24.125690E,65,21.4,102
11629,T,220830,075145,60.337429N,24.125792E,65,19.3,102
11630,T,220830,075146,60.337425N,24.125887E,64,17.8,101
11631,T,220830,075147,60.337421N,24.125977E,63,17.5,99
11632,T,220830,075148,60.337414N,24.126062E,63,16.9,97
11633,T,220830,075149,60.337406N,24.126139E,62,15.3,95
11634,T,220830,075150,60.337402N,24.126221E,62,15.4,95
11635,T,220830,075151,60.337399N,24.126293E,61,14.9,93
11636,T,220830,075152,60.337399N,24.126371E,60,15.6,99
11637,T,220830,075153,60.337391N,24.126448E,60,14.7,98
11638,T,220830,075154,60.337391N,24.126524E,59,15.3,98
11639,T,220830,075155,60.337399N,24.126596E,58,16.0,96
11640,T,220830,075156,60.337399N,24.126673E,58,15.8,95
11641,T,220830,075157,60.337399N,24.126759E,57,17.9,92
11642,T,220830,075158,60.337391N,24.126875E,57,21.9,92
11643,T,220830,075159,60.337387N,24.126995E,56,23.1,93
11644,T,220830,075200,60.337376N,24.127129E,55,24.5,94
11645,T,220830,075201,60.337368N,24.127274E,54,27.8,95
11646,T,220830,075202,60.337357N,24.127424E,53,28.7,98
11647,T,220830,075203,60.337341N,24.127569E,53,28.3,99
11648,T,220830,075204,60.337322N,24.127718E,52,29.9,100
11649,T,220830,075205,60.337299N,24.127857E,51,28.2,111
11650,T,220830,075206,60.337273N,24.127987E,50,28.3,117
11651,T,220830,075207,60.337238N,24.128117E,50,27.7,118
11652,T,220830,075208,60.337208N,24.128258E,49,27.4,118
11653,T,220830,075209,60.337173N,24.128384E,48,26.8,117
11654,T,220830,075210,60.337147N,24.128510E,47,27.6,116
11655,T,220830,075211,60.337120N,24.128633E,46,27.3,115
11656,T,220830,075212,60.337090N,24.128759E,46,27.7,114
11657,T,220830,075213,60.337059N,24.128897E,45,27.3,112
11658,T,220830,075214,60.337040N,24.129026E,45,26.4,111
11659,T,220830,075215,60.337021N,24.129154E,45,25.6,110
11660,T,220830,075216,60.337009N,24.129278E,45,23.7,109
11661,T,220830,075217,60.337002N,24.129389E,45,21.1,108
11662,T,220830,075218,60.336994N,24.129492E,45,20.3,107
11663,T,220830,075219,60.336987N,24.129599E,45,20.3,106
11664,T,220830,075220,60.336983N,24.129702E,44,21.0,104
11665,T,220830,075221,60.336983N,24.129803E,44,19.3,87
11666,T,220830,075222,60.336987N,24.129904E,44,19.6,85
11667,T,220830,075223,60.336990N,24.130005E,44,19.5,81
11668,T,220830,075224,60.337002N,24.130108E,44,20.1,79
11669,T,220830,075225,60.337009N,24.130213E,44,20.1,80
11670,T,220830,075226,60.337021N,24.130314E,44,20.0,79
11671,T,220830,075227,60.337032N,24.130417E,44,20.6,77
11672,T,220830,075228,60.337040N,24.130516E,44,20.0,76
11673,T,220830,075229,60.337051N,24.130617E,44,20.0,77
11674,T,220830,075230,60.337063N,24.130724E,44,21.0,76
11675,T,220830,075231,60.337070N,24.130829E,44,20.9,78
11676,T,220830,075232,60.337078N,24.130934E,43,21.7,80
11677,T,220830,075233,60.337086N,24.131044E,43,22.1,81
11678,T,220830,075234,60.337090N,24.131153E,43,21.7,82
11679,T,220830,075235,60.337086N,24.131264E,43,22.1,95
11680,T,220830,075236,60.337074N,24.131371E,43,20.4,99
11681,T,220830,075237,60.337067N,24.131474E,43,22.0,102
11682,T,220830,075238,60.337055N,24.131575E,44,20.4,102
11683,T,220830,075239,60.337048N,24.131664E,44,19.7,101
11684,T,220830,075240,60.337040N,24.131750E,45,18.4,102
11685,T,220830,075241,60.337029N,24.131834E,45,16.9,104
11686,T,220830,075242,60.337017N,24.131912E,46,16.4,111
11687,T,220830,075243,60.337006N,24.131977E,46,14.8,114
11688,T,220830,075244,60.336990N,24.132044E,47,13.5,114
11689,T,220830,075245,60.336975N,24.132105E,47,13.6,119
11690,T,220830,075246,60.336960N,24.132160E,48,13.2,121
11691,T,220830,075247,60.336945N,24.132214E,48,12.6,120
11692,T,220830,075248,60.336929N,24.132271E,48,13.1,120
11693,T,220830,075249,60.336906N,24.132324E,48,13.5,122
11694,T,220830,075250,60.336887N,24.132383E,48,14.5,121
11695,T,220830,075251,60.336872N,24.132448E,49,14.6,121
11696,T,220830,075252,60.336849N,24.132509E,49,15.9,122
11697,T,220830,075253,60.336823N,24.132576E,49,16.2,123
11698,T,220830,075254,60.336800N,24.132645E,49,16.5,125
11699,T,220830,075255,60.336777N,24.132711E,49,17.2,127
11700,T,220830,075256,60.336746N,24.132780E,49,17.8,127
11701,T,220830,075257,60.336720N,24.132845E,49,16.8,128
11702,T,220830,075258,60.336700N,24.132908E,50,14.8,127
11703,T,220830,075259,60.336681N,24.132971E,50,14.7,125
11704,T,220830,075300,60.336658N,24.133036E,51,15.6,124
11705,T,220830,075301,60.336639N,24.133099E,51,14.7,118
11706,T,220830,075302,60.336624N,24.133163E,52,14.6,119
11707,T,220830,075303,60.336609N,24.133230E,52,14.2,118
11708,T,220830,075304,60.336597N,24.133301E,52,14.5,117
11709,T,220830,075305,60.336582N,24.133366E,53,13.7,116
11710,T,220830,075306,60.336575N,24.133432E,53,12.5,114
11711,T,220830,075307,60.336567N,24.133495E,53,11.1,113
11712,T,220830,075308,60.336571N,24.133551E,54,10.8,110
11713,T,220830,075309,60.336582N,24.133600E,54,9.3,107
11714,T,220830,075310,60.336601N,24.133629E,55,10.6,101
11715,T,220830,075311,60.336628N,24.133659E,55,13.7,95
11716,T,220830,075312,60.336658N,24.133684E,55,14.7,89
11717,T,220830,075313,60.336697N,24.133707E,55,14.2,82
11718,T,220830,075314,60.336731N,24.133732E,55,16.3,75
11719,T,220830,075315,60.336777N,24.133759E,54,17.0,69
11720,T,220830,075316,60.336819N,24.133783E,54,18.4,63
11721,T,220830,075317,60.336872N,24.133810E,54,22.2,58
11722,T,220830,075318,60.336929N,24.133850E,53,23.2,53
11723,T,220830,075319,60.336987N,24.133884E,52,25.5,49
11724,T,220830,075320,60.337048N,24.133924E,51,26.6,45
11725,T,220830,075321,60.337116N,24.133966E,50,28.3,42
11726,T,220830,075322,60.337185N,24.134010E,50,29.8,39
11727,T,220830,075323,60.337257N,24.134056E,49,29.9,36
11728,T,220830,075324,60.337330N,24.134104E,48,30.5,34
11729,T,220830,075325,60.337399N,24.134151E,48,31.1,31
11730,T,220830,075326,60.337475N,24.134201E,46,32.0,30
11731,T,220830,075327,60.337555N,24.134253E,45,32.7,28
11732,T,220830,075328,60.337631N,24.134306E,44,33.3,26
11733,T,220830,075329,60.337711N,24.134363E,43,33.9,25
11734,T,220830,075330,60.337795N,24.134422E,42,34.3,24
11735,T,220830,075331,60.337875N,24.134478E,42,34.6,23
11736,T,220830,075332,60.337959N,24.134537E,41,34.6,23
11737,T,220830,075333,60.338039N,24.134590E,40,34.5,22
11738,T,220830,075334,60.338123N,24.134644E,40,34.0,20
11739,T,220830,075335,60.338203N,24.134699E,39,33.2,19
11740,T,220830,075336,60.338280N,24.134752E,39,32.1,18
11741,T,220830,075337,60.338352N,24.134802E,39,30.9,17
11742,T,220830,075338,60.338425N,24.134850E,38,29.3,17
11743,T,220830,075339,60.338493N,24.134895E,38,27.9,18
11744,T,220830,075340,60.338554N,24.134941E,38,26.1,18
11745,T,220830,075341,60.338612N,24.134983E,38,25.5,19
11746,T,220830,075342,60.338673N,24.135029E,38,25.2,19
11747,T,220830,075343,60.338734N,24.135065E,38,24.6,18
11748,T,220830,075344,60.338787N,24.135103E,38,24.5,18
11749,T,220830,075345,60.338848N,24.135143E,38,24.1,18
11750,T,220830,075346,60.338905N,24.135180E,38,23.6,18
11751,T,220830,075347,60.338955N,24.135216E,38,22.8,18
11752,T,220830,075348,60.339008N,24.135250E,39,22.2,19
11753,T,220830,075349,60.339062N,24.135286E,39,21.4,19
11754,T,220830,075350,60.339111N,24.135319E,39,20.0,18
11755,T,220830,075351,60.339157N,24.135347E,39,18.6,18
11756,T,220830,075352,60.339195N,24.135376E,39,17.4,18
11757,T,220830,075353,60.339237N,24.135405E,40,16.6,18
11758,T,220830,075354,60.339272N,24.135429E,40,15.7,18
11759,T,220830,075355,60.339314N,24.135454E,40,15.1,18
11760,T,220830,075356,60.339344N,24.135475E,40,14.5,18
11761,T,220830,075357,60.339378N,24.135496E,41,14.2,17
11762,T,220830,075358,60.339413N,24.135515E,41,14.1,18
11763,T,220830,075359,60.339443N,24.135540E,41,13.7,18
11764,T,220830,075400,60.339478N,24.135565E,42,13.5,19
11765,T,220830,075401,60.339504N,24.135584E,42,13.1,19
11766,T,220830,075402,60.339535N,24.135605E,42,12.7,19
11767,T,220830,075403,60.339565N,24.135624E,42,12.3,19
11768,T,220830,075404,60.339592N,24.135645E,43,12.0,19
11769,T,220830,075405,60.339619N,24.135664E,43,11.8,19
11770,T,220830,075406,60.339649N,24.135683E,43,11.8,19
11771,T,220830,075407,60.339676N,24.135702E,44,11.7,18
11772,T,220830,075408,60.339699N,24.135719E,44,11.6,17
11773,T,220830,075409,60.339729N,24.135736E,44,11.7,17
11774,T,220830,075410,60.339756N,24.135756E,44,11.7,17
11775,T,220830,075411,60.339783N,24.135775E,45,12.0,18
11776,T,220830,075412,60.339817N,24.135796E,45,12.1,18
11777,T,220830,075413,60.339848N,24.135815E,45,12.5,18
11778,T,220830,075414,60.339882N,24.135832E,45,13.1,18
11779,T,220830,075415,60.339912N,24.135851E,45,13.4,18
11780,T,220830,075416,60.339943N,24.135870E,45,13.5,17
11781,T,220830,075417,60.339981N,24.135889E,45,14.0,16
11782,T,220830,075418,60.340012N,24.135912E,45,14.4,17
11783,T,220830,075419,60.340050N,24.135937E,45,14.5,17
11784,T,220830,075420,60.340080N,24.135956E,45,14.5,17
11785,T,220830,075421,60.340115N,24.135979E,45,14.6,16
11786,T,220830,075422,60.340153N,24.135998E,45,14.7,17
11787,T,220830,075423,60.340183N,24.136024E,45,14.8,17
11788,T,220830,075424,60.340221N,24.136045E,45,14.9,17
11789,T,220830,075425,60.340256N,24.136070E,45,15.2,18
11790,T,220830,075426,60.340286N,24.136095E,45,15.2,18
11791,T,220830,075427,60.340328N,24.136120E,46,15.3,18
11792,T,220830,075428,60.340359N,24.136145E,46,15.4,18
11793,T,220830,075429,60.340401N,24.136166E,46,15.5,18
11794,T,220830,075430,60.340435N,24.136192E,46,15.4,17
11795,T,220830,075431,60.340473N,24.136215E,46,15.5,18
11796,T,220830,075432,60.340508N,24.136242E,46,15.4,18
11797,T,220830,075433,60.340546N,24.136267E,46,15.3,18
11798,T,220830,075434,60.340580N,24.136290E,46,15.3,17
11799,T,220830,075435,60.340618N,24.136314E,46,15.4,17
11800,T,220830,075436,60.340656N,24.136335E,46,15.9,17
11801,T,220830,075437,60.340691N,24.136362E,46,15.9,17
11802,T,220830,075438,60.340733N,24.136387E,46,15.9,17
11803,T,220830,075439,60.340767N,24.136410E,46,16.1,17
11804,T,220830,075440,60.340809N,24.136436E,46,16.2,17
11805,T,220830,075441,60.340847N,24.136459E,46,16.7,17
11806,T,220830,075442,60.340889N,24.136484E,46,17.2,17
11807,T,220830,075443,60.340931N,24.136515E,46,17.8,17
11808,T,220830,075444,60.340973N,24.136541E,46,18.1,17
11809,T,220830,075445,60.341019N,24.136572E,46,18.6,17
11810,T,220830,075446,60.341064N,24.136600E,46,19.0,17
11811,T,220830,075447,60.341110N,24.136627E,46,19.4,16
11812,T,220830,075448,60.341160N,24.136656E,46,19.8,16
11813,T,220830,075449,60.341209N,24.136684E,46,20.1,16
11814,T,220830,075450,60.341259N,24.136717E,46,20.2,16
11815,T,220830,075451,60.341309N,24.136744E,45,20.3,16
11816,T,220830,075452,60.341354N,24.136772E,45,20.3,16
11817,T,220830,075453,60.341404N,24.136803E,45,20.4,16
11818,T,220830,075454,60.341454N,24.136831E,45,20.4,17
11819,T,220830,075455,60.341499N,24.136864E,45,20.4,17
11820,T,220830,075456,60.341549N,24.136892E,45,20.3,17
11821,T,220830,075457,60.341595N,24.136923E,45,20.3,17
11822,T,220830,075458,60.341644N,24.136951E,45,20.3,17
11823,T,220830,075459,60.341694N,24.136982E,45,20.8,17
11824,T,220830,075500,60.341743N,24.137012E,45,20.8,17
11825,T,220830,075501,60.341793N,24.137045E,45,21.3,17
11826,T,220830,075502,60.341843N,24.137074E,45,21.5,16
11827,T,220830,075503,60.341900N,24.137106E,44,21.9,16
11828,T,220830,075504,60.341953N,24.137136E,44,22.2,16
11829,T,220830,075505,60.342003N,24.137171E,44,22.2,16
11830,T,220830,075506,60.342060N,24.137203E,44,22.3,16
11831,T,220830,075507,60.342113N,24.137236E,44,22.4,16
11832,T,220830,075508,60.342167N,24.137268E,44,22.8,17
11833,T,220830,075509,60.342220N,24.137300E,44,22.7,16
11834,T,220830,075510,60.342278N,24.137335E,44,22.6,16
11835,T,220830,075511,60.342327N,24.137369E,43,22.2,17
11836,T,220830,075512,60.342381N,24.137403E,43,21.8,18
11837,T,220830,075513,60.342430N,24.137440E,43,21.5,19
11838,T,220830,075514,60.342480N,24.137472E,43,21.3,18
11839,T,220830,075515,60.342533N,24.137505E,43,21.0,18
11840,T,220830,075516,60.342583N,24.137539E,43,21.0,18
11841,T,220830,075517,60.342632N,24.137571E,43,20.9,19
11842,T,220830,075518,60.342682N,24.137609E,43,20.7,20
11843,T,220830,075519,60.342728N,24.137648E,43,20.4,21
11844,T,220830,075520,60.342777N,24.137690E,43,20.4,22
11845,T,220830,075521,60.342819N,24.137732E,43,20.4,23
11846,T,220830,075522,60.342869N,24.137775E,43,20.5,24
11847,T,220830,075523,60.342915N,24.137819E,43,20.8,24
11848,T,220830,075524,60.342964N,24.137863E,43,21.0,25
11849,T,220830,075525,60.343006N,24.137913E,43,21.2,25
11850,T,220830,075526,60.343060N,24.137957E,43,21.2,25
11851,T,220830,075527,60.343105N,24.138002E,43,20.8,25
11852,T,220830,075528,60.343151N,24.138046E,43,20.8,26
11853,T,220830,075529,60.343201N,24.138092E,43,20.7,25
11854,T,220830,075530,60.343243N,24.138136E,43,20.8,25
11855,T,220830,075531,60.343292N,24.138182E,43,21.1,25
11856,T,220830,075532,60.343342N,24.138229E,43,21.2,25
11857,T,220830,075533,60.343388N,24.138275E,43,21.2,25
11858,T,220830,075534,60.343437N,24.138327E,43,21.8,26
11859,T,220830,075535,60.343483N,24.138378E,42,22.3,26
11860,T,220830,075536,60.343536N,24.138428E,42,22.4,26
11861,T,220830,075537,60.343590N,24.138475E,42,22.7,25
11862,T,220830,075538,60.343639N,24.138521E,42,22.7,25
11863,T,220830,075539,60.343689N,24.138575E,42,22.7,25
11864,T,220830,075540,60.343739N,24.138624E,42,22.7,25
11865,T,220830,075541,60.343792N,24.138674E,42,22.9,25
11866,T,220830,075542,60.343845N,24.138723E,42,23.2,25
11867,T,220830,075543,60.343895N,24.138779E,42,23.3,24
11868,T,220830,075544,60.343952N,24.138828E,42,23.3,25
11869,T,220830,075545,60.344006N,24.138880E,42,23.4,25
11870,T,220830,075546,60.344055N,24.138935E,42,23.9,26
11871,T,220830,075547,60.344112N,24.138987E,41,23.5,26
11872,T,220830,075548,60.344166N,24.139038E,41,23.4,26
11873,T,220830,075549,60.344215N,24.139091E,41,23.3,26
11874,T,220830,075550,60.344269N,24.139145E,41,23.2,26
11875,T,220830,075551,60.344315N,24.139200E,41,22.6,27
11876,T,220830,075552,60.344368N,24.139254E,41,22.3,27
11877,T,220830,075553,60.344418N,24.139303E,41,22.0,27
11878,T,220830,075554,60.344463N,24.139355E,41,21.7,26
11879,T,220830,075555,60.344513N,24.139400E,41,21.6,26
11880,T,220830,075556,60.344559N,24.139446E,41,20.9,25
11881,T,220830,075557,60.344608N,24.139494E,41,20.8,25
11882,T,220830,075558,60.344650N,24.139536E,41,20.7,25
11883,T,220830,075559,60.344700N,24.139580E,41,20.2,25
11884,T,220830,075600,60.344746N,24.139620E,41,19.8,24
11885,T,220830,075601,60.344788N,24.139658E,41,19.7,23
11886,T,220830,075602,60.344837N,24.139694E,42,19.6,21
11887,T,220830,075603,60.344879N,24.139727E,42,19.5,20
11888,T,220830,075604,60.344925N,24.139759E,42,18.9,19
11889,T,220830,075605,60.344967N,24.139790E,42,18.3,19
11890,T,220830,075606,60.345013N,24.139820E,42,17.7,19
11891,T,220830,075607,60.345051N,24.139853E,42,17.0,19
11892,T,220830,075608,60.345093N,24.139877E,43,16.6,19
11893,T,220830,075609,60.345127N,24.139904E,43,16.2,18
11894,T,220830,075610,60.345169N,24.139929E,43,16.2,18
11895,T,220830,075611,60.345207N,24.139956E,43,16.2,18
11896,T,220830,075612,60.345245N,24.139978E,43,16.1,17
11897,T,220830,075613,60.345280N,24.139999E,44,15.1,17
11898,T,220830,075614,60.345322N,24.140024E,44,15.5,18
11899,T,220830,075615,60.345356N,24.140047E,44,15.5,18
11900,T,220830,075616,60.345390N,24.140070E,44,15.5,19
11901,T,220830,075617,60.345432N,24.140097E,44,15.2,20
11902,T,220830,075618,60.345463N,24.140121E,45,15.2,19
11903,T,220830,075619,60.345501N,24.140146E,45,15.7,19
11904,T,220830,075620,60.345539N,24.140175E,45,16.1,19
11905,T,220830,075621,60.345581N,24.140202E,45,16.7,19
11906,T,220830,075622,60.345619N,24.140230E,45,17.0,19
11907,T,220830,075623,60.345661N,24.140259E,45,17.2,19
11908,T,220830,075624,60.345699N,24.140291E,45,17.8,19
11909,T,220830,075625,60.345741N,24.140331E,45,18.3,19
11910,T,220830,075626,60.345779N,24.140375E,45,18.3,20
11911,T,220830,075627,60.345818N,24.140421E,44,18.4,21
11912,T,220830,075628,60.345856N,24.140465E,44,18.9,21
11913,T,220830,075629,60.345898N,24.140518E,44,19.6,22
11914,T,220830,075630,60.345936N,24.140575E,44,19.7,23
11915,T,220830,075631,60.345970N,24.140640E,44,20.3,24
11916,T,220830,075632,60.346008N,24.140709E,44,20.6,26
11917,T,220830,075633,60.346046N,24.140774E,44,20.5,27
11918,T,220830,075634,60.346088N,24.140841E,44,20.5,28
11919,T,220830,075635,60.346127N,24.140903E,44,20.4,29
11920,T,220830,075636,60.346169N,24.140961E,44,20.4,30
11921,T,220830,075637,60.346210N,24.141014E,44,20.2,31
11922,T,220830,075638,60.346256N,24.141062E,44,19.9,30
11923,T,220830,075639,60.346298N,24.141104E,44,19.5,29
11924,T,220830,075640,60.346344N,24.141138E,45,18.9,18
11925,T,220830,075641,60.346390N,24.141165E,45,18.4,13
11926,T,220830,075642,60.346432N,24.141180E,45,17.8,7
11927,T,220830,075643,60.346474N,24.141188E,45,17.2,3
11928,T,220830,075644,60.346516N,24.141190E,45,16.6,0
11929,T,220830,075645,60.346558N,24.141190E,45,16.3,358
11930,T,220830,075646,60.346596N,24.141188E,45,15.1,359
11931,T,220830,075647,60.346630N,24.141180E,45,15.4,353
11932,T,220830,075648,60.346672N,24.141169E,45,15.6,351
11933,T,220830,075649,60.346710N,24.141155E,45,16.1,352
11934,T,220830,075650,60.346748N,24.141138E,45,16.7,350
11935,T,220830,075651,60.346790N,24.141123E,45,16.8,350
11936,T,220830,075652,60.346832N,24.141106E,45,16.9,351
11937,T,220830,075653,60.346874N,24.141096E,45,17.5,353
11938,T,220830,075654,60.346920N,24.141090E,45,17.2,354
11939,T,220830,075655,60.346958N,24.141090E,45,17.1,1
11940,T,220830,075656,60.347004N,24.141096E,45,17.1,2
11941,T,220830,075657,60.347050N,24.141106E,45,17.3,5
11942,T,220830,075658,60.347088N,24.141121E,45,17.6,7
11943,T,220830,075659,60.347134N,24.141134E,45,17.6,9
11944,T,220830,075700,60.347176N,24.141155E,45,18.1,9
11945,T,220830,075701,60.347221N,24.141182E,45,18.8,11
11946,T,220830,075702,60.347263N,24.141216E,45,19.3,23
11947,T,220830,075703,60.347309N,24.141258E,45,19.5,23
11948,T,220830,075704,60.347355N,24.141298E,45,20.1,22
11949,T,220830,075705,60.347401N,24.141342E,45,20.6,24
11950,T,220830,075706,60.347446N,24.141388E,45,21.2,25
11951,T,220830,075707,60.347496N,24.141434E,45,21.1,25
11952,T,220830,075708,60.347546N,24.141479E,45,21.1,25
11953,T,220830,075709,60.347591N,24.141523E,44,21.0,25
11954,T,220830,075710,60.347641N,24.141569E,44,21.1,24
11955,T,220830,075711,60.347691N,24.141615E,44,21.5,24
11956,T,220830,075712,60.347740N,24.141659E,44,21.1,24
11957,T,220830,075713,60.347790N,24.141703E,44,20.7,23
11958,T,220830,075714,60.347836N,24.141741E,44,19.8,22
11959,T,220830,075715,60.347881N,24.141783E,44,20.8,23
11960,T,220830,075716,60.347927N,24.141827E,44,20.9,23
11961,T,220830,075717,60.347977N,24.141870E,44,20.4,23
11962,T,220830,075718,60.348022N,24.141918E,44,21.1,24
11963,T,220830,075719,60.348072N,24.141960E,44,20.0,24
11964,T,220830,075720,60.348122N,24.142002E,44,20.0,23
11965,T,220830,075721,60.348164N,24.142040E,45,19.4,22
11966,T,220830,075722,60.348209N,24.142057E,45,17.4,13
11967,T,220830,075723,60.348248N,24.142073E,45,16.2,11
11968,T,220830,075724,60.348289N,24.142080E,45,16.5,4
11969,T,220830,075725,60.348328N,24.142084E,45,16.1,2
11970,T,220830,075726,60.348370N,24.142086E,46,16.1,2
11971,T,220830,075727,60.348408N,24.142088E,46,14.6,0
11972,T,220830,075728,60.348446N,24.142086E,45,13.7,0
11973,T,220830,075729,60.348480N,24.142088E,46,13.7,2
11974,T,220830,075730,60.348507N,24.142090E,46,11.3,359
11975,T,220830,075731,60.348537N,24.142088E,46,12.3,359
11976,T,220830,075732,60.348568N,24.142084E,46,11.8,352
11977,T,220830,075733,60.348595N,24.142076E,46,10.9,354
11978,T,220830,075734,60.348621N,24.142075E,46,10.5,0
11979,T,220830,075735,60.348648N,24.142073E,46,11.6,358
11980,T,220830,075736,60.348675N,24.142069E,46,10.0,357
11981,T,220830,075737,60.348705N,24.142063E,47,11.7,357
11982,T,220830,075738,60.348736N,24.142061E,47,12.5,357
11983,T,220830,075739,60.348766N,24.142057E,47,13.1,356
11984,T,220830,075740,60.348804N,24.142056E,47,14.1,0
11985,T,220830,075741,60.348839N,24.142057E,47,14.7,3
11986,T,220830,075742,60.348881N,24.142063E,47,15.7,6
11987,T,220830,075743,60.348919N,24.142076E,47,16.3,6
11988,T,220830,075744,60.348961N,24.142086E,46,17.1,8
11989,T,220830,075745,60.349003N,24.142103E,46,18.0,11
11990,T,220830,075746,60.349049N,24.142126E,46,18.1,13
11991,T,220830,075747,60.349091N,24.142153E,46,18.4,15
11992,T,220830,075748,60.349136N,24.142181E,46,18.3,18
11993,T,220830,075749,60.349178N,24.142218E,46,17.4,19
11994,T,220830,075750,60.349220N,24.142258E,46,16.6,29
11995,T,220830,075751,60.349255N,24.142302E,46,16.3,29
11996,T,220830,075752,60.349293N,24.142344E,46,15.8,30
11997,T,220830,075753,60.349323N,24.142385E,46,15.8,32
11998,T,220830,075754,60.349361N,24.142426E,46,15.5,30
11999,T,220830,075755,60.349392N,24.142464E,46,14.5,30
12000,T,220830,075756,60.349419N,24.142504E,46,14.0,37
12001,T,220830,075757,60.349442N,24.142555E,46,12.9,57
12002,T,220830,075758,60.349453N,24.142614E,46,12.5,64
12003,T,220830,075759,60.349464N,24.142675E,46,12.4,74
12004,T,220830,075800,60.349472N,24.142736E,47,12.5,73
12005,T,220830,075801,60.349480N,24.142799E,47,13.1,71
12006,T,220830,075802,60.349487N,24.142864E,47,12.8,80
12007,T,220830,075803,60.349495N,24.142937E,47,14.5,80
12008,T,220830,075804,60.349499N,24.143015E,46,15.1,81
12009,T,220830,075805,60.349499N,24.143093E,46,16.2,82
12010,T,220830,075806,60.349495N,24.143175E,46,16.9,83
12011,T,220830,075807,60.349487N,24.143251E,46,16.0,85
12012,T,220830,075808,60.349480N,24.143335E,46,16.9,87
12013,T,220830,075809,60.349468N,24.143415E,46,16.8,88
12014,T,220830,075810,60.349461N,24.143499E,46,16.9,90
12015,T,220830,075811,60.349461N,24.143585E,46,16.6,90
12016,T,220830,075812,60.349468N,24.143675E,46,17.1,89
12017,T,220830,075813,60.349483N,24.143757E,46,17.8,88
12018,T,220830,075814,60.349506N,24.143841E,46,18.6,85
12019,T,220830,075815,60.349541N,24.143913E,46,18.0,82
12020,T,220830,075816,60.349567N,24.143980E,46,18.0,79
12021,T,220830,075817,60.349602N,24.144045E,46,18.6,76
12022,T,220830,075818,60.349640N,24.144108E,46,19.8,73
12023,T,220830,075819,60.349674N,24.144171E,46,18.5,69
12024,T,220830,075820,60.349709N,24.144236E,46,18.9,66
12025,T,220830,075821,60.349739N,24.144299E,46,17.5,44
12026,T,220830,075822,60.349770N,24.144361E,46,17.1,48
12027,T,220830,075823,60.349792N,24.144423E,46,14.6,51
12028,T,220830,075824,60.349815N,24.144484E,47,15.4,57
12029,T,220830,075825,60.349838N,24.144560E,47,19.0,57
12030,T,220830,075826,60.349873N,24.144636E,47,18.4,56
12031,T,220830,075827,60.349899N,24.144709E,46,18.7,55
12032,T,220830,075828,60.349934N,24.144770E,47,19.1,54
12033,T,220830,075829,60.349968N,24.144835E,47,19.1,52
12034,T,220830,075830,60.350002N,24.144896E,46,18.4,51
12035,T,220830,075831,60.350040N,24.144957E,47,18.3,50
12036,T,220830,075832,60.350075N,24.145010E,46,17.5,49
12037,T,220830,075833,60.350109N,24.145061E,46,18.2,47
12038,T,220830,075834,60.350147N,24.145115E,45,19.3,46
12039,T,220830,075835,60.350193N,24.145166E,45,20.3,44
12040,T,220830,075836,60.350235N,24.145218E,44,22.2,43
12041,T,220830,075837,60.350288N,24.145266E,43,21.1,41
12042,T,220830,075838,60.350327N,24.145306E,43,15.8,39
12043,T,220830,075839,60.350361N,24.145338E,43,14.1,38
12044,T,220830,075840,60.350395N,24.145365E,43,14.5,36
12045,T,220830,075841,60.350433N,24.145390E,43,16.6,34
12046,T,220830,075842,60.350471N,24.145418E,43,17.0,33
12047,T,220830,075843,60.350513N,24.145447E,42,18.3,31
12048,T,220830,075844,60.350555N,24.145477E,42,18.3,30
12049,T,220830,075845,60.350601N,24.145510E,42,18.4,28
12050,T,220830,075846,60.350643N,24.145544E,42,19.4,27
12051,T,220830,075847,60.350697N,24.145578E,42,21.6,26
12052,T,220830,075848,60.350742N,24.145615E,41,22.0,25
12053,T,220830,075849,60.350800N,24.145645E,41,22.0,24
12054,T,220830,075850,60.350853N,24.145679E,40,21.4,23
12055,T,220830,075851,60.350903N,24.145721E,40,20.8,21
12056,T,220830,075852,60.350956N,24.145756E,39,20.9,20
12057,T,220830,075853,60.351009N,24.145792E,39,21.4,18
12058,T,220830,075854,60.351063N,24.145823E,38,21.3,16
12059,T,220830,075855,60.351120N,24.145849E,38,21.3,15
12060,T,220830,075856,60.351173N,24.145880E,37,21.9,19
12061,T,220830,075857,60.351227N,24.145918E,37,22.7,19
12062,T,220830,075858,60.351284N,24.145956E,37,22.7,19
12063,T,220830,075859,60.351341N,24.145996E,36,22.8,20
12064,T,220830,075900,60.351391N,24.146036E,36,23.6,19
12065,T,220830,075901,60.351448N,24.146069E,35,23.6,18
12066,T,220830,075902,60.351505N,24.146111E,35,24.4,18
12067,T,220830,075903,60.351563N,24.146151E,35,24.9,18
12068,T,220830,075904,60.351620N,24.146189E,34,24.5,17
12069,T,220830,075905,60.351681N,24.146223E,34,24.6,16
12070,T,220830,075906,60.351742N,24.146259E,34,23.7,15
12071,T,220830,075907,60.351795N,24.146286E,34,22.3,13
12072,T,220830,075908,60.351849N,24.146309E,34,21.7,11
12073,T,220830,075909,60.351906N,24.146326E,34,21.7,10
12074,T,220830,075910,60.351959N,24.146332E,34,21.2,359
12075,T,220830,075911,60.352013N,24.146330E,34,21.1,358
12076,T,220830,075912,60.352062N,24.146324E,34,21.2,355
12077,T,220830,075913,60.352119N,24.146315E,33,21.8,352
12078,T,220830,075914,60.352173N,24.146301E,33,21.4,354
12079,T,220830,075915,60.352226N,24.146292E,33,20.5,354
12080,T,220830,075916,60.352280N,24.146278E,33,20.4,351
12081,T,220830,075917,60.352329N,24.146263E,33,19.5,352
12082,T,220830,075918,60.352375N,24.146250E,33,18.3,352
12083,T,220830,075919,60.352425N,24.146236E,33,19.0,351
12084,T,220830,075920,60.352463N,24.146221E,33,15.8,350
12085,T,220830,075921,60.352501N,24.146214E,34,14.1,350
12086,T,220830,075922,60.352535N,24.146208E,34,11.8,356
12087,T,220830,075923,60.352581N,24.146204E,35,15.0,355
12088,T,220830,075924,60.352619N,24.146191E,35,14.2,354
12089,T,220830,075925,60.352661N,24.146181E,35,13.8,356
12090,T,220830,075926,60.352695N,24.146177E,36,11.4,354
12091,T,220830,075927,60.352722N,24.146168E,36,9.7,353
12092,T,220830,075928,60.352757N,24.146154E,36,10.5,352
12093,T,220830,075929,60.352787N,24.146145E,37,11.4,352
12094,T,220830,075930,60.352825N,24.146135E,37,13.3,352
12095,T,220830,075931,60.352859N,24.146126E,37,12.2,352
12096,T,220830,075932,60.352894N,24.146111E,37,11.1,352
12097,T,220830,075933,60.352924N,24.146095E,38,12.0,350
12098,T,220830,075934,60.352955N,24.146086E,36,10.5,349
12099,T,220830,075935,60.352989N,24.146076E,36,9.4,348
12100,T,220830,075936,60.353008N,24.146070E,35,7.2,348
12101,T,220830,075937,60.353039N,24.146055E,35,12.5,346
12102,T,220830,075938,60.353077N,24.146046E,35,11.7,350
12103,T,220830,075939,60.353111N,24.146029E,34,12.4,349
12104,T,220830,075940,60.353146N,24.146009E,34,12.3,348
12105,T,220830,075941,60.353172N,24.145998E,35,11.1,349
12106,T,220830,075942,60.353203N,24.145985E,35,11.4,348
12107,T,220830,075943,60.353233N,24.145969E,34,9.2,345
12108,T,220830,075944,60.353260N,24.145956E,35,10.6,345
12109,T,220830,075945,60.353287N,24.145945E,35,10.1,351
12110,T,220830,075946,60.353317N,24.145941E,35,9.4,353
12111,T,220830,075947,60.353344N,24.145935E,35,7.0,353
12112,T,220830,075948,60.353363N,24.145927E,35,7.0,348
12113,T,220830,075949,60.353390N,24.145920E,35,7.3,349
12114,T,220830,075950,60.353416N,24.145906E,36,8.4,348
12115,T,220830,075951,60.353439N,24.145899E,36,9.4,349
12116,T,220830,075952,60.353474N,24.145889E,36,10.1,349
12117,T,220830,075953,60.353519N,24.145876E,36,12.0,350
12118,T,220830,075954,60.353561N,24.145868E,36,10.2,349
12119,T,220830,075955,60.353584N,24.145870E,36,9.6,355
12120,T,220830,075956,60.353615N,24.145864E,37,11.4,353
12121,T,220830,075957,60.353653N,24.145845E,38,12.5,352
12122,T,220830,075958,60.353687N,24.145826E,39,14.0,351
12123,T,220830,075959,60.353729N,24.145803E,39,13.3,350
12124,T,220830,080000,60.353764N,24.145775E,39,13.7,335
12125,T,220830,080001,60.353806N,24.145739E,39,14.3,335
12126,T,220830,080002,60.353844N,24.145704E,39,14.2,331
12127,T,220830,080003,60.353886N,24.145666E,40,15.5,329
12128,T,220830,080004,60.353924N,24.145624E,40,15.5,324
12129,T,220830,080005,60.353958N,24.145584E,41,15.9,327
12130,T,220830,080006,60.353992N,24.145544E,40,15.4,324
12131,T,220830,080007,60.354027N,24.145502E,40,13.9,326
12132,T,220830,080008,60.354061N,24.145462E,40,14.3,325
12133,T,220830,080009,60.354088N,24.145418E,40,13.8,326
12134,T,220830,080010,60.354118N,24.145376E,40,13.7,327
12135,T,220830,080011,60.354153N,24.145336E,41,13.4,330
12136,T,220830,080012,60.354183N,24.145296E,41,13.4,325
12137,T,220830,080013,60.354214N,24.145256E,41,14.3,325
12138,T,220830,080014,60.354244N,24.145212E,42,14.9,323
12139,T,220830,080015,60.354279N,24.145166E,42,16.3,322
12140,T,220830,080016,60.354317N,24.145121E,42,17.5,327
12141,T,220830,080017,60.354351N,24.145073E,42,18.1,325
12142,T,220830,080018,60.354393N,24.145020E,42,18.6,325
12143,T,220830,080019,60.354431N,24.144964E,42,19.1,324
12144,T,220830,080020,60.354473N,24.144911E,42,20.0,326
12145,T,220830,080021,60.354511N,24.144852E,42,20.7,325
12146,T,220830,080022,60.354557N,24.144793E,41,21.2,325
12147,T,220830,080023,60.354599N,24.144732E,41,21.8,325
12148,T,220830,080024,60.354652N,24.144665E,40,23.0,326
12149,T,220830,080025,60.354698N,24.144596E,40,24.1,326
12150,T,220830,080026,60.354755N,24.144524E,39,24.8,326
12151,T,220830,080027,60.354813N,24.144453E,39,26.5,326
12152,T,220830,080028,60.354870N,24.144377E,39,27.6,326
12153,T,220830,080029,60.354927N,24.144297E,38,28.0,325
12154,T,220830,080030,60.354988N,24.144217E,38,28.0,325
12155,T,220830,080031,60.355049N,24.144136E,38,28.1,325
12156,T,220830,080032,60.355103N,24.144056E,37,27.8,325
12157,T,220830,080033,60.355160N,24.143978E,37,26.7,325
12158,T,220830,080034,60.355217N,24.143906E,37,26.0,326
12159,T,220830,080035,60.355270N,24.143843E,36,24.8,328
12160,T,220830,080036,60.355328N,24.143787E,36,25.5,338
12161,T,220830,080037,60.355389N,24.143744E,35,25.5,342
12162,T,220830,080038,60.355446N,24.143703E,35,25.5,343
12163,T,220830,080039,60.355507N,24.143667E,34,26.3,346
12164,T,220830,080040,60.355572N,24.143635E,33,28.5,344
12165,T,220830,080041,60.355644N,24.143585E,32,29.3,341
12166,T,220830,080042,60.355713N,24.143530E,31,30.4,333
12167,T,220830,080043,60.355782N,24.143452E,30,32.4,325
12168,T,220830,080044,60.355843N,24.143364E,30,29.8,319
12169,T,220830,080045,60.355904N,24.143270E,30,27.2,315
12170,T,220830,080046,60.355953N,24.143183E,30,24.3,315
12171,T,220830,080047,60.355991N,24.143105E,30,21.5,316
12172,T,220830,080048,60.356033N,24.143032E,31,19.7,318
12173,T,220830,080049,60.356068N,24.142963E,32,17.8,317
12174,T,220830,080050,60.356098N,24.142902E,33,16.7,317
12175,T,220830,080051,60.356129N,24.142843E,33,15.8,318
12176,T,220830,080052,60.356155N,24.142794E,33,15.2,318
12177,T,220830,080053,60.356178N,24.142740E,34,14.4,317
12178,T,220830,080054,60.356209N,24.142693E,34,14.3,317
12179,T,220830,080055,60.356232N,24.142645E,34,14.2,316
12180,T,220830,080056,60.356255N,24.142597E,34,13.9,316
12181,T,220830,080057,60.356285N,24.142553E,35,13.8,317
12182,T,220830,080058,60.356308N,24.142506E,35,13.8,317
12183,T,220830,080059,60.356331N,24.142458E,35,14.2,318
12184,T,220830,080100,60.356361N,24.142416E,36,13.8,320
12185,T,220830,080101,60.356384N,24.142374E,36,13.4,322
12186,T,220830,080102,60.356407N,24.142336E,36,12.7,324
12187,T,220830,080103,60.356434N,24.142303E,37,11.7,325
12188,T,220830,080104,60.356461N,24.142277E,37,11.5,331
12189,T,220830,080105,60.356480N,24.142254E,37,10.3,331
12190,T,220830,080106,60.356499N,24.142233E,37,9.5,332
12191,T,220830,080107,60.356525N,24.142218E,37,10.3,334
12192,T,220830,080108,60.356552N,24.142216E,37,10.4,337
12193,T,220830,080109,60.356579N,24.142218E,37,13.1,3
12194,T,220830,080110,60.356617N,24.142227E,37,14.6,4
12195,T,220830,080111,60.356647N,24.142242E,37,14.3,4
12196,T,220830,080112,60.356686N,24.142263E,36,15.8,5
12197,T,220830,080113,60.356728N,24.142284E,36,17.4,6
12198,T,220830,080114,60.356770N,24.142300E,36,17.2,5
12199,T,220830,080115,60.356808N,24.142303E,36,16.3,356
12200,T,220830,080116,60.356850N,24.142292E,35,16.3,355
12201,T,220830,080117,60.356884N,24.142260E,35,15.9,354
12202,T,220830,080118,60.356918N,24.142221E,35,16.2,351
12203,T,220830,080119,60.356953N,24.142172E,35,16.1,348
12204,T,220830,080120,60.356983N,24.142118E,35,15.5,345
12205,T,220830,080121,60.357014N,24.142063E,34,15.2,342
12206,T,220830,080122,60.357040N,24.142006E,34,14.2,339
12207,T,220830,080123,60.357067N,24.141953E,34,15.1,336
12208,T,220830,080124,60.357098N,24.141895E,33,15.0,333
12209,T,220830,080125,60.357124N,24.141836E,33,15.7,331
12210,T,220830,080126,60.357162N,24.141771E,33,17.5,329
12211,T,220830,080127,60.357201N,24.141706E,33,18.7,328
12212,T,220830,080128,60.357235N,24.141640E,32,19.2,326
12213,T,220830,080129,60.357277N,24.141577E,32,20.1,325
12214,T,220830,080130,60.357319N,24.141504E,32,22.2,324
12215,T,220830,080131,60.357361N,24.141424E,31,21.0,323
12216,T,220830,080132,60.357399N,24.141352E,31,22.1,320
12217,T,220830,080133,60.357445N,24.141272E,31,23.2,318
12218,T,220830,080134,60.357487N,24.141191E,30,24.1,318
12219,T,220830,080135,60.357529N,24.141106E,30,23.1,315
12220,T,220830,080136,60.357567N,24.141024E,30,22.8,314
12221,T,220830,080137,60.357601N,24.140928E,29,24.2,301
12222,T,220830,080138,60.357624N,24.140837E,29,20.0,297
12223,T,220830,080139,60.357647N,24.140757E,29,18.4,299
12224,T,220830,080140,60.357670N,24.140678E,29,17.8,299
12225,T,220830,080141,60.357685N,24.140606E,29,14.3,297
12226,T,220830,080142,60.357697N,24.140537E,29,14.6,287
12227,T,220830,080143,60.357708N,24.140476E,29,12.2,288
12228,T,220830,080144,60.357719N,24.140417E,29,12.1,287
12229,T,220830,080145,60.357727N,24.140360E,28,11.5,284
12230,T,220830,080146,60.357735N,24.140305E,29,10.4,287
12231,T,220830,080147,60.357738N,24.140253E,28,11.0,286
12232,T,220830,080148,60.357754N,24.140202E,28,10.0,285
12233,T,220830,080149,60.357761N,24.140146E,28,12.3,286
12234,T,220830,080150,60.357769N,24.140091E,28,11.1,285
12235,T,220830,080151,60.357777N,24.140030E,27,11.9,284
12236,T,220830,080152,60.357784N,24.139973E,27,12.0,284
12237,T,220830,080153,60.357796N,24.139908E,27,12.5,285
12238,T,220830,080154,60.357807N,24.139849E,27,13.0,285
12239,T,220830,080155,60.357815N,24.139786E,27,11.7,285
12240,T,220830,080156,60.357834N,24.139730E,27,11.6,286
12241,T,220830,080157,60.357841N,24.139673E,28,10.8,287
12242,T,220830,080158,60.357853N,24.139616E,27,11.2,286
12243,T,220830,080159,60.357857N,24.139557E,27,11.3,287
12244,T,220830,080200,60.357864N,24.139509E,28,11.0,286
12245,T,220830,080201,60.357872N,24.139454E,28,11.4,286
12246,T,220830,080202,60.357883N,24.139393E,28,12.2,287
12247,T,220830,080203,60.357895N,24.139330E,29,11.6,288
12248,T,220830,080204,60.357903N,24.139263E,29,11.6,279
12249,T,220830,080205,60.357910N,24.139202E,29,12.8,280
12250,T,220830,080206,60.357925N,24.139132E,29,13.0,280
12251,T,220830,080207,60.357937N,24.139063E,29,13.8,283
12252,T,220830,080208,60.357948N,24.138992E,30,13.9,286
12253,T,220830,080209,60.357964N,24.138926E,30,13.8,295
12254,T,220830,080210,60.357983N,24.138863E,31,13.9,298
12255,T,220830,080211,60.358006N,24.138796E,32,14.7,298
12256,T,220830,080212,60.358021N,24.138721E,31,15.7,299
12257,T,220830,080213,60.358040N,24.138643E,31,16.7,299
12258,T,220830,080214,60.358059N,24.138569E,32,16.8,297
12259,T,220830,080215,60.358082N,24.138502E,33,16.4,294
12260,T,220830,080216,60.358097N,24.138432E,34,16.3,295
12261,T,220830,080217,60.358112N,24.138353E,34,16.8,294
12262,T,220830,080218,60.358128N,24.138275E,35,16.3,293
12263,T,220830,080219,60.358143N,24.138197E,34,16.7,293
12264,T,220830,080220,60.358158N,24.138115E,34,17.1,294
12265,T,220830,080221,60.358177N,24.138029E,33,17.0,290
12266,T,220830,080222,60.358196N,24.137947E,33,17.7,291
12267,T,220830,080223,60.358215N,24.137865E,33,17.2,293
12268,T,220830,080224,60.358234N,24.137789E,33,15.9,295
12269,T,220830,080225,60.358253N,24.137716E,33,15.0,294
12270,T,220830,080226,60.358273N,24.137644E,33,15.5,295
12271,T,220830,080227,60.358288N,24.137573E,33,15.7,296
12272,T,220830,080228,60.358307N,24.137493E,33,16.2,296
12273,T,220830,080229,60.358330N,24.137417E,33,16.5,296
12274,T,220830,080230,60.358353N,24.137337E,33,16.5,297
12275,T,220830,080231,60.358372N,24.137260E,33,17.1,297
12276,T,220830,080232,60.358395N,24.137177E,33,17.9,297
12277,T,220830,080233,60.358421N,24.137093E,33,18.3,298
12278,T,220830,080234,60.358440N,24.137009E,32,19.0,299
12279,T,220830,080235,60.358471N,24.136915E,32,22.4,300
12280,T,220830,080236,60.358501N,24.136803E,31,26.4,297
12281,T,220830,080237,60.358528N,24.136677E,30,28.2,297
12282,T,220830,080238,60.358559N,24.136547E,30,28.1,296
12283,T,220830,080239,60.358593N,24.136423E,29,26.4,296
12284,T,220830,080240,60.358620N,24.136312E,29,23.7,296
12285,T,220830,080241,60.358646N,24.136206E,29,22.5,294
12286,T,220830,080242,60.358665N,24.136108E,30,19.7,293
12287,T,220830,080243,60.358681N,24.136023E,30,17.3,292
12288,T,220830,080244,60.358696N,24.135942E,30,16.6,290
12289,T,220830,080245,60.358711N,24.135874E,30,12.8,291
12290,T,220830,080246,60.358719N,24.135820E,30,10.0,292
12291,T,220830,080247,60.358727N,24.135778E,31,7.7,286
12292,T,220830,080248,60.358734N,24.135740E,31,7.7,289
12293,T,220830,080249,60.358742N,24.135702E,31,8.6,290
12294,T,220830,080250,60.358753N,24.135664E,32,7.3,291
12295,T,220830,080251,60.358761N,24.135632E,32,7.0,292
12296,T,220830,080252,60.358768N,24.135595E,33,7.1,293
12297,T,220830,080253,60.358776N,24.135557E,33,6.6,294
12298,T,220830,080254,60.358780N,24.135525E,34,7.0,287
12299,T,220830,080255,60.358784N,24.135490E,34,5.7,289
12300,T,220830,080256,60.358791N,24.135456E,34,6.2,291
12301,T,220830,080257,60.358799N,24.135424E,34,6.9,306
12302,T,220830,080258,60.358803N,24.135391E,35,6.1,305
12303,T,220830,080259,60.358810N,24.135338E,35,6.7,303
12304,T,220830,080300,60.358826N,24.135298E,35,6.7,302
12305,T,220830,080301,60.358837N,24.135260E,35,6.7,301
12306,T,220830,080302,60.358849N,24.135229E,35,7.2,302
12307,T,220830,080303,60.358860N,24.135201E,35,6.6,302
12308,T,220830,080304,60.358871N,24.135164E,35,9.9,304
12309,T,220830,080305,60.358891N,24.135130E,35,9.1,305
12310,T,220830,080306,60.358913N,24.135101E,35,9.4,307
12311,T,220830,080307,60.358932N,24.135073E,35,10.4,308
12312,T,220830,080308,60.358955N,24.135046E,35,9.0,310
12313,T,220830,080309,60.358978N,24.135029E,35,10.4,313
12314,T,220830,080310,60.359016N,24.135021E,35,12.7,316
12315,T,220830,080311,60.359055N,24.135017E,35,15.1,320
12316,T,220830,080312,60.359100N,24.135010E,35,18.0,323
12317,T,220830,080313,60.359146N,24.135000E,35,19.5,326
12318,T,220830,080314,60.359196N,24.134991E,36,19.1,329
12319,T,220830,080315,60.359245N,24.134981E,36,19.0,332
12320,T,220830,080316,60.359287N,24.134975E,36,17.3,334
12321,T,220830,080317,60.359329N,24.134964E,36,16.0,336
12322,T,220830,080318,60.359367N,24.134949E,36,15.2,338
12323,T,220830,080319,60.359402N,24.134935E,36,13.1,353
12324,T,220830,080320,60.359436N,24.134924E,36,14.3,353
12325,T,220830,080321,60.359470N,24.134912E,35,14.3,353
12326,T,220830,080322,60.359509N,24.134905E,35,16.2,355
12327,T,220830,080323,60.359550N,24.134893E,33,18.2,356
12328,T,220830,080324,60.359608N,24.134882E,33,22.5,355
12329,T,220830,080325,60.359669N,24.134872E,33,22.8,355
12330,T,220830,080326,60.359734N,24.134850E,32,24.2,346
12331,T,220830,080327,60.359783N,24.134815E,32,20.2,336
12332,T,220830,080328,60.359840N,24.134804E,32,16.8,337
12333,T,220830,080329,60.359875N,24.134785E,32,13.0,337
12334,T,220830,080330,60.359921N,24.134769E,32,10.7,339
12335,T,220830,080331,60.359951N,24.134766E,32,9.2,340
12336,T,220830,080332,60.359978N,24.134762E,32,6.5,342
12337,T,220830,080333,60.360001N,24.134760E,33,8.8,343
12338,T,220830,080334,60.360027N,24.134756E,33,10.2,344
12339,T,220830,080335,60.360050N,24.134750E,33,7.0,359
12340,T,220830,080336,60.360069N,24.134745E,34,6.6,358
12341,T,220830,080337,60.360081N,24.134739E,34,4.7,358
12342,T,220830,080338,60.360100N,24.134727E,34,5.4,357
12343,T,220830,080339,60.360111N,24.134716E,35,5.5,356
12344,T,220830,080340,60.360126N,24.134703E,35,5.2,356
12345,T,220830,080341,60.360146N,24.134689E,35,4.3,355
12346,T,220830,080342,60.360153N,24.134684E,35,4.3,355
12347,T,220830,080343,60.360165N,24.134676E,35,4.4,355
12348,T,220830,080344,60.360180N,24.134665E,36,5.9,345
12349,T,220830,080345,60.360195N,24.134657E,36,4.7,345
12350,T,220830,080346,60.360207N,24.134651E,37,3.8,345
12351,T,220830,080347,60.360226N,24.134653E,37,3.7,345
12352,T,220830,080348,60.360237N,24.134657E,37,4.0,345
12353,T,220830,080349,60.360249N,24.134653E,37,4.0,345
12354,T,220830,080350,60.360260N,24.134651E,38,3.9,345
12355,T,220830,080351,60.360271N,24.134645E,38,0.0,345
12356,T,220830,080352,60.360287N,24.134644E,38,3.9,345
12357,T,220830,080353,60.360298N,24.134644E,38,3.8,345
12358,T,220830,080354,60.360313N,24.134645E,39,3.9,345
12359,T,220830,080355,60.360329N,24.134645E,39,3.9,345
12360,T,220830,080356,60.360340N,24.134642E,40,3.6,345
12361,T,220830,080357,60.360355N,24.134634E,40,0.0,345
12362,T,220830,080358,60.360363N,24.134624E,40,0.0,345
12363,T,220830,080359,60.360378N,24.134615E,41,3.8,345
12364,T,220830,080400,60.360394N,24.134604E,41,0.0,345
12365,T,220830,080401,60.360413N,24.134588E,42,0.0,345
12366,T,220830,080402,60.360420N,24.134563E,43,0.0,345
12367,T,220830,080403,60.360428N,24.134544E,43,0.0,345
12368,T,220830,080404,60.360432N,24.134527E,44,0.0,345
12369,T,220830,080405,60.360432N,24.134516E,44,0.0,345
12370,T,220830,080406,60.360432N,24.134504E,44,0.0,345
12371,T,220830,080407,60.360432N,24.134485E,45,0.0,345
12372,T,220830,080408,60.360432N,24.134470E,45,0.0,345
12373,T,220830,080409,60.360432N,24.134453E,46,0.0,345
12374,T,220830,080410,60.360435N,24.134451E,46,0.0,345
12375,T,220830,080411,60.360435N,24.134439E,46,0.0,345
12376,T,220830,080412,60.360435N,24.134422E,47,0.0,345
12377,T,220830,080413,60.360432N,24.134377E,47,7.3,268
12378,T,220830,080414,60.360432N,24.134338E,47,5.5,260
12379,T,220830,080415,60.360424N,24.134304E,48,5.5,260
12380,T,220830,080416,60.360420N,24.134260E,48,7.0,261
12381,T,220830,080417,60.360420N,24.134216E,49,8.0,262
12382,T,220830,080418,60.360420N,24.134169E,49,8.5,263
12383,T,220830,080419,60.360416N,24.134115E,50,9.3,264
12384,T,220830,080420,60.360413N,24.134062E,50,9.9,265
12385,T,220830,080421,60.360409N,24.134005E,51,10.0,265
12386,T,220830,080422,60.360409N,24.133945E,51,10.1,266
12387,T,220830,080423,60.360409N,24.133896E,51,9.5,268
12388,T,220830,080424,60.360413N,24.133827E,51,12.0,269
12389,T,220830,080425,60.360413N,24.133764E,52,11.6,264
12390,T,220830,080426,60.360409N,24.133703E,52,10.8,266
12391,T,220830,080427,60.360405N,24.133638E,53,10.2,268
12392,T,220830,080428,60.360401N,24.133581E,53,9.7,267
12393,T,220830,080429,60.360401N,24.133526E,54,10.1,268
12394,T,220830,080430,60.360405N,24.133476E,54,9.6,271
12395,T,220830,080431,60.360405N,24.133425E,54,8.9,265
12396,T,220830,080432,60.360390N,24.133327E,55,10.3,263
12397,T,220830,080433,60.360390N,24.133276E,55,9.6,264
12398,T,220830,080434,60.360390N,24.133217E,56,9.5,265
12399,T,220830,080435,60.360378N,24.133144E,56,10.7,266
12400,T,220830,080436,60.360378N,24.133083E,56,11.9,282
12401,T,220830,080437,60.360386N,24.133017E,57,12.2,281
12402,T,220830,080438,60.360386N,24.132946E,57,13.8,280
12403,T,220830,080439,60.360367N,24.132860E,57,14.7,278
12404,T,220830,080440,60.360367N,24.132776E,58,14.7,277
12405,T,220830,080441,60.360363N,24.132696E,58,13.8,276
12406,T,220830,080442,60.360359N,24.132624E,59,13.2,275
12407,T,220830,080443,60.360355N,24.132553E,59,12.9,271
12408,T,220830,080444,60.360348N,24.132477E,60,14.0,271
12409,T,220830,080445,60.360344N,24.132399E,60,15.4,270
12410,T,220830,080446,60.360340N,24.132317E,60,15.9,269
12411,T,220830,080447,60.360340N,24.132238E,61,16.4,268
12412,T,220830,080448,60.360340N,24.132145E,61,19.2,267
12413,T,220830,080449,60.360332N,24.132029E,61,21.1,267
12414,T,220830,080450,60.360329N,24.131926E,61,19.0,266
12415,T,220830,080451,60.360325N,24.131842E,62,14.0,265
12416,T,220830,080452,60.360321N,24.131781E,62,9.1,253
12417,T,220830,080453,60.360310N,24.131737E,62,8.2,234
12418,T,220830,080454,60.360287N,24.131697E,62,8.8,207
12419,T,220830,080455,60.360260N,24.131672E,62,9.6,182
12420,T,220830,080456,60.360222N,24.131653E,61,11.3,176
12421,T,220830,080457,60.360172N,24.131624E,60,11.8,177
12422,T,220830,080458,60.360142N,24.131618E,59,10.5,177
12423,T,220830,080459,60.360111N,24.131615E,59,10.5,175
12424,T,220830,080500,60.360085N,24.131611E,59,9.4,180
12425,T,220830,080501,60.360062N,24.131603E,59,9.4,180
12426,T,220830,080502,60.360031N,24.131601E,58,10.2,179
12427,T,220830,080503,60.360001N,24.131599E,58,10.2,178
12428,T,220830,080504,60.359978N,24.131599E,58,10.1,177
12429,T,220830,080505,60.359951N,24.131601E,57,10.5,176
12430,T,220830,080506,60.359924N,24.131603E,57,11.1,175
12431,T,220830,080507,60.359898N,24.131607E,57,11.9,172
12432,T,220830,080508,60.359863N,24.131617E,56,12.2,171
12433,T,220830,080509,60.359833N,24.131617E,55,13.0,178
12434,T,220830,080510,60.359798N,24.131617E,55,12.9,180
12435,T,220830,080511,60.359764N,24.131618E,54,14.0,176
12436,T,220830,080512,60.359730N,24.131624E,54,14.0,174
12437,T,220830,080513,60.359692N,24.131632E,53,14.3,175
12438,T,220830,080514,60.359657N,24.131639E,53,14.3,172
12439,T,220830,080515,60.359615N,24.131651E,53,15.6,174
12440,T,220830,080516,60.359577N,24.131660E,52,15.0,173
12441,T,220830,080517,60.359539N,24.131666E,51,14.6,173
12442,T,220830,080518,60.359509N,24.131672E,51,13.4,174
12443,T,220830,080519,60.359474N,24.131680E,51,11.8,169
12444,T,220830,080520,60.359447N,24.131689E,52,9.9,171
12445,T,220830,080521,60.359425N,24.131699E,51,9.4,171
12446,T,220830,080522,60.359402N,24.131706E,51,9.4,173
12447,T,220830,080523,60.359371N,24.131716E,51,10.9,173
12448,T,220830,080524,60.359341N,24.131720E,50,13.5,174
12449,T,220830,080525,60.359306N,24.131723E,49,15.2,174
12450,T,220830,080526,60.359268N,24.131733E,48,15.9,174
12451,T,220830,080527,60.359222N,24.131744E,47,16.7,174
12452,T,220830,080528,60.359184N,24.131756E,47,16.3,173
12453,T,220830,080529,60.359142N,24.131765E,47,16.1,172
12454,T,220830,080530,60.359104N,24.131771E,46,16.1,177
12455,T,220830,080531,60.359062N,24.131781E,46,16.1,174
12456,T,220830,080532,60.359024N,24.131786E,45,16.0,174
12457,T,220830,080533,60.358986N,24.131800E,44,16.5,168
12458,T,220830,080534,60.358936N,24.131823E,43,17.5,169
12459,T,220830,080535,60.358887N,24.131836E,42,18.7,172
12460,T,220830,080536,60.358841N,24.131851E,42,19.9,173
12461,T,220830,080537,60.358788N,24.131866E,41,20.7,173
12462,T,220830,080538,60.358730N,24.131882E,40,20.8,173
12463,T,220830,080539,60.358681N,24.131893E,39,21.2,174
12464,T,220830,080540,60.358627N,24.131905E,39,21.7,174
12465,T,220830,080541,60.358570N,24.131918E,38,21.2,174
12466,T,220830,080542,60.358521N,24.131926E,37,20.7,174
12467,T,220830,080543,60.358467N,24.131933E,37,20.6,175
12468,T,220830,080544,60.358418N,24.131941E,36,19.9,175
12469,T,220830,080545,60.358368N,24.131945E,35,19.5,177
12470,T,220830,080546,60.358318N,24.131945E,35,19.0,178
12471,T,220830,080547,60.358273N,24.131939E,34,18.9,178
12472,T,220830,080548,60.358223N,24.131929E,34,18.5,179
12473,T,220830,080549,60.358177N,24.131926E,34,18.9,180
12474,T,220830,080550,60.358128N,24.131924E,33,19.0,181
12475,T,220830,080551,60.358082N,24.131927E,34,19.4,182
12476,T,220830,080552,60.358032N,24.131924E,34,19.5,184
12477,T,220830,080553,60.357979N,24.131916E,34,19.6,185
12478,T,220830,080554,60.357929N,24.131908E,34,19.6,186
12479,T,220830,080555,60.357880N,24.131901E,34,20.0,187
12480,T,220830,080556,60.357826N,24.131891E,34,19.4,188
12481,T,220830,080557,60.357780N,24.131882E,34,20.0,187
12482,T,220830,080558,60.357727N,24.131874E,34,20.0,187
12483,T,220830,080559,60.357681N,24.131866E,34,19.7,186
12484,T,220830,080600,60.357632N,24.131861E,35,19.8,185
12485,T,220830,080601,60.357578N,24.131857E,35,19.7,184
12486,T,220830,080602,60.357533N,24.131851E,35,19.4,183
12487,T,220830,080603,60.357479N,24.131853E,36,19.4,181
12488,T,220830,080604,60.357433N,24.131859E,36,19.2,179
12489,T,220830,080605,60.357384N,24.131868E,37,17.9,179
12490,T,220830,080606,60.357342N,24.131866E,37,17.3,181
12491,T,220830,080607,60.357296N,24.131861E,37,16.1,182
12492,T,220830,080608,60.357262N,24.131857E,37,15.4,183
12493,T,220830,080609,60.357220N,24.131847E,38,14.8,185
12494,T,220830,080610,60.357185N,24.131840E,38,14.5,185
12495,T,220830,080611,60.357151N,24.131834E,38,13.8,185
12496,T,220830,080612,60.357117N,24.131828E,38,13.2,185
12497,T,220830,080613,60.357082N,24.131821E,38,12.6,185
12498,T,220830,080614,60.357056N,24.131811E,38,12.1,186
12499,T,220830,080615,60.357025N,24.131804E,38,11.6,186
12500,T,220830,080616,60.356995N,24.131800E,38,11.2,185
12501,T,220830,080617,60.356968N,24.131798E,39,10.8,184
12502,T,220830,080618,60.356945N,24.131796E,39,10.7,183
12503,T,220830,080619,60.356918N,24.131794E,39,10.6,183
12504,T,220830,080620,60.356892N,24.131792E,39,11.5,183
12505,T,220830,080621,60.356861N,24.131784E,39,12.5,184
12506,T,220830,080622,60.356831N,24.131781E,39,13.7,184
12507,T,220830,080623,60.356796N,24.131777E,39,14.1,184
12508,T,220830,080624,60.356758N,24.131767E,39,13.6,184
12509,T,220830,080625,60.356728N,24.131763E,40,12.2,184
12510,T,220830,080626,60.356705N,24.131748E,40,8.9,185
12511,T,220830,080627,60.356689N,24.131716E,40,8.4,189
12512,T,220830,080628,60.356689N,24.131676E,40,8.0,287
12513,T,220830,080629,60.356705N,24.131638E,40,9.9,290
12514,T,220830,080630,60.356724N,24.131603E,40,11.1,294
12515,T,220830,080631,60.356747N,24.131563E,41,12.3,296
12516,T,220830,080632,60.356770N,24.131516E,41,12.6,296
12517,T,220830,080633,60.356781N,24.131456E,41,12.9,296
12518,T,220830,080634,60.356792N,24.131390E,41,12.9,296
12519,T,220830,080635,60.356796N,24.131325E,41,12.4,295
12520,T,220830,080636,60.356800N,24.131252E,42,12.8,293
12521,T,220830,080637,60.356796N,24.131184E,42,12.8,291
12522,T,220830,080638,60.356792N,24.131113E,42,12.9,288
12523,T,220830,080639,60.356789N,24.131046E,42,13.8,255
12524,T,220830,080640,60.356781N,24.130976E,42,14.3,252
12525,T,220830,080641,60.356770N,24.130905E,42,14.3,255
12526,T,220830,080642,60.356758N,24.130836E,42,14.0,256
12527,T,220830,080643,60.356750N,24.130764E,43,13.8,256
12528,T,220830,080644,60.356743N,24.130695E,43,13.0,257
12529,T,220830,080645,60.356739N,24.130636E,43,12.2,256
12530,T,220830,080646,60.356731N,24.130575E,43,12.1,256
12531,T,220830,080647,60.356720N,24.130518E,43,11.7,255
12532,T,220830,080648,60.356716N,24.130463E,44,11.4,255
12533,T,220830,080649,60.356709N,24.130404E,44,11.3,256
12534,T,220830,080650,60.356701N,24.130348E,44,11.5,256
12535,T,220830,080651,60.356693N,24.130293E,44,11.9,255
12536,T,220830,080652,60.356689N,24.130232E,44,12.5,259
12537,T,220830,080653,60.356682N,24.130163E,44,13.4,266
12538,T,220830,080654,60.356674N,24.130091E,43,16.9,266
12539,T,220830,080655,60.356667N,24.129999E,43,19.6,265
12540,T,220830,080656,60.356659N,24.129896E,43,23.0,265
12541,T,220830,080657,60.356655N,24.129778E,43,24.9,273
12542,T,220830,080658,60.356659N,24.129646E,43,26.9,273
12543,T,220830,080659,60.356659N,24.129513E,42,27.0,274
12544,T,220830,080700,60.356670N,24.129381E,42,25.0,281
12545,T,220830,080701,60.356682N,24.129257E,42,23.8,284
12546,T,220830,080702,60.356693N,24.129147E,42,20.6,284
12547,T,220830,080703,60.356705N,24.129045E,42,19.5,286
12548,T,220830,080704,60.356720N,24.128956E,42,18.1,289
12549,T,220830,080705,60.356735N,24.128885E,42,12.8,302
12550,T,220830,080706,60.356743N,24.128836E,42,10.5,301
12551,T,220830,080707,60.356743N,24.128799E,43,8.5,299
12552,T,220830,080708,60.356743N,24.128763E,43,7.5,297
12553,T,220830,080709,60.356750N,24.128733E,43,8.3,296
12554,T,220830,080710,60.356758N,24.128698E,43,8.3,296
12555,T,220830,080711,60.356770N,24.128658E,43,8.9,296
12556,T,220830,080712,60.356777N,24.128618E,44,8.5,296
12557,T,220830,080713,60.356781N,24.128576E,44,8.2,295
12558,T,220830,080714,60.356785N,24.128540E,44,7.1,295
12559,T,220830,080715,60.356792N,24.128504E,45,7.1,292
12560,T,220830,080716,60.356792N,24.128468E,45,7.9,291
12561,T,220830,080717,60.356800N,24.128435E,45,7.2,299
12562,T,220830,080718,60.356808N,24.128403E,45,7.2,297
12563,T,220830,080719,60.356812N,24.128370E,46,5.2,297
12564,T,220830,080720,60.356819N,24.128344E,46,4.6,297
12565,T,220830,080721,60.356827N,24.128317E,46,4.7,297
12566,T,220830,080722,60.356838N,24.128279E,47,6.0,299
12567,T,220830,080723,60.356853N,24.128237E,47,6.5,294
12568,T,220830,080724,60.356865N,24.128201E,48,6.4,295
12569,T,220830,080725,60.356873N,24.128170E,48,4.5,295
12570,T,220830,080726,60.356880N,24.128138E,49,5.1,295
12571,T,220830,080727,60.356888N,24.128103E,49,6.1,285
12572,T,220830,080728,60.356895N,24.128063E,50,6.2,279
12573,T,220830,080729,60.356899N,24.128023E,50,6.2,280
12574,T,220830,080730,60.356907N,24.127991E,51,5.6,281
12575,T,220830,080731,60.356915N,24.127951E,51,6.3,282
12576,T,220830,080732,60.356930N,24.127911E,52,6.8,285
12577,T,220830,080733,60.356934N,24.127865E,52,6.9,283
12578,T,220830,080734,60.356937N,24.127817E,53,7.9,283
12579,T,220830,080735,60.356941N,24.127768E,53,7.6,282
12580,T,220830,080736,60.356941N,24.127720E,54,8.0,281
12581,T,220830,080737,60.356945N,24.127672E,54,8.1,280
12582,T,220830,080738,60.356953N,24.127617E,54,8.9,279
12583,T,220830,080739,60.356953N,24.127558E,55,9.2,278
12584,T,220830,080740,60.356953N,24.127504E,55,9.1,277
12585,T,220830,080741,60.356941N,24.127451E,55,9.9,252
12586,T,220830,080742,60.356937N,24.127398E,55,10.9,252
12587,T,220830,080743,60.356930N,24.127338E,55,11.5,253
12588,T,220830,080744,60.356918N,24.127268E,54,15.2,253
12589,T,220830,080745,60.356899N,24.127184E,54,18.4,253
12590,T,220830,080746,60.356880N,24.127081E,54,22.1,252
12591,T,220830,080747,60.356850N,24.126966E,54,25.4,251
12592,T,220830,080748,60.356815N,24.126844E,53,28.5,250
12593,T,220830,080749,60.356777N,24.126722E,53,29.3,249
12594,T,220830,080750,60.356731N,24.126602E,53,28.9,247
12595,T,220830,080751,60.356686N,24.126490E,53,28.1,226
12596,T,220830,080752,60.356640N,24.126390E,53,26.5,225
12597,T,220830,080753,60.356602N,24.126305E,53,22.3,225
12598,T,220830,080754,60.356567N,24.126234E,53,18.7,225
12599,T,220830,080755,60.356541N,24.126169E,53,17.2,226
12600,T,220830,080756,60.356510N,24.126110E,54,15.3,227
12601,T,220830,080757,60.356491N,24.126053E,54,13.9,230
12602,T,220830,080758,60.356476N,24.126001E,54,11.2,231
12603,T,220830,080759,60.356461N,24.125956E,54,9.9,232
12604,T,220830,080800,60.356449N,24.125917E,54,9.3,229
12605,T,220830,080801,60.356438N,24.125881E,55,8.5,229
12606,T,220830,080802,60.356422N,24.125841E,55,7.1,230
12607,T,220830,080803,60.356411N,24.125813E,56,6.5,231
12608,T,220830,080804,60.356400N,24.125774E,56,7.6,234
12609,T,220830,080805,60.356388N,24.125731E,57,7.7,235
12610,T,220830,080806,60.356377N,24.125689E,57,7.7,236
12611,T,220830,080807,60.356361N,24.125652E,57,7.4,236
12612,T,220830,080808,60.356354N,24.125620E,57,5.4,235
12613,T,220830,080809,60.356339N,24.125589E,58,4.2,234
12614,T,220830,080810,60.356331N,24.125565E,58,4.6,234
12615,T,220830,080811,60.356327N,24.125523E,59,5.8,235
12616,T,220830,080812,60.356316N,24.125481E,59,6.8,236
12617,T,220830,080813,60.356312N,24.125439E,60,8.1,238
12618,T,220830,080814,60.356300N,24.125393E,60,8.6,246
12619,T,220830,080815,60.356289N,24.125357E,61,8.5,239
12620,T,220830,080816,60.356277N,24.125317E,61,7.7,240
12621,T,220830,080817,60.356274N,24.125275E,62,8.4,241
12622,T,220830,080818,60.356262N,24.125223E,62,9.1,242
12623,T,220830,080819,60.356255N,24.125179E,63,9.0,246
12624,T,220830,080820,60.356247N,24.125132E,63,8.0,247
12625,T,220830,080821,60.356236N,24.125076E,63,8.6,248
12626,T,220830,080822,60.356232N,24.125023E,63,9.6,250
12627,T,220830,080823,60.356224N,24.124969E,63,8.5,248
12628,T,220830,080824,60.356216N,24.124929E,64,7.5,249
12629,T,220830,080825,60.356209N,24.124889E,64,7.6,251
12630,T,220830,080826,60.356205N,24.124847E,64,8.1,253
12631,T,220830,080827,60.356197N,24.124800E,64,8.0,254
12632,T,220830,080828,60.356190N,24.124748E,64,8.1,261
12633,T,220830,080829,60.356182N,24.124702E,64,8.5,265
12634,T,220830,080830,60.356178N,24.124660E,65,8.5,265
12635,T,220830,080831,60.356174N,24.124615E,65,8.4,268
12636,T,220830,080832,60.356171N,24.124563E,65,8.4,261
12637,T,220830,080833,60.356167N,24.124516E,63,8.8,261
12638,T,220830,080834,60.356163N,24.124464E,63,8.8,262
12639,T,220830,080835,60.356159N,24.124416E,62,9.2,261
12640,T,220830,080836,60.356159N,24.124365E,61,9.1,267
12641,T,220830,080837,60.356159N,24.124311E,61,9.6,270
12642,T,220830,080838,60.356155N,24.124254E,59,10.0,276
12643,T,220830,080839,60.356159N,24.124193E,58,10.9,282
12644,T,220830,080840,60.356167N,24.124119E,58,9.8,283
12645,T,220830,080841,60.356178N,24.124065E,57,7.0,282
12646,T,220830,080842,60.356182N,24.124029E,57,5.7,282
12647,T,220830,080843,60.356190N,24.123999E,56,5.8,270
12648,T,220830,080844,60.356190N,24.123964E,56,7.4,258
12649,T,220830,080845,60.356178N,24.123922E,56,10.0,251
12650,T,220830,080846,60.356167N,24.123873E,56,10.5,246
12651,T,220830,080847,60.356155N,24.123819E,55,10.5,246
12652,T,220830,080848,60.356144N,24.123768E,55,10.6,247
12653,T,220830,080849,60.356129N,24.123718E,55,10.2,246
12654,T,220830,080850,60.356121N,24.123674E,55,9.1,245
12655,T,220830,080851,60.356110N,24.123631E,54,9.2,249
12656,T,220830,080852,60.356094N,24.123585E,54,11.0,247
12657,T,220830,080853,60.356087N,24.123533E,54,11.3,246
12658,T,220830,080854,60.356075N,24.123484E,54,10.0,245
12659,T,220830,080855,60.356060N,24.123440E,54,9.4,244
12660,T,220830,080856,60.356056N,24.123402E,54,8.1,258
12661,T,220830,080857,60.356056N,24.123367E,53,6.1,272
12662,T,220830,080858,60.356052N,24.123339E,53,6.1,271
12663,T,220830,080859,60.356049N,24.123318E,53,4.5,271
12664,T,220830,080900,60.356045N,24.123316E,54,3.6,271
12665,T,220830,080901,60.356041N,24.123327E,54,3.7,271
12666,T,220830,080902,60.356041N,24.123352E,54,4.3,271
12667,T,220830,080903,60.356049N,24.123375E,54,4.3,271
12668,T,220830,080904,60.356052N,24.123396E,54,5.5,56
12669,T,220830,080905,60.356060N,24.123425E,54,5.9,55
12670,T,220830,080906,60.356068N,24.123449E,54,5.1,55
12671,T,220830,080907,60.356071N,24.123476E,54,4.6,55
12672,T,220830,080908,60.356075N,24.123499E,54,4.5,55
12673,T,220830,080909,60.356083N,24.123522E,54,5.8,46
12674,T,220830,080910,60.356091N,24.123549E,54,6.2,47
12675,T,220830,080911,60.356106N,24.123592E,53,7.5,49
12676,T,220830,080912,60.356113N,24.123632E,53,8.4,51
12677,T,220830,080913,60.356121N,24.123678E,53,9.0,52
12678,T,220830,080914,60.356129N,24.123726E,53,9.7,54
12679,T,220830,080915,60.356140N,24.123775E,53,10.9,55
12680,T,220830,080916,60.356148N,24.123823E,53,9.6,57
12681,T,220830,080917,60.356159N,24.123873E,52,11.1,58
12682,T,220830,080918,60.356167N,24.123922E,52,10.1,72
12683,T,220830,080919,60.356174N,24.123968E,52,8.6,77
12684,T,220830,080920,60.356171N,24.124014E,51,8.6,98
12685,T,220830,080921,60.356163N,24.124054E,51,9.1,117
12686,T,220830,080922,60.356152N,24.124104E,51,10.6,117
12687,T,220830,080923,60.356144N,24.124153E,51,10.0,116
12688,T,220830,080924,60.356140N,24.124208E,51,11.3,114
12689,T,220830,080925,60.356136N,24.124264E,51,10.4,112
12690,T,220830,080926,60.356140N,24.124315E,51,9.7,109
12691,T,220830,080927,60.356144N,24.124367E,51,9.4,107
12692,T,220830,080928,60.356152N,24.124416E,51,10.0,104
12693,T,220830,080929,60.356155N,24.124466E,51,9.8,101
12694,T,220830,080930,60.356159N,24.124519E,51,10.0,99
12695,T,220830,080931,60.356163N,24.124577E,51,10.5,97
12696,T,220830,080932,60.356167N,24.124628E,51,10.1,95
12697,T,220830,080933,60.356174N,24.124683E,51,10.5,93
12698,T,220830,080934,60.356178N,24.124737E,51,10.1,71
12699,T,220830,080935,60.356194N,24.124790E,51,11.2,71
12700,T,220830,080936,60.356201N,24.124844E,50,11.1,67
12701,T,220830,080937,60.356213N,24.124901E,50,11.1,67
12702,T,220830,080938,60.356224N,24.124954E,50,11.2,65
12703,T,220830,080939,60.356239N,24.125004E,50,11.3,62
12704,T,220830,080940,60.356247N,24.125059E,50,11.6,69
12705,T,220830,080941,60.356258N,24.125118E,50,12.2,68
12706,T,220830,080942,60.356270N,24.125183E,50,13.0,68
12707,T,220830,080943,60.356281N,24.125250E,50,14.1,65
12708,T,220830,080944,60.356300N,24.125315E,50,14.0,64
12709,T,220830,080945,60.356312N,24.125372E,51,14.0,63
12710,T,220830,080946,60.356323N,24.125441E,51,15.0,62
12711,T,220830,080947,60.356342N,24.125513E,50,16.7,54
12712,T,220830,080948,60.356369N,24.125589E,50,18.6,55
12713,T,220830,080949,60.356396N,24.125677E,50,21.3,55
12714,T,220830,080950,60.356434N,24.125774E,49,24.0,52
12715,T,220830,080951,60.356472N,24.125875E,49,26.2,49
12716,T,220830,080952,60.356510N,24.125971E,48,24.0,48
12717,T,220830,080953,60.356548N,24.126060E,48,22.9,48
12718,T,220830,080954,60.356579N,24.126146E,47,21.2,48
12719,T,220830,080955,60.356617N,24.126228E,47,21.8,47
12720,T,220830,080956,60.356651N,24.126310E,47,22.5,47
12721,T,220830,080957,60.356674N,24.126385E,46,19.7,48
12722,T,220830,080958,60.356716N,24.126476E,46,22.8,49
12723,T,220830,080959,60.356758N,24.126575E,46,22.4,50
12724,T,220830,081000,60.356792N,24.126671E,47,21.6,56
12725,T,220830,081001,60.356819N,24.126757E,46,19.0,57
12726,T,220830,081002,60.356846N,24.126837E,47,16.6,58
12727,T,220830,081003,60.356865N,24.126904E,47,15.2,55
12728,T,220830,081004,60.356884N,24.126965E,48,13.0,55
12729,T,220830,081005,60.356899N,24.127024E,49,12.1,63
12730,T,220830,081006,60.356911N,24.127085E,50,11.0,67
12731,T,220830,081007,60.356918N,24.127136E,51,10.3,68
12732,T,220830,081008,60.356930N,24.127186E,51,10.3,68
12733,T,220830,081009,60.356937N,24.127235E,52,10.4,70
12734,T,220830,081010,60.356945N,24.127283E,53,9.1,68
12735,T,220830,081011,60.356949N,24.127321E,54,7.6,74
12736,T,220830,081012,60.356953N,24.127361E,54,9.0,74
12737,T,220830,081013,60.356960N,24.127407E,54,8.2,74
12738,T,220830,081014,60.356960N,24.127447E,53,7.3,75
12739,T,220830,081015,60.356960N,24.127497E,53,8.4,76
12740,T,220830,081016,60.356960N,24.127539E,53,8.4,88
12741,T,220830,081017,60.356960N,24.127588E,53,9.5,91
12742,T,220830,081018,60.356960N,24.127638E,53,8.1,98
12743,T,220830,081019,60.356960N,24.127682E,52,7.1,95
12744,T,220830,081020,60.356960N,24.127729E,52,8.5,94
12745,T,220830,081021,60.356964N,24.127781E,53,8.6,93
12746,T,220830,081022,60.356960N,24.127836E,53,9.8,94
12747,T,220830,081023,60.356960N,24.127895E,53,10.9,95
12748,T,220830,081024,60.356953N,24.127958E,53,13.1,96
12749,T,220830,081025,60.356945N,24.128038E,53,16.7,97
12750,T,220830,081026,60.356934N,24.128138E,53,20.5,98
12751,T,220830,081027,60.356915N,24.128256E,53,23.7,99
12752,T,220830,081028,60.356888N,24.128389E,52,28.6,112
12753,T,220830,081029,60.356853N,24.128544E,52,31.6,112
12754,T,220830,081030,60.356815N,24.128717E,52,34.4,112
12755,T,220830,081031,60.356777N,24.128897E,52,39.2,111
12756,T,220830,081032,60.356739N,24.129080E,51,38.3,109
12757,T,220830,081033,60.356705N,24.129272E,51,37.2,102
12758,T,220830,081034,60.356682N,24.129459E,50,33.7,96
12759,T,220830,081035,60.356667N,24.129637E,50,31.0,90
12760,T,220830,081036,60.356663N,24.129789E,49,27.2,83
12761,T,220830,081037,60.356670N,24.129923E,49,23.2,78
12762,T,220830,081038,60.356686N,24.130030E,49,19.3,73
12763,T,220830,081039,60.356697N,24.130116E,49,15.1,74
12764,T,220830,081040,60.356705N,24.130186E,49,12.5,75
12765,T,220830,081041,60.356712N,24.130251E,49,11.9,71
12766,T,220830,081042,60.356716N,24.130316E,49,11.9,73
12767,T,220830,081043,60.356724N,24.130390E,48,14.5,75
12768,T,220830,081044,60.356728N,24.130484E,48,16.5,75
12769,T,220830,081045,60.356735N,24.130585E,48,18.3,75
12770,T,220830,081046,60.356747N,24.130682E,48,19.4,74
12771,T,220830,081047,60.356758N,24.130787E,48,20.6,74
12772,T,220830,081048,60.356777N,24.130896E,48,21.4,74
12773,T,220830,081049,60.356789N,24.131004E,48,21.1,75
12774,T,220830,081050,60.356800N,24.131109E,48,20.0,75
12775,T,220830,081051,60.356808N,24.131212E,48,19.5,84
12776,T,220830,081052,60.356808N,24.131313E,48,18.8,93
12777,T,220830,081053,60.356800N,24.131413E,47,19.8,110
12778,T,220830,081054,60.356773N,24.131502E,47,21.5,128
12779,T,220830,081055,60.356735N,24.131584E,46,22.0,140
12780,T,220830,081056,60.356689N,24.131647E,45,22.0,149
12781,T,220830,081057,60.356640N,24.131699E,45,22.1,158
12782,T,220830,081058,60.356586N,24.131735E,44,21.6,165
12783,T,220830,081059,60.356533N,24.131762E,44,22.7,164
12784,T,220830,081100,60.356476N,24.131794E,43,24.0,163
12785,T,220830,081101,60.356415N,24.131832E,43,25.3,161
12786,T,220830,081102,60.356358N,24.131876E,42,26.2,160
12787,T,220830,081103,60.356293N,24.131926E,42,27.0,158
12788,T,220830,081104,60.356228N,24.131985E,42,27.1,156
12789,T,220830,081105,60.356167N,24.132050E,42,27.0,147
12790,T,220830,081106,60.356113N,24.132122E,42,26.4,146
12791,T,220830,081107,60.356060N,24.132196E,42,26.0,144
12792,T,220830,081108,60.356003N,24.132277E,42,25.5,142
12793,T,220830,081109,60.355953N,24.132353E,42,26.0,144
12794,T,220830,081110,60.355900N,24.132427E,42,24.7,142
12795,T,220830,081111,60.355858N,24.132507E,42,23.9,139
12796,T,220830,081112,60.355812N,24.132587E,42,22.3,138
12797,T,220830,081113,60.355766N,24.132658E,43,19.6,139
12798,T,220830,081114,60.355736N,24.132721E,43,18.5,138
12799,T,220830,081115,60.355705N,24.132772E,44,15.5,137
12800,T,220830,081116,60.355671N,24.132816E,44,15.9,136
12801,T,220830,081117,60.355644N,24.132862E,44,15.4,138
12802,T,220830,081118,60.355614N,24.132908E,44,15.4,140
12803,T,220830,081119,60.355583N,24.132952E,45,14.7,139
12804,T,220830,081120,60.355553N,24.133001E,45,15.2,140
12805,T,220830,081121,60.355522N,24.133053E,45,16.3,140
12806,T,220830,081122,60.355492N,24.133106E,45,16.7,139
12807,T,220830,081123,60.355461N,24.133171E,45,17.9,140
12808,T,220830,081124,60.355419N,24.133232E,45,19.3,141
12809,T,220830,081125,60.355381N,24.133293E,45,20.4,141
12810,T,220830,081126,60.355335N,24.133362E,45,22.6,141
12811,T,220830,081127,60.355289N,24.133440E,45,23.6,141
12812,T,220830,081128,60.355240N,24.133518E,46,24.3,141
12813,T,220830,081129,60.355198N,24.133596E,46,23.6,141
12814,T,220830,081130,60.355152N,24.133677E,46,24.1,140
12815,T,220830,081131,60.355103N,24.133753E,46,22.5,139
12816,T,220830,081132,60.355064N,24.133823E,47,22.0,139
12817,T,220830,081133,60.355019N,24.133896E,47,21.6,139
12818,T,220830,081134,60.354984N,24.133963E,47,20.3,139
12819,T,220830,081135,60.354946N,24.134026E,48,18.8,138
12820,T,220830,081136,60.354916N,24.134085E,48,16.6,137
12821,T,220830,081137,60.354885N,24.134140E,48,16.0,137
12822,T,220830,081138,60.354855N,24.134193E,48,15.5,138
12823,T,220830,081139,60.354824N,24.134245E,49,16.0,139
12824,T,220830,081140,60.354794N,24.134298E,49,16.8,140
12825,T,220830,081141,60.354755N,24.134356E,49,18.0,141
12826,T,220830,081142,60.354721N,24.134420E,49,19.4,141
12827,T,220830,081143,60.354679N,24.134493E,48,21.7,141
12828,T,220830,081144,60.354637N,24.134569E,48,23.5,141
12829,T,220830,081145,60.354588N,24.134651E,49,24.5,140
12830,T,220830,081146,60.354534N,24.134729E,49,25.0,141
12831,T,220830,081147,60.354481N,24.134809E,49,26.4,142
12832,T,220830,081148,60.354427N,24.134892E,49,26.3,141
12833,T,220830,081149,60.354382N,24.134981E,49,26.3,140
12834,T,220830,081150,60.354332N,24.135065E,49,25.6,140
12835,T,220830,081151,60.354282N,24.135145E,48,24.6,139
12836,T,220830,081152,60.354240N,24.135227E,48,24.2,140
12837,T,220830,081153,60.354191N,24.135303E,48,22.8,140
12838,T,220830,081154,60.354149N,24.135376E,48,23.3,141
12839,T,220830,081155,60.354103N,24.135445E,48,22.4,142
12840,T,220830,081156,60.354061N,24.135513E,48,22.0,143
12841,T,220830,081157,60.354012N,24.135582E,49,21.9,144
12842,T,220830,081158,60.353970N,24.135639E,49,19.8,146
12843,T,220830,081159,60.353928N,24.135696E,49,18.6,145
12844,T,220830,081200,60.353893N,24.135752E,49,17.6,148
12845,T,220830,081201,60.353851N,24.135796E,49,18.0,153
12846,T,220830,081202,60.353813N,24.135836E,49,18.1,154
12847,T,220830,081203,60.353767N,24.135880E,48,19.6,156
12848,T,220830,081204,60.353722N,24.135920E,48,20.5,157
12849,T,220830,081205,60.353672N,24.135962E,48,22.4,159
12850,T,220830,081206,60.353615N,24.136002E,48,24.2,161
12851,T,220830,081207,60.353558N,24.136040E,47,24.7,163
12852,T,220830,081208,60.353493N,24.136076E,46,24.8,166
12853,T,220830,081209,60.353424N,24.136114E,45,30.3,163
12854,T,220830,081210,60.353352N,24.136164E,44,31.0,156
12855,T,220830,081211,60.353283N,24.136215E,43,29.5,152
12856,T,220830,081212,60.353226N,24.136295E,44,27.6,146
12857,T,220830,081213,60.353168N,24.136387E,45,26.2,143
12858,T,220830,081214,60.353119N,24.136473E,45,24.1,140
12859,T,220830,081215,60.353073N,24.136559E,46,23.5,139
12860,T,220830,081216,60.353027N,24.136637E,46,23.5,140
12861,T,220830,081217,60.352985N,24.136721E,46,24.0,142
12862,T,220830,081218,60.352936N,24.136793E,46,24.4,144
12863,T,220830,081219,60.352882N,24.136864E,47,24.5,146
12864,T,220830,081220,60.352833N,24.136927E,47,24.5,148
12865,T,220830,081221,60.352776N,24.136986E,46,24.6,150
12866,T,220830,081222,60.352718N,24.137039E,46,24.5,153
12867,T,220830,081223,60.352661N,24.137089E,46,23.7,155
12868,T,220830,081224,60.352608N,24.137136E,46,23.6,156
12869,T,220830,081225,60.352551N,24.137186E,46,23.5,156
12870,T,220830,081226,60.352501N,24.137236E,46,23.6,156
12871,T,220830,081227,60.352444N,24.137287E,46,24.0,155
12872,T,220830,081228,60.352390N,24.137344E,46,24.0,153
12873,T,220830,081229,60.352341N,24.137398E,46,21.4,152
12874,T,220830,081230,60.352295N,24.137442E,46,17.1,152
12875,T,220830,081231,60.352261N,24.137470E,46,13.0,161
12876,T,220830,081232,60.352234N,24.137480E,45,10.1,177
12877,T,220830,081233,60.352207N,24.137474E,45,8.5,200
12878,T,220830,081234,60.352192N,24.137461E,46,6.1,199
12879,T,220830,081235,60.352184N,24.137459E,46,0.0,199
12880,T,220830,081236,60.352180N,24.137463E,46,0.0,199
12881,T,220830,081237,60.352180N,24.137463E,46,0.0,199
12882,T,220830,081238,60.352184N,24.137461E,46,0.0,199
12883,T,220830,081239,60.352184N,24.137461E,46,0.0,199
12884,T,220830,081240,60.352184N,24.137461E,46,0.0,199
12885,T,220830,081241,60.352184N,24.137465E,46,0.0,199
12886,T,220830,081242,60.352184N,24.137476E,46,0.0,199
12887,T,220830,081243,60.352192N,24.137501E,46,0.0,199
12888,T,220830,081244,60.352192N,24.137535E,46,7.8,102
12889,T,220830,081245,60.352184N,24.137573E,46,9.3,105
12890,T,220830,081246,60.352165N,24.137609E,45,12.5,109
12891,T,220830,081247,60.352135N,24.137646E,45,14.9,113
12892,T,220830,081248,60.352100N,24.137680E,45,16.7,118
12893,T,220830,081249,60.352062N,24.137714E,45,17.5,121
12894,T,220830,081250,60.352020N,24.137753E,45,18.6,125
12895,T,220830,081251,60.351978N,24.137798E,45,19.6,128
12896,T,220830,081252,60.351936N,24.137852E,45,21.2,131
12897,T,220830,081253,60.351887N,24.137909E,44,22.6,133
12898,T,220830,081254,60.351837N,24.137970E,44,24.7,135
12899,T,220830,081255,60.351780N,24.138041E,43,27.3,137
12900,T,220830,081256,60.351719N,24.138115E,43,29.3,138
12901,T,220830,081257,60.351650N,24.138189E,42,30.3,140
12902,T,220830,081258,60.351585N,24.138262E,42,30.2,142
12903,T,220830,081259,60.351517N,24.138325E,42,29.3,143
12904,T,220830,081300,60.351448N,24.138374E,42,27.1,162
12905,T,220830,081301,60.351383N,24.138414E,42,26.6,162
12906,T,220830,081302,60.351318N,24.138456E,42,25.2,160
12907,T,220830,081303,60.351265N,24.138498E,41,23.7,160
12908,T,220830,081304,60.351208N,24.138536E,41,22.5,161
12909,T,220830,081305,60.351154N,24.138571E,41,21.3,160
12910,T,220830,081306,60.351105N,24.138609E,42,21.7,159
12911,T,220830,081307,60.351059N,24.138655E,42,21.0,158
12912,T,220830,081308,60.351013N,24.138704E,42,21.6,157
12913,T,220830,081309,60.350964N,24.138760E,43,21.0,156
12914,T,220830,081310,60.350922N,24.138823E,43,21.6,140
12915,T,220830,081311,60.350880N,24.138893E,44,21.2,138
12916,T,220830,081312,60.350845N,24.138966E,44,21.3,135
12917,T,220830,081313,60.350803N,24.139042E,45,20.7,135
12918,T,220830,081314,60.350773N,24.139116E,45,19.4,131
12919,T,220830,081315,60.350739N,24.139189E,45,18.7,130
12920,T,220830,081316,60.350712N,24.139257E,45,16.4,130
12921,T,220830,081317,60.350685N,24.139320E,45,15.5,131
12922,T,220830,081318,60.350658N,24.139378E,46,14.4,130
12923,T,220830,081319,60.350639N,24.139437E,46,13.7,127
12924,T,220830,081320,60.350616N,24.139488E,46,13.8,129
12925,T,220830,081321,60.350597N,24.139544E,47,13.4,124
12926,T,220830,081322,60.350574N,24.139603E,47,14.2,123
12927,T,220830,081323,60.350559N,24.139660E,48,13.7,123
12928,T,220830,081324,60.350540N,24.139725E,48,14.6,121
12929,T,220830,081325,60.350525N,24.139788E,48,14.2,112
12930,T,220830,081326,60.350513N,24.139856E,49,14.1,105
12931,T,220830,081327,60.350506N,24.139929E,50,15.2,107
12932,T,220830,081328,60.350487N,24.140003E,50,16.0,111
12933,T,220830,081329,60.350471N,24.140079E,51,16.0,114
12934,T,220830,081330,60.350452N,24.140154E,51,15.9,115
12935,T,220830,081331,60.350437N,24.140232E,51,17.0,113
12936,T,220830,081332,60.350414N,24.140310E,51,17.3,115
12937,T,220830,081333,60.350399N,24.140385E,52,14.9,109
12938,T,220830,081334,60.350384N,24.140457E,52,16.7,112
12939,T,220830,081335,60.350368N,24.140535E,53,16.8,113
12940,T,220830,081336,60.350346N,24.140608E,53,16.9,114
12941,T,220830,081337,60.350319N,24.140680E,53,16.8,115
12942,T,220830,081338,60.350292N,24.140747E,53,16.9,116
12943,T,220830,081339,60.350266N,24.140816E,53,16.5,117
12944,T,220830,081340,60.350231N,24.140881E,52,17.8,135
12945,T,220830,081341,60.350201N,24.140942E,53,17.3,135
12946,T,220830,081342,60.350166N,24.141001E,52,16.0,136
12947,T,220830,081343,60.350132N,24.141056E,52,17.0,136
12948,T,220830,081344,60.350101N,24.141111E,51,16.5,137
12949,T,220830,081345,60.350067N,24.141165E,51,15.1,138
12950,T,220830,081346,60.350040N,24.141218E,51,15.0,139
12951,T,220830,081347,60.350018N,24.141270E,51,14.7,134
12952,T,220830,081348,60.349991N,24.141319E,51,12.8,135
12953,T,220830,081349,60.349968N,24.141361E,51,12.1,136
12954,T,220830,081350,60.349945N,24.141405E,51,11.2,137
12955,T,220830,081351,60.349922N,24.141447E,51,10.5,137
12956,T,220830,081352,60.349895N,24.141483E,51,10.8,136
12957,T,220830,081353,60.349876N,24.141523E,51,11.3,132
12958,T,220830,081354,60.349850N,24.141569E,51,13.3,129
12959,T,220830,081355,60.349823N,24.141626E,51,14.9,129
12960,T,220830,081356,60.349800N,24.141691E,51,16.7,129
12961,T,220830,081357,60.349773N,24.141768E,51,18.5,127
12962,T,220830,081358,60.349739N,24.141851E,51,20.2,125
12963,T,220830,081359,60.349712N,24.141947E,50,21.8,125
12964,T,220830,081400,60.349686N,24.142050E,50,23.3,124
12965,T,220830,081401,60.349655N,24.142157E,50,23.3,122
12966,T,220830,081402,60.349625N,24.142256E,50,21.8,122
12967,T,220830,081403,60.349590N,24.142344E,50,21.0,130
12968,T,220830,081404,60.349556N,24.142424E,50,21.2,136
12969,T,220830,081405,60.349510N,24.142490E,50,23.2,150
12970,T,220830,081406,60.349457N,24.142527E,50,22.8,171
12971,T,220830,081407,60.349400N,24.142527E,50,23.5,187
12972,T,220830,081408,60.349342N,24.142498E,50,22.5,201
12973,T,220830,081409,60.349293N,24.142447E,51,22.5,213
12974,T,220830,081410,60.349247N,24.142378E,50,22.1,218
12975,T,220830,081411,60.349209N,24.142309E,50,22.0,217
12976,T,220830,081412,60.349163N,24.142246E,50,21.1,214
12977,T,220830,081413,60.349121N,24.142191E,50,21.1,214
12978,T,220830,081414,60.349072N,24.142139E,50,21.5,213
12979,T,220830,081415,60.349018N,24.142097E,50,21.2,199
12980,T,220830,081416,60.348969N,24.142065E,50,20.8,194
12981,T,220830,081417,60.348919N,24.142044E,50,20.1,190
12982,T,220830,081418,60.348873N,24.142027E,50,19.2,189
12983,T,220830,081419,60.348827N,24.142015E,51,18.5,186
12984,T,220830,081420,60.348782N,24.142010E,51,17.8,181
12985,T,220830,081421,60.348736N,24.142012E,51,17.8,178
12986,T,220830,081422,60.348694N,24.142015E,50,17.9,176
12987,T,220830,081423,60.348644N,24.142033E,50,19.4,175
12988,T,220830,081424,60.348595N,24.142044E,50,20.3,173
12989,T,220830,081425,60.348541N,24.142054E,50,23.1,175
12990,T,220830,081426,60.348480N,24.142063E,50,24.2,175
12991,T,220830,081427,60.348415N,24.142073E,50,26.4,177
12992,T,220830,081428,60.348347N,24.142069E,49,26.3,178
12993,T,220830,081429,60.348282N,24.142056E,48,28.5,179
12994,T,220830,081430,60.348209N,24.142023E,48,29.3,196
12995,T,220830,081431,60.348141N,24.141975E,47,29.6,201
12996,T,220830,081432,60.348072N,24.141920E,47,30.1,204
12997,T,220830,081433,60.348000N,24.141865E,47,28.5,203
12998,T,220830,081434,60.347935N,24.141806E,47,28.1,204
12999,T,220830,081435,60.347874N,24.141750E,47,27.6,203
13000,T,220830,081436,60.347809N,24.141693E,47,27.0,204
13001,T,220830,081437,60.347748N,24.141640E,47,26.1,204
13002,T,220830,081438,60.347687N,24.141590E,47,25.4,203
13003,T,220830,081439,60.347630N,24.141541E,47,25.7,203
13004,T,220830,081440,60.347572N,24.141479E,47,25.1,204
13005,T,220830,081441,60.347515N,24.141424E,46,25.2,205
13006,T,220830,081442,60.347462N,24.141373E,47,24.6,205
13007,T,220830,081443,60.347401N,24.141323E,47,24.1,205
13008,T,220830,081444,60.347347N,24.141275E,47,23.5,204
13009,T,220830,081445,60.347298N,24.141228E,48,22.9,203
13010,T,220830,081446,60.347240N,24.141184E,48,22.9,202
13011,T,220830,081447,60.347191N,24.141148E,48,22.2,200
13012,T,220830,081448,60.347137N,24.141113E,48,22.1,198
13013,T,220830,081449,60.347084N,24.141083E,48,22.0,196
13014,T,220830,081450,60.347031N,24.141062E,48,22.0,188
13015,T,220830,081451,60.346977N,24.141052E,47,22.4,181
13016,T,220830,081452,60.346920N,24.141056E,47,22.9,178
13017,T,220830,081453,60.346859N,24.141064E,47,23.0,176
13018,T,220830,081454,60.346806N,24.141079E,47,23.4,172
13019,T,220830,081455,60.346748N,24.141096E,47,23.5,171
13020,T,220830,081456,60.346687N,24.141113E,47,23.7,172
13021,T,220830,081457,60.346626N,24.141127E,46,23.8,173
13022,T,220830,081458,60.346569N,24.141140E,46,24.2,175
13023,T,220830,081459,60.346508N,24.141148E,46,24.6,178
13024,T,220830,081500,60.346443N,24.141146E,46,25.9,178
13025,T,220830,081501,60.346378N,24.141129E,45,26.0,192
13026,T,220830,081502,60.346321N,24.141087E,45,26.7,200
13027,T,220830,081503,60.346260N,24.141035E,45,26.7,205
13028,T,220830,081504,60.346199N,24.140972E,46,26.8,207
13029,T,220830,081505,60.346142N,24.140905E,46,25.9,210
13030,T,220830,081506,60.346088N,24.140837E,46,24.7,216
13031,T,220830,081507,60.346039N,24.140757E,46,24.4,218
13032,T,220830,081508,60.345993N,24.140676E,46,24.1,218
13033,T,220830,081509,60.345943N,24.140596E,47,24.2,218
13034,T,220830,081510,60.345901N,24.140524E,47,22.8,216
13035,T,220830,081511,60.345852N,24.140465E,47,21.7,209
13036,T,220830,081512,60.345798N,24.140411E,47,21.1,204
13037,T,220830,081513,60.345757N,24.140364E,47,20.3,203
13038,T,220830,081514,60.345707N,24.140322E,47,19.7,203
13039,T,220830,081515,60.345665N,24.140278E,47,19.7,205
13040,T,220830,081516,60.345619N,24.140234E,47,20.3,204
13041,T,220830,081517,60.345573N,24.140188E,46,21.2,202
13042,T,220830,081518,60.345520N,24.140150E,46,22.0,200
13043,T,220830,081519,60.345467N,24.140112E,46,22.7,199
13044,T,220830,081520,60.345413N,24.140074E,46,23.3,198
13045,T,220830,081521,60.345356N,24.140036E,46,24.2,197
13046,T,220830,081522,60.345295N,24.139997E,46,25.4,196
13047,T,220830,081523,60.345230N,24.139969E,45,26.6,195
13048,T,220830,081524,60.345165N,24.139929E,45,27.4,196
13049,T,220830,081525,60.345100N,24.139881E,44,28.1,197
13050,T,220830,081526,60.345032N,24.139835E,44,28.7,198
13051,T,220830,081527,60.344959N,24.139788E,44,29.6,198
13052,T,220830,081528,60.344887N,24.139742E,43,30.3,199
13053,T,220830,081529,60.344814N,24.139688E,43,30.5,199
13054,T,220830,081530,60.344746N,24.139629E,43,30.5,200
13055,T,220830,081531,60.344677N,24.139568E,43,30.4,202
13056,T,220830,081532,60.344608N,24.139505E,42,29.9,203
13057,T,220830,081533,60.344540N,24.139444E,42,29.0,204
13058,T,220830,081534,60.344475N,24.139383E,42,28.0,205
13059,T,220830,081535,60.344414N,24.139322E,42,27.2,205
13060,T,220830,081536,60.344353N,24.139259E,43,26.6,206
13061,T,220830,081537,60.344292N,24.139202E,43,26.7,206
13062,T,220830,081538,60.344231N,24.139145E,43,26.8,206
13063,T,220830,081539,60.344170N,24.139084E,43,26.9,206
13064,T,220830,081540,60.344112N,24.139023E,43,26.9,206
13065,T,220830,081541,60.344048N,24.138960E,43,26.9,206
13066,T,220830,081542,60.343990N,24.138897E,43,26.9,207
13067,T,220830,081543,60.343929N,24.138836E,43,26.9,207
13068,T,220830,081544,60.343872N,24.138777E,43,26.6,206
13069,T,220830,081545,60.343811N,24.138714E,43,26.6,207
13070,T,220830,081546,60.343754N,24.138655E,43,26.6,206
13071,T,220830,081547,60.343689N,24.138597E,43,26.6,205
13072,T,220830,081548,60.343632N,24.138544E,44,26.1,205
13073,T,220830,081549,60.343571N,24.138483E,44,26.1,205
13074,T,220830,081550,60.343513N,24.138428E,44,25.2,205
13075,T,220830,081551,60.343456N,24.138374E,44,25.9,204
13076,T,220830,081552,60.343395N,24.138321E,44,25.2,204
13077,T,220830,081553,60.343342N,24.138266E,45,25.2,204
13078,T,220830,081554,60.343281N,24.138212E,45,25.7,203
13079,T,220830,081555,60.343220N,24.138165E,45,25.8,203
13080,T,220830,081556,60.343159N,24.138109E,45,25.8,204
13081,T,220830,081557,60.343105N,24.138050E,45,26.0,205
13082,T,220830,081558,60.343044N,24.137985E,44,26.5,206
13083,T,220830,081559,60.342983N,24.137926E,44,26.5,206
13084,T,220830,081600,60.342922N,24.137863E,44,26.5,206
13085,T,220830,081601,60.342865N,24.137804E,44,26.6,205
13086,T,220830,081602,60.342804N,24.137751E,44,26.6,204
13087,T,220830,081603,60.342743N,24.137695E,45,26.6,203
13088,T,220830,081604,60.342682N,24.137646E,44,26.6,202
13089,T,220830,081605,60.342621N,24.137598E,44,26.7,200
13090,T,220830,081606,60.342556N,24.137550E,44,26.7,199
13091,T,220830,081607,60.342491N,24.137505E,45,26.8,199
13092,T,220830,081608,60.342426N,24.137463E,45,26.8,198
13093,T,220830,081609,60.342365N,24.137419E,45,26.9,198
13094,T,220830,081610,60.342300N,24.137377E,45,26.9,197
13095,T,220830,081611,60.342239N,24.137337E,45,26.8,197
13096,T,220830,081612,60.342175N,24.137297E,44,26.4,196
13097,T,220830,081613,60.342113N,24.137260E,45,26.0,196
13098,T,220830,081614,60.342049N,24.137224E,45,25.4,196
13099,T,220830,081615,60.341991N,24.137186E,45,25.3,196
13100,T,220830,081616,60.341930N,24.137152E,45,24.7,197
13101,T,220830,081617,60.341873N,24.137112E,45,24.3,197
13102,T,220830,081618,60.341816N,24.137075E,45,23.9,198
13103,T,220830,081619,60.341759N,24.137037E,45,23.5,198
13104,T,220830,081620,60.341705N,24.137005E,45,23.5,198
13105,T,220830,081621,60.341648N,24.136974E,46,23.0,197
13106,T,220830,081622,60.341595N,24.136938E,46,23.0,197
13107,T,220830,081623,60.341545N,24.136900E,46,23.0,197
13108,T,220830,081624,60.341488N,24.136864E,46,22.9,197
13109,T,220830,081625,60.341438N,24.136816E,46,23.0,197
13110,T,220830,081626,60.341385N,24.136780E,46,23.5,197
13111,T,220830,081627,60.341328N,24.136742E,46,23.5,196
13112,T,220830,081628,60.341282N,24.136703E,46,23.2,197
13113,T,220830,081629,60.341225N,24.136669E,46,23.1,196
13114,T,220830,081630,60.341167N,24.136639E,46,23.1,196
13115,T,220830,081631,60.341110N,24.136606E,46,23.0,196
13116,T,220830,081632,60.341061N,24.136572E,46,22.6,196
13117,T,220830,081633,60.341003N,24.136538E,47,22.5,196
13118,T,220830,081634,60.340954N,24.136505E,47,22.4,196
13119,T,220830,081635,60.340900N,24.136477E,47,22.3,196
13120,T,220830,081636,60.340847N,24.136444E,47,22.3,196
13121,T,220830,081637,60.340794N,24.136410E,47,22.2,196
13122,T,220830,081638,60.340740N,24.136375E,47,22.1,197
13123,T,220830,081639,60.340687N,24.136339E,47,22.1,197
13124,T,220830,081640,60.340637N,24.136309E,47,22.8,197
13125,T,220830,081641,60.340580N,24.136276E,47,23.2,196
13126,T,220830,081642,60.340523N,24.136242E,46,23.3,196
13127,T,220830,081643,60.340469N,24.136206E,46,24.0,195
13128,T,220830,081644,60.340408N,24.136169E,46,24.5,196
13129,T,220830,081645,60.340351N,24.136131E,46,25.4,196
13130,T,220830,081646,60.340286N,24.136091E,46,26.1,196
13131,T,220830,081647,60.340225N,24.136051E,46,26.2,197
13132,T,220830,081648,60.340164N,24.136009E,45,26.6,197
13133,T,220830,081649,60.340099N,24.135965E,45,27.1,198
13134,T,220830,081650,60.340031N,24.135925E,45,27.6,197
13135,T,220830,081651,60.339970N,24.135883E,45,27.6,197
13136,T,220830,081652,60.339901N,24.135843E,45,28.1,197
13137,T,220830,081653,60.339832N,24.135796E,45,28.1,197
13138,T,220830,081654,60.339764N,24.135748E,45,29.1,198
13139,T,220830,081655,60.339691N,24.135702E,45,30.3,198
13140,T,220830,081656,60.339619N,24.135653E,44,31.7,197
13141,T,220830,081657,60.339542N,24.135599E,44,33.0,197
13142,T,220830,081658,60.339458N,24.135544E,42,35.5,197
13143,T,220830,081659,60.339367N,24.135487E,41,37.5,197
13144,T,220830,081700,60.339279N,24.135424E,41,38.8,198
13145,T,220830,081701,60.339184N,24.135359E,40,39.5,198
13146,T,220830,081702,60.339088N,24.135290E,39,39.9,199
13147,T,220830,081703,60.338997N,24.135220E,38,40.2,199
13148,T,220830,081704,60.338902N,24.135153E,38,40.2,199
13149,T,220830,081705,60.338802N,24.135086E,38,40.3,199
13150,T,220830,081706,60.338711N,24.135021E,38,40.1,198
13151,T,220830,081707,60.338615N,24.134960E,38,39.4,198
13152,T,220830,081708,60.338524N,24.134897E,38,38.5,198
13153,T,220830,081709,60.338432N,24.134838E,38,37.6,198
13154,T,220830,081710,60.338348N,24.134775E,38,36.8,198
13155,T,220830,081711,60.338261N,24.134720E,38,35.7,198
13156,T,220830,081712,60.338181N,24.134665E,38,34.6,198
13157,T,220830,081713,60.338100N,24.134607E,39,33.1,198
13158,T,220830,081714,60.338024N,24.134556E,39,31.1,198
13159,T,220830,081715,60.337952N,24.134508E,39,29.3,198
13160,T,220830,081716,60.337883N,24.134466E,40,27.8,197
13161,T,220830,081717,60.337818N,24.134424E,40,26.4,198
13162,T,220830,081718,60.337761N,24.134382E,41,24.7,198
13163,T,220830,081719,60.337704N,24.134344E,42,23.2,198
13164,T,220830,081720,60.337646N,24.134306E,42,21.8,198
13165,T,220830,081721,60.337601N,24.134274E,42,20.3,198
13166,T,220830,081722,60.337551N,24.134245E,43,19.2,197
13167,T,220830,081723,60.337509N,24.134216E,43,18.0,197
13168,T,220830,081724,60.337467N,24.134190E,44,17.0,197
13169,T,220830,081725,60.337429N,24.134165E,44,16.4,197
13170,T,220830,081726,60.337387N,24.134138E,44,16.0,197
13171,T,220830,081727,60.337353N,24.134111E,45,15.9,198
13172,T,220830,081728,60.337315N,24.134089E,45,15.5,198
13173,T,220830,081729,60.337280N,24.134068E,45,15.1,197
13174,T,220830,081730,60.337242N,24.134047E,46,14.5,197
13175,T,220830,081731,60.337208N,24.134020E,46,14.4,198
13176,T,220830,081732,60.337177N,24.133993E,46,14.4,197
13177,T,220830,081733,60.337139N,24.133970E,47,14.3,198
13178,T,220830,081734,60.337105N,24.133944E,47,14.3,198
13179,T,220830,081735,60.337070N,24.133923E,47,13.9,198
13180,T,220830,081736,60.337040N,24.133896E,48,13.5,198
13181,T,220830,081737,60.337009N,24.133877E,48,13.5,199
13182,T,220830,081738,60.336975N,24.133852E,49,13.4,199
13183,T,220830,081739,60.336948N,24.133833E,49,12.9,198
13184,T,220830,081740,60.336918N,24.133816E,49,12.5,196
13185,T,220830,081741,60.336887N,24.133795E,50,12.5,202
13186,T,220830,081742,60.336861N,24.133774E,51,12.3,201
13187,T,220830,081743,60.336830N,24.133755E,51,11.8,200
13188,T,220830,081744,60.336807N,24.133736E,52,11.3,199
13189,T,220830,081745,60.336781N,24.133724E,53,10.7,196
13190,T,220830,081746,60.336758N,24.133707E,53,11.0,195
13191,T,220830,081747,60.336727N,24.133694E,54,10.5,200
13192,T,220830,081748,60.336708N,24.133684E,55,9.8,199
13193,T,220830,081749,60.336681N,24.133680E,55,10.7,197
13194,T,220830,081750,60.336651N,24.133680E,55,10.8,195
13195,T,220830,081751,60.336624N,24.133684E,55,12.4,193
13196,T,220830,081752,60.336594N,24.133688E,55,13.7,191
13197,T,220830,081753,60.336555N,24.133698E,56,13.6,168
13198,T,220830,081754,60.336521N,24.133717E,56,14.8,164
13199,T,220830,081755,60.336483N,24.133741E,56,15.8,157
13200,T,220830,081756,60.336445N,24.133768E,56,16.5,160
13201,T,220830,081757,60.336407N,24.133797E,56,16.8,157
13202,T,220830,081758,60.336365N,24.133833E,56,17.5,156
13203,T,220830,081759,60.336323N,24.133865E,56,17.5,154
13204,T,220830,081800,60.336285N,24.133904E,57,17.5,152
13205,T,220830,081801,60.336243N,24.133947E,57,18.4,150
13206,T,220830,081802,60.336205N,24.133995E,56,18.5,150
13207,T,220830,081803,60.336159N,24.134045E,56,18.6,149
13208,T,220830,081804,60.336121N,24.134087E,56,18.7,150
13209,T,220830,081805,60.336079N,24.134130E,56,19.0,150
13210,T,220830,081806,60.336037N,24.134176E,56,19.1,150
13211,T,220830,081807,60.335991N,24.134224E,56,19.5,151
13212,T,220830,081808,60.335953N,24.134272E,56,19.7,152
13213,T,220830,081809,60.335903N,24.134315E,56,20.1,152
13214,T,220830,081810,60.335861N,24.134361E,55,20.9,154
13215,T,220830,081811,60.335808N,24.134403E,55,21.7,155
13216,T,220830,081812,60.335758N,24.134453E,55,21.3,154
13217,T,220830,081813,60.335712N,24.134499E,55,21.4,155
13218,T,220830,081814,60.335659N,24.134537E,55,22.0,156
13219,T,220830,081815,60.335609N,24.134581E,54,21.4,157
13220,T,220830,081816,60.335560N,24.134621E,54,22.1,158
13221,T,220830,081817,60.335503N,24.134661E,54,23.3,160
13222,T,220830,081818,60.335453N,24.134693E,54,22.9,162
13223,T,220830,081819,60.335396N,24.134724E,54,22.9,164
13224,T,220830,081820,60.335339N,24.134750E,53,23.0,166
13225,T,220830,081821,60.335285N,24.134771E,54,23.0,169
13226,T,220830,081822,60.335228N,24.134789E,54,22.6,171
13227,T,220830,081823,60.335167N,24.134804E,54,22.3,173
13228,T,220830,081824,60.335117N,24.134809E,54,21.5,175
13229,T,220830,081825,60.335060N,24.134809E,54,21.5,178
13230,T,220830,081826,60.335007N,24.134806E,53,21.5,181
13231,T,220830,081827,60.334953N,24.134794E,53,21.5,182
13232,T,220830,081828,60.334900N,24.134775E,53,21.9,184
13233,T,220830,081829,60.334846N,24.134735E,53,22.4,199
13234,T,220830,081830,60.334793N,24.134687E,53,23.3,206
13235,T,220830,081831,60.334740N,24.134621E,53,24.7,211
13236,T,220830,081832,60.334686N,24.134544E,52,25.8,216
13237,T,220830,081833,60.334637N,24.134459E,52,27.1,222
13238,T,220830,081834,60.334591N,24.134356E,52,28.4,225
13239,T,220830,081835,60.334541N,24.134249E,52,29.3,227
13240,T,220830,081836,60.334492N,24.134136E,52,29.9,228
13241,T,220830,081837,60.334442N,24.134016E,51,30.7,231
13242,T,220830,081838,60.334396N,24.133890E,51,31.2,232
13243,T,220830,081839,60.334351N,24.133764E,51,31.2,232
13244,T,220830,081840,60.334301N,24.133644E,51,30.7,230
13245,T,220830,081841,60.334251N,24.133524E,51,30.3,231
13246,T,220830,081842,60.334209N,24.133406E,51,29.4,230
13247,T,220830,081843,60.334160N,24.133293E,51,29.0,230
13248,T,220830,081844,60.334110N,24.133181E,50,29.1,229
13249,T,220830,081845,60.334064N,24.133066E,50,29.2,229
13250,T,220830,081846,60.334015N,24.132954E,50,29.6,228
13251,T,220830,081847,60.333969N,24.132845E,50,29.5,227
13252,T,220830,081848,60.333916N,24.132740E,50,29.0,226
13253,T,220830,081849,60.333862N,24.132641E,50,29.1,224
13254,T,220830,081850,60.333813N,24.132540E,50,28.8,223
13255,T,220830,081851,60.333759N,24.132442E,50,29.4,222
13256,T,220830,081852,60.333698N,24.132343E,50,29.4,220
13257,T,220830,081853,60.333649N,24.132252E,50,29.3,219
13258,T,220830,081854,60.333588N,24.132162E,50,29.8,218
13259,T,220830,081855,60.333527N,24.132067E,50,30.7,218
13260,T,220830,081856,60.333469N,24.131968E,50,30.8,217
13261,T,220830,081857,60.333408N,24.131876E,50,30.5,216
13262,T,220830,081858,60.333344N,24.131784E,50,30.1,215
13263,T,220830,081859,60.333279N,24.131699E,50,29.8,214
13264,T,220830,081900,60.333218N,24.131622E,50,29.4,212
13265,T,220830,081901,60.333157N,24.131542E,50,29.3,211
13266,T,220830,081902,60.333096N,24.131466E,51,28.5,211
13267,T,220830,081903,60.333031N,24.131390E,51,28.9,211
13268,T,220830,081904,60.332970N,24.131308E,51,28.8,211
13269,T,220830,081905,60.332912N,24.131229E,51,28.7,212
13270,T,220830,081906,60.332848N,24.131147E,51,28.1,213
13271,T,220830,081907,60.332790N,24.131065E,51,27.2,213
13272,T,220830,081908,60.332737N,24.130985E,51,27.5,214
13273,T,220830,081909,60.332680N,24.130903E,51,27.9,215
13274,T,220830,081910,60.332623N,24.130816E,51,27.5,216
13275,T,220830,081911,60.332573N,24.130732E,51,27.1,217
13276,T,220830,081912,60.332520N,24.130648E,51,27.7,218
13277,T,220830,081913,60.332462N,24.130564E,51,27.8,218
13278,T,220830,081914,60.332409N,24.130482E,51,27.4,217
13279,T,220830,081915,60.332352N,24.130402E,51,27.4,216
13280,T,220830,081916,60.332294N,24.130323E,51,26.7,215
13281,T,220830,081917,60.332245N,24.130243E,51,26.5,215
13282,T,220830,081918,60.332191N,24.130171E,51,25.6,214
13283,T,220830,081919,60.332134N,24.130098E,51,25.2,213
13284,T,220830,081920,60.332081N,24.130030E,52,24.9,212
13285,T,220830,081921,60.332031N,24.129963E,52,24.5,211
13286,T,220830,081922,60.331978N,24.129898E,52,24.5,211
13287,T,220830,081923,60.331924N,24.129833E,52,24.5,211
13288,T,220830,081924,60.331871N,24.129768E,52,24.0,211
13289,T,220830,081925,60.331821N,24.129704E,52,24.4,211
13290,T,220830,081926,60.331768N,24.129637E,52,24.8,211
13291,T,220830,081927,60.331715N,24.129572E,53,24.8,211
13292,T,220830,081928,60.331661N,24.129503E,53,24.8,211
13293,T,220830,081929,60.331608N,24.129436E,53,24.4,211
13294,T,220830,081930,60.331558N,24.129370E,53,24.5,212
13295,T,220830,081931,60.331512N,24.129295E,52,24.9,213
13296,T,220830,081932,60.331463N,24.129217E,52,24.9,215
13297,T,220830,081933,60.331421N,24.129139E,51,24.9,215
13298,T,220830,081934,60.331371N,24.129057E,51,25.0,216
13299,T,220830,081935,60.331329N,24.128965E,51,25.1,217
13300,T,220830,081936,60.331287N,24.128870E,51,25.8,218
13301,T,220830,081937,60.331249N,24.128763E,51,26.3,220
13302,T,220830,081938,60.331207N,24.128654E,51,26.9,221
13303,T,220830,081939,60.331173N,24.128536E,51,27.7,223
13304,T,220830,081940,60.331135N,24.128416E,51,28.2,224
13305,T,220830,081941,60.331100N,24.128292E,51,28.8,225
13306,T,220830,081942,60.331059N,24.128168E,50,28.8,227
13307,T,220830,081943,60.331020N,24.128048E,50,28.7,227
13308,T,220830,081944,60.330975N,24.127932E,50,28.8,229
13309,T,220830,081945,60.330933N,24.127817E,50,28.8,230
13310,T,220830,081946,60.330883N,24.127710E,49,28.7,229
13311,T,220830,081947,60.330837N,24.127607E,49,28.7,227
13312,T,220830,081948,60.330784N,24.127504E,49,28.7,225
13313,T,220830,081949,60.330730N,24.127403E,48,29.1,224
13314,T,220830,081950,60.330681N,24.127304E,48,29.2,222
13315,T,220830,081951,60.330627N,24.127207E,48,29.2,222
13316,T,220830,081952,60.330578N,24.127110E,48,28.7,222
13317,T,220830,081953,60.330524N,24.127014E,48,28.6,222
13318,T,220830,081954,60.330475N,24.126913E,48,29.0,223
13319,T,220830,081955,60.330425N,24.126812E,48,29.3,223
13320,T,220830,081956,60.330372N,24.126705E,48,29.4,225
13321,T,220830,081957,60.330322N,24.126596E,48,29.5,227
13322,T,220830,081958,60.330280N,24.126484E,47,29.5,229
13323,T,220830,081959,60.330231N,24.126366E,48,29.6,231
13324,T,220830,082000,60.330193N,24.126249E,48,28.9,233
13325,T,220830,082001,60.330147N,24.126137E,48,27.9,234
13326,T,220830,082002,60.330112N,24.126019E,48,27.2,235
13327,T,220830,082003,60.330070N,24.125904E,49,26.8,235
13328,T,220830,082004,60.330032N,24.125795E,49,26.2,234
13329,T,220830,082005,60.329990N,24.125692E,49,25.9,234
13330,T,220830,082006,60.329956N,24.125586E,50,25.5,234
13331,T,220830,082007,60.329922N,24.125483E,50,25.4,234
13332,T,220830,082008,60.329880N,24.125376E,50,25.6,234
13333,T,220830,082009,60.329845N,24.125273E,50,24.9,234
13334,T,220830,082010,60.329807N,24.125168E,50,25.3,233
13335,T,220830,082011,60.329773N,24.125065E,50,25.4,233
13336,T,220830,082012,60.329735N,24.124958E,50,25.8,233
13337,T,220830,082013,60.329697N,24.124853E,51,25.9,233
13338,T,220830,082014,60.329659N,24.124748E,51,25.9,233
13339,T,220830,082015,60.329620N,24.124641E,51,25.9,233
13340,T,220830,082016,60.329578N,24.124537E,51,26.0,233
13341,T,220830,082017,60.329544N,24.124428E,51,26.0,233
13342,T,220830,082018,60.329510N,24.124323E,52,26.0,234
13343,T,220830,082019,60.329472N,24.124214E,52,26.0,234
13344,T,220830,082020,60.329433N,24.124104E,52,25.9,234
13345,T,220830,082021,60.329395N,24.123997E,52,25.9,235
13346,T,220830,082022,60.329361N,24.123884E,52,25.8,236
13347,T,220830,082023,60.329323N,24.123775E,53,25.5,236
13348,T,220830,082024,60.329288N,24.123665E,53,25.0,237
13349,T,220830,082025,60.329254N,24.123556E,53,24.5,236
13350,T,220830,082026,60.329220N,24.123451E,53,24.5,236
13351,T,220830,082027,60.329189N,24.123352E,53,24.0,236
13352,T,220830,082028,60.329151N,24.123245E,54,24.0,236
13353,T,220830,082029,60.329121N,24.123148E,54,23.6,236
13354,T,220830,082030,60.329086N,24.123049E,55,23.5,236
13355,T,220830,082031,60.329052N,24.122948E,55,24.1,235
13356,T,220830,082032,60.329021N,24.122845E,55,24.2,234
13357,T,220830,082033,60.328979N,24.122738E,55,24.3,233
13358,T,220830,082034,60.328945N,24.122641E,55,24.4,233
13359,T,220830,082035,60.328911N,24.122540E,55,24.5,232
13360,T,220830,082036,60.328876N,24.122442E,55,24.5,232
13361,T,220830,082037,60.328838N,24.122339E,55,24.5,231
13362,T,220830,082038,60.328812N,24.122236E,53,23.9,231
13363,T,220830,082039,60.328781N,24.122143E,53,23.2,231
13364,T,220830,082040,60.328747N,24.122047E,53,22.9,232
13365,T,220830,082041,60.328712N,24.121958E,53,22.8,232
13366,T,220830,082042,60.328678N,24.121868E,53,22.1,232
13367,T,220830,082043,60.328648N,24.121784E,53,21.3,232
13368,T,220830,082044,60.328617N,24.121702E,53,20.1,231
13369,T,220830,082045,60.328583N,24.121624E,53,19.2,231
13370,T,220830,082046,60.328556N,24.121544E,53,18.5,232
13371,T,220830,082047,60.328529N,24.121466E,53,17.4,232
13372,T,220830,082048,60.328499N,24.121395E,53,16.4,232
13373,T,220830,082049,60.328476N,24.121332E,53,15.3,230
13374,T,220830,082050,60.328449N,24.121277E,53,15.1,230
13375,T,220830,082051,60.328423N,24.121222E,54,14.5,228
13376,T,220830,082052,60.328400N,24.121170E,54,13.8,226
13377,T,220830,082053,60.328377N,24.121124E,54,13.3,219
13378,T,220830,082054,60.328358N,24.121084E,55,12.1,222
13379,T,220830,082055,60.328331N,24.121044E,55,12.1,222
13380,T,220830,082056,60.328308N,24.121010E,56,12.4,221
13381,T,220830,082057,60.328285N,24.120977E,57,12.5,220
13382,T,220830,082058,60.328255N,24.120943E,58,12.9,218
13383,T,220830,082059,60.328232N,24.120911E,58,12.8,218
13384,T,220830,082100,60.328205N,24.120874E,59,12.8,216
13385,T,220830,082101,60.328178N,24.120840E,60,12.9,215
13386,T,220830,082102,60.328159N,24.120806E,61,11.4,225
13387,T,220830,082103,60.328140N,24.120770E,62,11.3,224
13388,T,220830,082104,60.328121N,24.120726E,63,11.6,223
13389,T,220830,082105,60.328098N,24.120686E,63,12.1,222
13390,T,220830,082106,60.328072N,24.120653E,64,12.8,221
13391,T,220830,082107,60.328041N,24.120613E,65,13.6,220
13392,T,220830,082108,60.328007N,24.120567E,65,15.2,219
13393,T,220830,082109,60.327972N,24.120523E,65,16.1,218
13394,T,220830,082110,60.327930N,24.120472E,65,18.6,217
13395,T,220830,082111,60.327888N,24.120413E,65,21.4,216
13396,T,220830,082112,60.327839N,24.120352E,65,23.0,216
13397,T,220830,082113,60.327789N,24.120291E,66,24.0,215
13398,T,220830,082114,60.327732N,24.120224E,66,26.0,214
13399,T,220830,082115,60.327675N,24.120148E,65,26.7,213
13400,T,220830,082116,60.327618N,24.120071E,65,27.3,212
13401,T,220830,082117,60.327560N,24.119989E,65,28.0,212
13402,T,220830,082118,60.327499N,24.119904E,64,29.3,211
13403,T,220830,082119,60.327435N,24.119808E,64,30.4,212
13404,T,220830,082120,60.327377N,24.119713E,61,29.8,213
13405,T,220830,082121,60.327316N,24.119614E,59,29.7,214
13406,T,220830,082122,60.327255N,24.119516E,58,29.8,216
13407,T,220830,082123,60.327202N,24.119415E,57,29.8,217
13408,T,220830,082124,60.327145N,24.119318E,56,30.1,218
13409,T,220830,082125,60.327084N,24.119223E,55,30.2,218
13410,T,220830,082126,60.327023N,24.119122E,55,30.4,218
13411,T,220830,082127,60.326965N,24.119024E,54,30.0,218
13412,T,220830,082128,60.326908N,24.118929E,54,29.2,218
13413,T,220830,082129,60.326847N,24.118837E,54,28.8,218
13414,T,220830,082130,60.326797N,24.118753E,54,27.4,216
13415,T,220830,082131,60.326740N,24.118673E,53,26.7,215
13416,T,220830,082132,60.326687N,24.118595E,54,26.8,215
13417,T,220830,082133,60.326633N,24.118519E,54,26.7,214
13418,T,220830,082134,60.326576N,24.118444E,54,26.6,214
13419,T,220830,082135,60.326519N,24.118376E,54,26.0,213
13420,T,220830,082136,60.326462N,24.118305E,54,26.1,211
13421,T,220830,082137,60.326405N,24.118242E,54,26.0,209
13422,T,220830,082138,60.326344N,24.118183E,54,26.0,206
13423,T,220830,082139,60.326283N,24.118128E,54,25.9,204
13424,T,220830,082140,60.326225N,24.118076E,54,25.5,203
13425,T,220830,082141,60.326164N,24.118025E,54,25.1,201
13426,T,220830,082142,60.326107N,24.117985E,54,25.0,200
13427,T,220830,082143,60.326050N,24.117941E,54,24.6,198
13428,T,220830,082144,60.325989N,24.117903E,54,24.5,196
13429,T,220830,082145,60.325928N,24.117867E,54,24.0,195
13430,T,220830,082146,60.325871N,24.117832E,54,23.5,194
13431,T,220830,082147,60.325817N,24.117800E,54,22.8,194
13432,T,220830,082148,60.325760N,24.117769E,54,22.2,193
13433,T,220830,082149,60.325706N,24.117743E,54,21.6,193
13434,T,220830,082150,60.325657N,24.117712E,54,21.5,194
13435,T,220830,082151,60.325603N,24.117683E,54,21.1,194
13436,T,220830,082152,60.325558N,24.117657E,55,20.7,195
13437,T,220830,082153,60.325504N,24.117622E,54,20.7,201
13438,T,220830,082154,60.325459N,24.117584E,55,20.0,200
13439,T,220830,082155,60.325413N,24.117548E,55,20.1,200
13440,T,220830,082156,60.325363N,24.117508E,55,20.4,201
13441,T,220830,082157,60.325317N,24.117464E,55,20.5,202
13442,T,220830,082158,60.325272N,24.117416E,55,20.9,204
13443,T,220830,082159,60.325226N,24.117373E,56,21.0,204
13444,T,220830,082200,60.325176N,24.117319E,55,21.4,205
13445,T,220830,082201,60.325130N,24.117258E,55,21.8,207
13446,T,220830,082202,60.325085N,24.117199E,54,22.2,207
13447,T,220830,082203,60.325035N,24.117144E,54,23.1,208
13448,T,220830,082204,60.324986N,24.117085E,53,24.0,208
13449,T,220830,082205,60.324928N,24.117027E,53,24.1,207
13450,T,220830,082206,60.324871N,24.116976E,53,24.7,206
13451,T,220830,082207,60.324818N,24.116928E,52,25.3,205
13452,T,220830,082208,60.324757N,24.116888E,52,25.7,204
13453,T,220830,082209,60.324692N,24.116854E,51,26.3,204
13454,T,220830,082210,60.324631N,24.116823E,51,26.4,203
13455,T,220830,082211,60.324566N,24.116798E,50,26.9,201
13456,T,220830,082212,60.324501N,24.116777E,50,27.3,200
13457,T,220830,082213,60.324432N,24.116764E,50,27.3,199
13458,T,220830,082214,60.324360N,24.116756E,49,27.4,197
13459,T,220830,082215,60.324295N,24.116741E,49,27.4,196
13460,T,220830,082216,60.324226N,24.116722E,49,27.3,195
13461,T,220830,082217,60.324162N,24.116695E,49,27.3,193
13462,T,220830,082218,60.324093N,24.116671E,49,27.2,191
13463,T,220830,082219,60.324028N,24.116638E,48,26.5,191
13464,T,220830,082220,60.323963N,24.116604E,48,26.5,192
13465,T,220830,082221,60.323898N,24.116562E,48,26.5,200
13466,T,220830,082222,60.323841N,24.116507E,48,26.0,205
13467,T,220830,082223,60.323784N,24.116442E,49,25.0,210
13468,T,220830,082224,60.323730N,24.116383E,49,24.3,208
13469,T,220830,082225,60.323681N,24.116323E,49,22.1,208
13470,T,220830,082226,60.323635N,24.116272E,49,20.8,206
13471,T,220830,082227,60.323593N,24.116232E,50,18.5,200
13472,T,220830,082228,60.323547N,24.116196E,50,17.8,201
13473,T,220830,082229,60.323509N,24.116163E,51,17.3,199
13474,T,220830,082230,60.323467N,24.116138E,51,16.1,197
13475,T,220830,082231,60.323429N,24.116114E,51,15.8,195
13476,T,220830,082232,60.323391N,24.116095E,51,15.7,193
13477,T,220830,082233,60.323353N,24.116076E,51,15.3,191
13478,T,220830,082234,60.323311N,24.116060E,51,16.0,189
13479,T,220830,082235,60.323273N,24.116047E,51,16.5,188
13480,T,220830,082236,60.323235N,24.116034E,51,16.5,186
13481,T,220830,082237,60.323196N,24.116018E,50,17.6,185
13482,T,220830,082238,60.323154N,24.116007E,50,17.3,186
13483,T,220830,082239,60.323112N,24.115990E,50,18.7,188
13484,T,220830,082240,60.323063N,24.115973E,50,19.8,189
13485,T,220830,082241,60.323017N,24.115948E,50,20.2,191
13486,T,220830,082242,60.322964N,24.115925E,50,21.8,193
13487,T,220830,082243,60.322910N,24.115894E,49,24.3,194
13488,T,220830,082244,60.322853N,24.115852E,48,24.2,202
13489,T,220830,082245,60.322796N,24.115795E,48,25.2,206
13490,T,220830,082246,60.322739N,24.115732E,48,25.5,209
13491,T,220830,082247,60.322685N,24.115664E,47,25.9,212
13492,T,220830,082248,60.322632N,24.115591E,48,25.5,213
13493,T,220830,082249,60.322578N,24.115517E,47,25.6,215
13494,T,220830,082250,60.322529N,24.115438E,47,25.6,215
13495,T,220830,082251,60.322472N,24.115364E,47,25.7,213
13496,T,220830,082252,60.322418N,24.115294E,47,25.7,213
13497,T,220830,082253,60.322365N,24.115217E,47,26.2,214
13498,T,220830,082254,60.322311N,24.115145E,47,25.7,213
13499,T,220830,082255,60.322254N,24.115070E,47,25.8,212
13500,T,220830,082256,60.322201N,24.114998E,47,25.8,212
13501,T,220830,082257,60.322144N,24.114927E,47,25.5,212
13502,T,220830,082258,60.322090N,24.114857E,47,25.0,212
13503,T,220830,082259,60.322041N,24.114788E,47,24.2,212
13504,T,220830,082300,60.321987N,24.114723E,47,23.8,211
13505,T,220830,082301,60.321938N,24.114662E,47,23.3,211
13506,T,220830,082302,60.321888N,24.114597E,47,23.3,211
13507,T,220830,082303,60.321838N,24.114536E,47,23.2,211
13508,T,220830,082304,60.321793N,24.114473E,48,23.1,211
13509,T,220830,082305,60.321739N,24.114410E,48,23.2,212
13510,T,220830,082306,60.321690N,24.114346E,48,24.0,211
13511,T,220830,082307,60.321636N,24.114279E,48,25.4,211
13512,T,220830,082308,60.321579N,24.114212E,47,25.9,211
13513,T,220830,082309,60.321522N,24.114141E,47,26.8,211
13514,T,220830,082310,60.321465N,24.114071E,47,26.9,210
13515,T,220830,082311,60.321407N,24.114002E,47,27.0,210
13516,T,220830,082312,60.321346N,24.113932E,47,27.1,210
13517,T,220830,082313,60.321293N,24.113865E,47,27.2,210
13518,T,220830,082314,60.321232N,24.113792E,47,27.0,210
13519,T,220830,082315,60.321175N,24.113722E,47,26.6,210
13520,T,220830,082316,60.321121N,24.113651E,47,26.2,211
13521,T,220830,082317,60.321064N,24.113585E,47,25.7,211
13522,T,220830,082318,60.321011N,24.113516E,47,25.2,211
13523,T,220830,082319,60.320961N,24.113447E,47,24.7,211
13524,T,220830,082320,60.320904N,24.113382E,47,24.1,211
13525,T,220830,082321,60.320854N,24.113317E,47,23.7,211
13526,T,220830,082322,60.320805N,24.113256E,47,23.6,211
13527,T,220830,082323,60.320755N,24.113194E,48,23.1,211
13528,T,220830,082324,60.320709N,24.113132E,48,22.9,212
13529,T,220830,082325,60.320660N,24.113066E,48,22.6,213
13530,T,220830,082326,60.320614N,24.113005E,48,22.5,213
13531,T,220830,082327,60.320564N,24.112944E,48,22.5,213
13532,T,220830,082328,60.320515N,24.112885E,48,22.5,213
13533,T,220830,082329,60.320473N,24.112820E,48,22.6,213
13534,T,220830,082330,60.320419N,24.112761E,48,22.6,212
13535,T,220830,082331,60.320377N,24.112698E,48,22.6,212
13536,T,220830,082332,60.320328N,24.112640E,48,22.5,212
13537,T,220830,082333,60.320278N,24.112579E,47,22.5,212
13538,T,220830,082334,60.320232N,24.112518E,47,22.9,211
13539,T,220830,082335,60.320183N,24.112457E,47,23.0,212
13540,T,220830,082336,60.320137N,24.112396E,47,23.0,212
13541,T,220830,082337,60.320087N,24.112324E,47,23.0,219
13542,T,220830,082338,60.320045N,24.112247E,47,22.7,220
13543,T,220830,082339,60.320000N,24.112177E,47,22.6,221
13544,T,220830,082340,60.319962N,24.112099E,47,22.5,222
13545,T,220830,082341,60.319916N,24.112019E,47,22.4,225
13546,T,220830,082342,60.319881N,24.111938E,47,21.8,230
13547,T,220830,082343,60.319847N,24.111855E,47,21.5,234
13548,T,220830,082344,60.319820N,24.111759E,47,21.4,242
13549,T,220830,082345,60.319801N,24.111664E,47,20.7,247
13550,T,220830,082346,60.319782N,24.111572E,47,20.0,251
13551,T,220830,082347,60.319767N,24.111473E,47,20.0,253
13552,T,220830,082348,60.319756N,24.111378E,48,19.6,253
13553,T,220830,082349,60.319744N,24.111284E,48,19.5,255
13554,T,220830,082350,60.319733N,24.111191E,48,19.1,255
13555,T,220830,082351,60.319721N,24.111097E,48,19.0,255
13556,T,220830,082352,60.319714N,24.111004E,48,19.1,256
13557,T,220830,082353,60.319698N,24.110912E,49,19.0,256
13558,T,220830,082354,60.319687N,24.110823E,49,18.5,255
13559,T,220830,082355,60.319679N,24.110737E,49,17.9,256
13560,T,220830,082356,60.319668N,24.110647E,49,17.3,252
13561,T,220830,082357,60.319656N,24.110567E,49,16.5,254
13562,T,220830,082358,60.319645N,24.110489E,49,16.1,253
13563,T,220830,082359,60.319633N,24.110411E,49,15.6,255
13564,T,220830,082400,60.319626N,24.110336E,49,15.2,257
13565,T,220830,082401,60.319611N,24.110256E,49,15.9,255
13566,T,220830,082402,60.319599N,24.110176E,49,16.4,255
13567,T,220830,082403,60.319592N,24.110098E,49,15.7,256
13568,T,220830,082404,60.319580N,24.110016E,49,17.4,254
13569,T,220830,082405,60.319569N,24.109930E,49,17.9,257
13570,T,220830,082406,60.319557N,24.109835E,49,19.9,257
13571,T,220830,082407,60.319546N,24.109732E,49,20.5,255
13572,T,220830,082408,60.319527N,24.109627E,49,21.2,256
13573,T,220830,082409,60.319519N,24.109518E,48,21.5,258
13574,T,220830,082410,60.319508N,24.109406E,49,21.8,251
13575,T,220830,082411,60.319492N,24.109291E,48,24.6,251
13576,T,220830,082412,60.319477N,24.109156E,48,26.4,254
13577,T,220830,082413,60.319454N,24.109016E,48,27.6,254
13578,T,220830,082414,60.319439N,24.108875E,48,28.9,255
13579,T,220830,082415,60.319420N,24.108732E,47,29.2,255
13580,T,220830,082416,60.319401N,24.108585E,47,29.9,255
13581,T,220830,082417,60.319382N,24.108444E,46,29.8,253
13582,T,220830,082418,60.319355N,24.108303E,46,29.8,252
13583,T,220830,082419,60.319332N,24.108164E,46,29.2,250
13584,T,220830,082420,60.319309N,24.108032E,46,28.3,248
13585,T,220830,082421,60.319279N,24.107904E,46,27.4,245
13586,T,220830,082422,60.319248N,24.107788E,46,26.0,244
13587,T,220830,082423,60.319214N,24.107683E,46,25.0,242
13588,T,220830,082424,60.319180N,24.107584E,46,23.7,241
13589,T,220830,082425,60.319141N,24.107492E,46,23.6,240
13590,T,220830,082426,60.319103N,24.107401E,46,23.7,239
13591,T,220830,082427,60.319061N,24.107304E,46,24.7,238
13592,T,220830,082428,60.319019N,24.107204E,45,26.5,237
13593,T,220830,082429,60.318977N,24.107103E,45,27.6,236
13594,T,220830,082430,60.318928N,24.106998E,44,28.3,235
13595,T,220830,082431,60.318874N,24.106895E,44,28.4,234
13596,T,220830,082432,60.318825N,24.106796E,44,28.3,233
13597,T,220830,082433,60.318775N,24.106695E,43,27.7,232
13598,T,220830,082434,60.318726N,24.106604E,43,26.8,231
13599,T,220830,082435,60.318676N,24.106514E,43,25.9,230
13600,T,220830,082436,60.318626N,24.106432E,43,24.8,229
13601,T,220830,082437,60.318581N,24.106354E,43,24.2,228
13602,T,220830,082438,60.318527N,24.106279E,43,23.9,227
13603,T,220830,082439,60.318481N,24.106215E,44,23.8,225
13604,T,220830,082440,60.318432N,24.106153E,43,23.7,224
13605,T,220830,082441,60.318378N,24.106096E,44,23.8,223
13606,T,220830,082442,60.318329N,24.106037E,43,24.3,221
13607,T,220830,082443,60.318272N,24.105984E,43,25.3,220
13608,T,220830,082444,60.318214N,24.105925E,43,26.0,219
13609,T,220830,082445,60.318157N,24.105871E,43,27.0,217
13610,T,220830,082446,60.318092N,24.105816E,42,28.1,216
13611,T,220830,082447,60.318027N,24.105759E,42,29.2,215
13612,T,220830,082448,60.317959N,24.105709E,42,29.9,213
13613,T,220830,082449,60.317886N,24.105663E,41,30.3,212
13614,T,220830,082450,60.317818N,24.105625E,41,30.3,210
13615,T,220830,082451,60.317745N,24.105597E,41,30.2,208
13616,T,220830,082452,60.317673N,24.105574E,40,29.1,206
13617,T,220830,082453,60.317600N,24.105564E,40,28.2,181
13618,T,220830,082454,60.317528N,24.105568E,40,27.5,177
13619,T,220830,082455,60.317459N,24.105579E,40,27.0,174
13620,T,220830,082456,60.317390N,24.105597E,40,26.3,173
13621,T,220830,082457,60.317329N,24.105612E,40,25.3,172
13622,T,220830,082458,60.317268N,24.105637E,40,24.5,168
13623,T,220830,082459,60.317207N,24.105659E,40,23.4,168
13624,T,220830,082500,60.317158N,24.105690E,41,22.8,163
13625,T,220830,082501,60.317101N,24.105724E,41,22.0,163
13626,T,220830,082502,60.317051N,24.105757E,41,21.5,162
13627,T,220830,082503,60.317001N,24.105795E,41,20.7,162
13628,T,220830,082504,60.316952N,24.105827E,41,20.4,161
13629,T,220830,082505,60.316902N,24.105865E,41,20.4,158
13630,T,220830,082506,60.316856N,24.105904E,41,20.7,159
13631,T,220830,082507,60.316807N,24.105944E,41,21.2,159
13632,T,220830,082508,60.316757N,24.105988E,41,21.8,158
13633,T,220830,082509,60.316708N,24.106035E,41,22.3,156
13634,T,220830,082510,60.316654N,24.106087E,41,23.2,156
13635,T,220830,082511,60.316601N,24.106144E,41,24.1,155
13636,T,220830,082512,60.316544N,24.106195E,41,24.6,157
13637,T,220830,082513,60.316486N,24.106234E,40,24.7,157
13638,T,220830,082514,60.316425N,24.106264E,40,25.8,158
13639,T,220830,082515,60.316357N,24.106295E,40,26.7,159
13640,T,220830,082516,60.316288N,24.106308E,39,27.3,160
13641,T,220830,082517,60.316219N,24.106316E,39,27.3,161
13642,T,220830,082518,60.316151N,24.106314E,39,27.4,163
13643,T,220830,082519,60.316078N,24.106304E,38,27.5,165
13644,T,220830,082520,60.316013N,24.106293E,38,27.5,167
13645,T,220830,082521,60.315945N,24.106270E,38,27.6,169
13646,T,220830,082522,60.315876N,24.106243E,38,27.6,171
13647,T,220830,082523,60.315807N,24.106216E,37,27.6,173
13648,T,220830,082524,60.315739N,24.106182E,37,26.7,175
13649,T,220830,082525,60.315681N,24.106152E,37,25.6,177
13650,T,220830,082526,60.315617N,24.106121E,37,26.0,178
13651,T,220830,082527,60.315552N,24.106087E,37,26.3,180
13652,T,220830,082528,60.315487N,24.106045E,37,25.9,182
13653,T,220830,082529,60.315434N,24.106001E,37,25.8,184
13654,T,220830,082530,60.315369N,24.105951E,38,25.7,186
13655,T,220830,082531,60.315311N,24.105904E,38,25.2,187
13656,T,220830,082532,60.315254N,24.105850E,38,24.9,189
13657,T,220830,082533,60.315201N,24.105795E,38,24.3,191
13658,T,220830,082534,60.315147N,24.105734E,39,23.7,193
13659,T,220830,082535,60.315102N,24.105671E,39,23.1,195
13660,T,220830,082536,60.315048N,24.105606E,39,22.7,197
13661,T,220830,082537,60.315002N,24.105543E,39,22.1,198
13662,T,220830,082538,60.314960N,24.105482E,39,21.7,200
13663,T,220830,082539,60.314915N,24.105415E,40,21.2,202
13664,T,220830,082540,60.314873N,24.105354E,40,21.2,203
13665,T,220830,082541,60.314827N,24.105293E,40,21.1,204
13666,T,220830,082542,60.314785N,24.105234E,40,21.0,206
13667,T,220830,082543,60.314739N,24.105164E,40,21.4,207
13668,T,220830,082544,60.314697N,24.105091E,40,22.2,208
13669,T,220830,082545,60.314651N,24.105017E,40,23.1,209
13670,T,220830,082546,60.314610N,24.104935E,39,24.0,211
13671,T,220830,082547,60.314564N,24.104845E,39,24.9,212
13672,T,220830,082548,60.314522N,24.104755E,39,26.0,213
13673,T,220830,082549,60.314472N,24.104660E,39,27.1,215
13674,T,220830,082550,60.314423N,24.104559E,39,27.7,216
13675,T,220830,082551,60.314377N,24.104454E,38,28.0,217
13676,T,220830,082552,60.314327N,24.104345E,38,28.3,218
13677,T,220830,082553,60.314285N,24.104239E,38,28.8,219
13678,T,220830,082554,60.314240N,24.104124E,38,28.7,221
13679,T,220830,082555,60.314198N,24.104010E,38,28.7,222
13680,T,220830,082556,60.314152N,24.103895E,38,28.3,223
13681,T,220830,082557,60.314114N,24.103779E,38,28.2,224
13682,T,220830,082558,60.314072N,24.103662E,37,27.8,225
13683,T,220830,082559,60.314034N,24.103546E,37,27.3,226
13684,T,220830,082600,60.313999N,24.103428E,37,26.7,227
13685,T,220830,082601,60.313969N,24.103310E,37,26.5,229
13686,T,220830,082602,60.313938N,24.103189E,37,26.4,230
13687,T,220830,082603,60.313911N,24.103065E,37,26.7,232
13688,T,220830,082604,60.313885N,24.102943E,37,26.1,233
13689,T,220830,082605,60.313862N,24.102821E,37,26.7,234
13690,T,220830,082606,60.313831N,24.102697E,37,26.6,236
13691,T,220830,082607,60.313808N,24.102573E,37,26.2,237
13692,T,220830,082608,60.313793N,24.102446E,37,26.3,239
13693,T,220830,082609,60.313766N,24.102320E,37,26.3,240
13694,T,220830,082610,60.313751N,24.102196E,37,26.2,241
13695,T,220830,082611,60.313732N,24.102068E,37,26.1,243
13696,T,220830,082612,60.313717N,24.101944E,37,25.5,244
13697,T,220830,082613,60.313705N,24.101818E,37,25.2,245
13698,T,220830,082614,60.313690N,24.101700E,37,24.8,246
13699,T,220830,082615,60.313679N,24.101582E,37,24.7,247
13700,T,220830,082616,60.313663N,24.101460E,37,24.7,248
13701,T,220830,082617,60.313648N,24.101337E,37,24.6,249
13702,T,220830,082618,60.313641N,24.101217E,38,24.3,250
13703,T,220830,082619,60.313625N,24.101101E,38,24.2,252
13704,T,220830,082620,60.313606N,24.100985E,38,23.7,254
13705,T,220830,082621,60.313591N,24.100868E,38,23.7,254
13706,T,220830,082622,60.313568N,24.100756E,38,23.7,253
13707,T,220830,082623,60.313549N,24.100643E,38,23.8,252
13708,T,220830,082624,60.313519N,24.100534E,39,23.8,251
13709,T,220830,082625,60.313496N,24.100424E,39,23.8,250
13710,T,220830,082626,60.313469N,24.100321E,39,23.9,249
13711,T,220830,082627,60.313431N,24.100218E,39,24.2,248
13712,T,220830,082628,60.313396N,24.100124E,39,24.2,228
13713,T,220830,082629,60.313351N,24.100039E,39,24.3,223
13714,T,220830,082630,60.313305N,24.099960E,39,24.4,218
13715,T,220830,082631,60.313255N,24.099892E,39,24.7,213
13716,T,220830,082632,60.313202N,24.099827E,39,24.8,210
13717,T,220830,082633,60.313148N,24.099768E,39,24.7,207
13718,T,220830,082634,60.313091N,24.099714E,39,24.3,205
13719,T,220830,082635,60.313038N,24.099663E,39,24.2,205
13720,T,220830,082636,60.312981N,24.099609E,39,24.1,205
13721,T,220830,082637,60.312927N,24.099558E,40,23.7,206
13722,T,220830,082638,60.312878N,24.099504E,40,23.3,207
13723,T,220830,082639,60.312824N,24.099449E,40,22.5,207
13724,T,220830,082640,60.312775N,24.099396E,40,22.0,209
13725,T,220830,082641,60.312729N,24.099335E,40,22.0,211
13726,T,220830,082642,60.312679N,24.099274E,40,21.9,212
13727,T,220830,082643,60.312637N,24.099215E,40,21.0,214
13728,T,220830,082644,60.312595N,24.099155E,41,20.2,215
13729,T,220830,082645,60.312557N,24.099102E,41,19.0,220
13730,T,220830,082646,60.312519N,24.099035E,41,19.0,220
13731,T,220830,082647,60.312485N,24.098982E,42,18.0,218
13732,T,220830,082648,60.312447N,24.098928E,42,16.8,219
13733,T,220830,082649,60.312416N,24.098873E,43,16.4,222
13734,T,220830,082650,60.312389N,24.098818E,43,16.0,224
13735,T,220830,082651,60.312359N,24.098757E,43,16.8,225
13736,T,220830,082652,60.312328N,24.098700E,44,16.0,226
13737,T,220830,082653,60.312302N,24.098644E,44,15.7,227
13738,T,220830,082654,60.312275N,24.098585E,44,15.0,227
13739,T,220830,082655,60.312252N,24.098532E,45,14.9,228
13740,T,220830,082656,60.312229N,24.098476E,45,14.8,228
13741,T,220830,082657,60.312202N,24.098421E,45,14.9,229
13742,T,220830,082658,60.312180N,24.098366E,45,15.2,228
13743,T,220830,082659,60.312153N,24.098314E,46,15.2,228
13744,T,220830,082700,60.312122N,24.098257E,46,15.2,226
13745,T,220830,082701,60.312099N,24.098204E,46,15.1,226
13746,T,220830,082702,60.312073N,24.098146E,46,15.2,226
13747,T,220830,082703,60.312042N,24.098095E,46,15.3,225
13748,T,220830,082704,60.312016N,24.098038E,46,15.9,223
13749,T,220830,082705,60.311989N,24.097984E,46,15.3,222
13750,T,220830,082706,60.311958N,24.097931E,46,15.7,221
13751,T,220830,082707,60.311928N,24.097883E,46,15.0,215
13752,T,220830,082708,60.311897N,24.097839E,46,15.0,214
13753,T,220830,082709,60.311863N,24.097794E,46,15.0,216
13754,T,220830,082710,60.311832N,24.097750E,46,15.0,214
13755,T,220830,082711,60.311798N,24.097710E,47,14.3,211
13756,T,220830,082712,60.311768N,24.097675E,47,13.7,210
13757,T,220830,082713,60.311741N,24.097643E,47,13.3,209
13758,T,220830,082714,60.311710N,24.097612E,48,13.3,206
13759,T,220830,082715,60.311680N,24.097586E,48,13.2,205
13760,T,220830,082716,60.311653N,24.097565E,48,13.1,204
13761,T,220830,082717,60.311623N,24.097542E,49,12.4,202
13762,T,220830,082718,60.311596N,24.097519E,49,12.3,200
13763,T,220830,082719,60.311569N,24.097498E,49,12.4,198
13764,T,220830,082720,60.311539N,24.097481E,49,11.8,197
13765,T,220830,082721,60.311516N,24.097464E,49,11.7,190
13766,T,220830,082722,60.311489N,24.097456E,50,11.7,187
13767,T,220830,082723,60.311455N,24.097450E,50,12.2,184
13768,T,220830,082724,60.311424N,24.097443E,49,11.2,186
13769,T,220830,082725,60.311398N,24.097439E,50,11.8,181
13770,T,220830,082726,60.311367N,24.097437E,50,10.2,182
13771,T,220830,082727,60.311340N,24.097437E,50,10.7,181
13772,T,220830,082728,60.311317N,24.097441E,51,10.7,178
13773,T,220830,082729,60.311291N,24.097446E,52,9.4,171
13774,T,220830,082730,60.311268N,24.097456E,53,10.4,172
13775,T,220830,082731,60.311241N,24.097467E,53,10.9,171
13776,T,220830,082732,60.311218N,24.097486E,54,8.5,170
13777,T,220830,082733,60.311199N,24.097498E,54,10.0,169
13778,T,220830,082734,60.311176N,24.097513E,55,10.3,166
13779,T,220830,082735,60.311153N,24.097532E,55,10.0,164
13780,T,220830,082736,60.311123N,24.097548E,55,11.2,162
13781,T,220830,082737,60.311100N,24.097567E,56,9.1,160
13782,T,220830,082738,60.311077N,24.097584E,57,10.6,167
13783,T,220830,082739,60.311047N,24.097595E,57,9.9,166
13784,T,220830,082740,60.311024N,24.097618E,57,10.5,165
13785,T,220830,082741,60.311001N,24.097639E,57,10.5,164
13786,T,220830,082742,60.310974N,24.097660E,57,9.4,163
13787,T,220830,082743,60.310947N,24.097677E,56,11.1,162
13788,T,220830,082744,60.310925N,24.097700E,56,10.4,161
13789,T,220830,082745,60.310898N,24.097717E,56,10.7,160
13790,T,220830,082746,60.310871N,24.097738E,57,11.4,158
13791,T,220830,082747,60.310841N,24.097757E,57,12.1,159
13792,T,220830,082748,60.310806N,24.097773E,57,12.5,159
13793,T,220830,082749,60.310776N,24.097784E,57,13.5,160
13794,T,220830,082750,60.310738N,24.097803E,57,14.2,161
13795,T,220830,082751,60.310699N,24.097822E,57,15.4,167
13796,T,220830,082752,60.310661N,24.097839E,57,15.4,167
13797,T,220830,082753,60.310619N,24.097857E,56,14.9,166
13798,T,220830,082754,60.310581N,24.097872E,56,16.0,171
13799,T,220830,082755,60.310539N,24.097883E,56,16.0,171
13800,T,220830,082756,60.310505N,24.097897E,57,15.9,170
13801,T,220830,082757,60.310463N,24.097910E,58,17.5,171
13802,T,220830,082758,60.310421N,24.097918E,58,17.1,177
13803,T,220830,082759,60.310379N,24.097921E,58,17.5,178
13804,T,220830,082800,60.310333N,24.097921E,58,17.5,178
13805,T,220830,082801,60.310287N,24.097916E,58,17.6,183
13806,T,220830,082802,60.310246N,24.097906E,58,18.2,188
13807,T,220830,082803,60.310200N,24.097893E,58,18.3,189
13808,T,220830,082804,60.310158N,24.097878E,58,18.4,188
13809,T,220830,082805,60.310112N,24.097862E,57,18.5,188
13810,T,220830,082806,60.310062N,24.097843E,57,18.5,190
13811,T,220830,082807,60.310020N,24.097824E,57,18.6,192
13812,T,220830,082808,60.309975N,24.097803E,57,19.0,193
13813,T,220830,082809,60.309929N,24.097780E,57,19.0,194
13814,T,220830,082810,60.309883N,24.097755E,57,19.1,195
13815,T,220830,082811,60.309837N,24.097729E,57,19.4,196
13816,T,220830,082812,60.309792N,24.097702E,57,19.8,196
13817,T,220830,082813,60.309738N,24.097675E,57,20.1,195
13818,T,220830,082814,60.309692N,24.097647E,57,20.0,196
13819,T,220830,082815,60.309647N,24.097614E,57,20.4,198
13820,T,220830,082816,60.309601N,24.097576E,57,21.0,199
13821,T,220830,082817,60.309547N,24.097538E,57,21.7,200
13822,T,220830,082818,60.309498N,24.097494E,57,22.4,202
13823,T,220830,082819,60.309444N,24.097445E,57,23.3,204
13824,T,220830,082820,60.309391N,24.097383E,57,24.2,206
13825,T,220830,082821,60.309338N,24.097324E,57,24.7,208
13826,T,220830,082822,60.309280N,24.097258E,56,25.4,210
13827,T,220830,082823,60.309227N,24.097189E,56,26.0,212
13828,T,220830,082824,60.309170N,24.097115E,56,26.6,213
13829,T,220830,082825,60.309116N,24.097036E,56,27.0,214
13830,T,220830,082826,60.309059N,24.096956E,56,27.2,215
13831,T,220830,082827,60.308998N,24.096876E,56,27.5,216
13832,T,220830,082828,60.308945N,24.096794E,56,27.5,216
13833,T,220830,082829,60.308887N,24.096710E,56,27.5,216
13834,T,220830,082830,60.308830N,24.096628E,56,27.5,216
13835,T,220830,082831,60.308781N,24.096546E,56,27.1,217
13836,T,220830,082832,60.308723N,24.096464E,56,27.1,217
13837,T,220830,082833,60.308674N,24.096376E,56,27.0,218
13838,T,220830,082834,60.308620N,24.096289E,56,26.6,220
13839,T,220830,082835,60.308571N,24.096197E,56,26.5,221
13840,T,220830,082836,60.308521N,24.096109E,56,26.3,222
13841,T,220830,082837,60.308472N,24.096022E,56,25.6,222
13842,T,220830,082838,60.308430N,24.095932E,56,25.5,223
13843,T,220830,082839,60.308380N,24.095840E,56,25.4,224
13844,T,220830,082840,60.308338N,24.095749E,56,24.9,226
13845,T,220830,082841,60.308296N,24.095655E,56,24.8,227
13846,T,220830,082842,60.308254N,24.095566E,57,24.4,227
13847,T,220830,082843,60.308212N,24.095476E,57,24.1,227
13848,T,220830,082844,60.308170N,24.095387E,57,24.0,227
13849,T,220830,082845,60.308132N,24.095297E,57,23.9,228
13850,T,220830,082846,60.308098N,24.095205E,57,23.4,229
13851,T,220830,082847,60.308060N,24.095118E,57,23.1,230
13852,T,220830,082848,60.308025N,24.095028E,57,22.6,231
13853,T,220830,082849,60.307991N,24.094940E,57,22.2,231
13854,T,220830,082850,60.307957N,24.094854E,57,21.6,232
13855,T,220830,082851,60.307926N,24.094767E,58,21.5,233
13856,T,220830,082852,60.307896N,24.094679E,58,20.9,234
13857,T,220830,082853,60.307869N,24.094589E,58,20.6,236
13858,T,220830,082854,60.307838N,24.094501E,58,20.5,237
13859,T,220830,082855,60.307816N,24.094416E,58,20.0,237
13860,T,220830,082856,60.307789N,24.094332E,58,19.4,237
13861,T,220830,082857,60.307762N,24.094248E,59,18.9,243
13862,T,220830,082858,60.307739N,24.094168E,59,18.0,242
13863,T,220830,082859,60.307716N,24.094093E,59,17.6,242
13864,T,220830,082900,60.307697N,24.094021E,59,17.2,244
13865,T,220830,082901,60.307678N,24.093945E,60,17.2,244
13866,T,220830,082902,60.307659N,24.093870E,60,16.6,243
13867,T,220830,082903,60.307636N,24.093801E,60,15.8,243
13868,T,220830,082904,60.307613N,24.093737E,61,15.9,243
13869,T,220830,082905,60.307590N,24.093666E,61,15.4,242
13870,T,220830,082906,60.307571N,24.093601E,61,16.0,241
13871,T,220830,082907,60.307549N,24.093529E,62,16.5,240
13872,T,220830,082908,60.307526N,24.093460E,62,16.2,231
13873,T,220830,082909,60.307495N,24.093388E,61,17.0,232
13874,T,220830,082910,60.307472N,24.093321E,62,17.5,231
13875,T,220830,082911,60.307442N,24.093246E,62,18.4,232
13876,T,220830,082912,60.307411N,24.093176E,62,18.4,226
13877,T,220830,082913,60.307381N,24.093109E,62,18.9,219
13878,T,220830,082914,60.307339N,24.093050E,63,19.0,217
13879,T,220830,082915,60.307301N,24.092987E,63,19.6,216
13880,T,220830,082916,60.307259N,24.092926E,62,19.7,211
13881,T,220830,082917,60.307217N,24.092869E,62,20.0,213
13882,T,220830,082918,60.307167N,24.092812E,61,21.0,210
13883,T,220830,082919,60.307121N,24.092762E,61,21.5,209
13884,T,220830,082920,60.307072N,24.092722E,61,21.5,208
13885,T,220830,082921,60.307018N,24.092684E,61,21.5,207
13886,T,220830,082922,60.306965N,24.092644E,61,22.4,206
13887,T,220830,082923,60.306911N,24.092606E,60,22.3,206
13888,T,220830,082924,60.306854N,24.092569E,60,21.3,205
13889,T,220830,082925,60.306805N,24.092539E,60,21.2,204
13890,T,220830,082926,60.306751N,24.092514E,60,21.1,202
13891,T,220830,082927,60.306702N,24.092485E,60,19.0,202
13892,T,220830,082928,60.306664N,24.092457E,61,15.9,204
13893,T,220830,082929,60.306633N,24.092422E,62,13.8,203
13894,T,220830,082930,60.306602N,24.092398E,62,11.6,201
13895,T,220830,082931,60.306580N,24.092384E,62,11.1,188
13896,T,220830,082932,60.306553N,24.092386E,63,11.9,173
13897,T,220830,082933,60.306519N,24.092403E,63,14.0,158
13898,T,220830,082934,60.306484N,24.092434E,64,15.3,147
13899,T,220830,082935,60.306454N,24.092478E,64,17.8,147
13900,T,220830,082936,60.306416N,24.092537E,63,18.9,146
13901,T,220830,082937,60.306381N,24.092606E,63,20.3,145
13902,T,220830,082938,60.306339N,24.092674E,62,20.8,143
13903,T,220830,082939,60.306301N,24.092735E,62,21.5,142
13904,T,220830,082940,60.306259N,24.092804E,61,22.1,140
13905,T,220830,082941,60.306213N,24.092876E,60,22.7,140
13906,T,220830,082942,60.306168N,24.092949E,60,23.2,141
13907,T,220830,082943,60.306122N,24.093014E,59,23.3,141
13908,T,220830,082944,60.306072N,24.093075E,59,23.5,142
13909,T,220830,082945,60.306015N,24.093126E,58,24.0,143
13910,T,220830,082946,60.305962N,24.093174E,58,24.3,144
13911,T,220830,082947,60.305904N,24.093220E,57,25.1,145
13912,T,220830,082948,60.305843N,24.093269E,56,26.7,146
13913,T,220830,082949,60.305779N,24.093323E,55,28.2,147
13914,T,220830,082950,60.305714N,24.093382E,54,29.8,148
13915,T,220830,082951,60.305645N,24.093449E,54,31.0,150
13916,T,220830,082952,60.305576N,24.093525E,53,32.0,150
13917,T,220830,082953,60.305508N,24.093611E,52,32.5,149
13918,T,220830,082954,60.305435N,24.093704E,52,32.6,149
13919,T,220830,082955,60.305370N,24.093803E,51,32.5,148
13920,T,220830,082956,60.305309N,24.093904E,51,31.9,147
13921,T,220830,082957,60.305248N,24.094007E,50,31.2,147
13922,T,220830,082958,60.305183N,24.094109E,50,30.8,145
13923,T,220830,082959,60.305122N,24.094204E,50,30.2,144
13924,T,220830,083000,60.305065N,24.094296E,50,29.8,142
13925,T,220830,083001,60.305004N,24.094391E,49,29.4,141
13926,T,220830,083002,60.304947N,24.094481E,49,28.4,141
13927,T,220830,083003,60.304890N,24.094563E,49,27.1,142
13928,T,220830,083004,60.304840N,24.094641E,49,25.4,143
13929,T,220830,083005,60.304790N,24.094723E,49,23.8,132
13930,T,220830,083006,60.304764N,24.094822E,49,22.8,110
13931,T,220830,083007,60.304756N,24.094927E,49,20.3,90
13932,T,220830,083008,60.304760N,24.095022E,49,17.8,86
13933,T,220830,083009,60.304760N,24.095106E,49,16.0,84
13934,T,220830,083010,60.304768N,24.095182E,49,13.4,85
13935,T,220830,083011,60.304771N,24.095243E,49,11.2,79
13936,T,220830,083012,60.304779N,24.095297E,49,10.5,78
13937,T,220830,083013,60.304783N,24.095345E,49,9.1,78
13938,T,220830,083014,60.304787N,24.095385E,49,6.6,79
13939,T,220830,083015,60.304787N,24.095411E,49,4.2,79
13940,T,220830,083016,60.304787N,24.095425E,48,0.0,79
13941,T,220830,083017,60.304787N,24.095428E,49,0.0,79
13942,T,220830,083018,60.304790N,24.095432E,49,0.0,79
13943,T,220830,083019,60.304790N,24.095430E,49,0.0,79
13944,T,220830,083020,60.304790N,24.095428E,49,0.0,79
13945,T,220830,083021,60.304790N,24.095428E,49,0.0,79
13946,T,220830,083022,60.304790N,24.095428E,49,0.0,79
13947,T,220830,083023,60.304790N,24.095428E,49,0.0,79
13948,T,220830,083024,60.304790N,24.095428E,49,0.0,79
13949,T,220830,083025,60.304790N,24.095430E,49,0.0,79
13950,T,220830,083026,60.304790N,24.095430E,48,0.0,79
13951,T,220830,083027,60.304790N,24.095428E,48,0.0,79
13952,T,220830,083028,60.304790N,24.095428E,48,0.0,79
13953,T,220830,083029,60.304790N,24.095428E,48,0.0,79
13954,T,220830,083030,60.304790N,24.095428E,48,0.0,79
13955,T,220830,083031,60.304790N,24.095428E,48,0.0,79
13956,T,220830,083032,60.304790N,24.095428E,48,0.0,79
13957,T,220830,083033,60.304790N,24.095428E,48,0.0,79
13958,T,220830,083034,60.304790N,24.095428E,48,0.0,79
13959,T,220830,083035,60.304790N,24.095428E,48,0.0,79
13960,T,220830,083036,60.304790N,24.095428E,48,0.0,79
13961,T,220830,083037,60.304790N,24.095428E,48,0.0,79
13962,T,220830,083038,60.304790N,24.095428E,48,0.0,79
13963,T,220830,083039,60.304790N,24.095427E,48,0.0,79
13964,T,220830,083040,60.304790N,24.095427E,48,0.0,79
13965,T,220830,083041,60.304790N,24.095427E,48,0.0,79
13966,T,220830,083042,60.304790N,24.095427E,48,0.0,79
13967,T,220830,083043,60.304790N,24.095427E,48,0.0,79
13968,T,220830,083044,60.304790N,24.095427E,48,0.0,79
13969,T,220830,083045,60.304790N,24.095427E,48,0.0,79
13970,T,220830,083046,60.304790N,24.095427E,48,0.0,79
13971,T,220830,083047,60.304794N,24.095434E,48,3.9,56
13972,T,220830,083048,60.304790N,24.095455E,48,5.2,109
13973,T,220830,083049,60.304790N,24.095493E,48,8.0,110
13974,T,220830,083050,60.304779N,24.095539E,48,11.7,121
13975,T,220830,083051,60.304764N,24.095598E,48,13.9,121
13976,T,220830,083052,60.304745N,24.095663E,48,14.5,122
13977,T,220830,083053,60.304722N,24.095726E,47,14.5,125
13978,T,220830,083054,60.304695N,24.095783E,47,14.8,128
13979,T,220830,083055,60.304672N,24.095846E,47,15.4,128
13980,T,220830,083056,60.304646N,24.095907E,47,16.2,130
13981,T,220830,083057,60.304615N,24.095974E,46,16.9,130
13982,T,220830,083058,60.304592N,24.096043E,46,17.6,129
13983,T,220830,083059,60.304562N,24.096115E,45,18.9,128
13984,T,220830,083100,60.304531N,24.096189E,45,19.7,128
13985,T,220830,083101,60.304501N,24.096270E,45,20.9,128
13986,T,220830,083102,60.304462N,24.096354E,45,21.6,128
13987,T,220830,083103,60.304432N,24.096437E,44,21.7,128
13988,T,220830,083104,60.304401N,24.096523E,44,21.6,128
13989,T,220830,083105,60.304363N,24.096615E,44,21.7,128
13990,T,220830,083106,60.304329N,24.096699E,44,21.8,128
13991,T,220830,083107,60.304291N,24.096785E,44,21.9,128
13992,T,220830,083108,60.304260N,24.096874E,44,22.3,128
13993,T,220830,083109,60.304222N,24.096964E,44,22.6,128
13994,T,220830,083110,60.304192N,24.097055E,43,23.1,127
13995,T,220830,083111,60.304153N,24.097143E,43,22.6,128
13996,T,220830,083112,60.304115N,24.097233E,43,22.5,128
13997,T,220830,083113,60.304081N,24.097322E,43,22.2,128
13998,T,220830,083114,60.304047N,24.097408E,43,22.1,128
13999,T,220830,083115,60.304012N,24.097494E,43,21.6,128
14000,T,220830,083116,60.303982N,24.097578E,43,21.5,127
14001,T,220830,083117,60.303947N,24.097664E,43,21.5,128
14002,T,220830,083118,60.303913N,24.097750E,42,21.6,128
14003,T,220830,083119,60.303879N,24.097836E,42,21.5,127
14004,T,220830,083120,60.303848N,24.097925E,42,21.9,127
14005,T,220830,083121,60.303818N,24.098017E,42,21.9,127
14006,T,220830,083122,60.303783N,24.098104E,42,22.0,127
14007,T,220830,083123,60.303749N,24.098196E,42,22.3,127
14008,T,220830,083124,60.303715N,24.098284E,42,22.7,128
14009,T,220830,083125,60.303680N,24.098373E,42,22.7,128
14010,T,220830,083126,60.303642N,24.098459E,42,22.3,128
14011,T,220830,083127,60.303608N,24.098551E,42,22.0,128
14012,T,220830,083128,60.303577N,24.098639E,41,21.9,128
14013,T,220830,083129,60.303539N,24.098724E,41,22.2,128
14014,T,220830,083130,60.303509N,24.098812E,41,22.0,128
14015,T,220830,083131,60.303471N,24.098898E,41,22.1,128
14016,T,220830,083132,60.303440N,24.098984E,41,22.0,128
14017,T,220830,083133,60.303406N,24.099072E,40,23.1,128
14018,T,220830,083134,60.303368N,24.099163E,40,23.1,128
14019,T,220830,083135,60.303333N,24.099257E,40,23.5,128
14020,T,220830,083136,60.303299N,24.099352E,40,23.5,127
14021,T,220830,083137,60.303261N,24.099445E,39,24.0,127
14022,T,220830,083138,60.303223N,24.099545E,39,24.0,127
14023,T,220830,083139,60.303188N,24.099638E,39,24.6,128
14024,T,220830,083140,60.303146N,24.099735E,39,24.5,128
14025,T,220830,083141,60.303112N,24.099834E,38,24.4,127
14026,T,220830,083142,60.303078N,24.099930E,38,24.3,127
14027,T,220830,083143,60.303040N,24.100023E,38,24.6,128
14028,T,220830,083144,60.303001N,24.100122E,38,24.0,127
14029,T,220830,083145,60.302963N,24.100218E,37,24.5,128
14030,T,220830,083146,60.302929N,24.100315E,37,24.1,127
14031,T,220830,083147,60.302891N,24.100414E,37,24.1,126
14032,T,220830,083148,60.302856N,24.100510E,37,24.1,126
14033,T,220830,083149,60.302818N,24.100607E,37,24.0,127
14034,T,220830,083150,60.302784N,24.100702E,37,24.0,127
14035,T,220830,083151,60.302746N,24.100800E,37,23.9,128
14036,T,220830,083152,60.302708N,24.100897E,37,23.9,128
14037,T,220830,083153,60.302670N,24.100990E,37,23.8,129
14038,T,220830,083154,60.302631N,24.101084E,36,23.5,129
14039,T,220830,083155,60.302593N,24.101175E,36,23.4,129
14040,T,220830,083156,60.302555N,24.101265E,36,23.0,129
14041,T,220830,083157,60.302521N,24.101357E,36,23.0,128
14042,T,220830,083158,60.302483N,24.101444E,36,22.5,128
14043,T,220830,083159,60.302448N,24.101530E,36,22.0,129
14044,T,220830,083200,60.302410N,24.101616E,35,22.0,129
14045,T,220830,083201,60.302380N,24.101706E,35,22.0,123
14046,T,220830,083202,60.302357N,24.101803E,35,21.5,113
14047,T,220830,083203,60.302341N,24.101900E,35,20.3,103
14048,T,220830,083204,60.302334N,24.101995E,35,18.8,96
14049,T,220830,083205,60.302326N,24.102089E,34,18.0,88
14050,T,220830,083206,60.302334N,24.102177E,34,17.6,86
14051,T,220830,083207,60.302341N,24.102264E,34,16.9,84
14052,T,220830,083208,60.302345N,24.102348E,34,16.4,83
14053,T,220830,083209,60.302353N,24.102428E,34,15.7,84
14054,T,220830,083210,60.302357N,24.102505E,34,14.2,86
14055,T,220830,083211,60.302357N,24.102564E,34,11.4,89
14056,T,220830,083212,60.302357N,24.102615E,34,9.0,92
14057,T,220830,083213,60.302357N,24.102654E,34,5.6,100
14058,T,220830,083214,60.302364N,24.102676E,35,3.8,100
14059,T,220830,083215,60.302372N,24.102682E,36,0.0,100
14060,T,220830,083216,60.302376N,24.102674E,36,0.0,100
14061,T,220830,083217,60.302383N,24.102652E,36,4.6,100
14062,T,220830,083218,60.302383N,24.102625E,37,6.1,261
14063,T,220830,083219,60.302380N,24.102583E,37,10.1,262
14064,T,220830,083220,60.302380N,24.102524E,37,12.1,264
14065,T,220830,083221,60.302380N,24.102455E,37,13.6,266
14066,T,220830,083222,60.302380N,24.102377E,37,14.1,264
14067,T,220830,083223,60.302376N,24.102297E,37,15.2,264
14068,T,220830,083224,60.302372N,24.102221E,37,15.3,265
14069,T,220830,083225,60.302368N,24.102144E,38,15.6,264
14070,T,220830,083226,60.302364N,24.102064E,38,15.9,264
14071,T,220830,083227,60.302361N,24.101980E,38,16.0,273
14072,T,220830,083228,60.302368N,24.101900E,38,15.3,283
14073,T,220830,083229,60.302380N,24.101824E,38,14.4,291
14074,T,220830,083230,60.302391N,24.101755E,38,13.1,294
14075,T,220830,083231,60.302406N,24.101696E,38,13.1,299
14076,T,220830,083232,60.302425N,24.101637E,38,12.6,305
14077,T,220830,083233,60.302441N,24.101582E,38,13.2,306
14078,T,220830,083234,60.302464N,24.101526E,38,13.7,308
14079,T,220830,083235,60.302486N,24.101475E,38,13.9,309
14080,T,220830,083236,60.302509N,24.101416E,38,13.9,308
14081,T,220830,083237,60.302532N,24.101362E,38,13.9,307
14082,T,220830,083238,60.302551N,24.101307E,38,13.2,307
14083,T,220830,083239,60.302574N,24.101257E,39,12.7,315
14084,T,220830,083240,60.302597N,24.101213E,39,12.6,314
14085,T,220830,083241,60.302620N,24.101166E,39,12.0,313
14086,T,220830,083242,60.302635N,24.101116E,39,11.9,312
14087,T,220830,083243,60.302650N,24.101070E,39,11.0,312
14088,T,220830,083244,60.302673N,24.101028E,39,10.5,311
14089,T,220830,083245,60.302689N,24.100992E,39,9.2,311
14090,T,220830,083246,60.302700N,24.100956E,39,8.7,310
14091,T,220830,083247,60.302715N,24.100920E,39,8.8,309
14092,T,220830,083248,60.302727N,24.100883E,39,8.9,309
14093,T,220830,083249,60.302746N,24.100845E,39,9.3,310
14094,T,220830,083250,60.302761N,24.100805E,39,9.4,304
14095,T,220830,083251,60.302773N,24.100763E,38,9.5,304
14096,T,220830,083252,60.302792N,24.100725E,38,9.8,308
14097,T,220830,083253,60.302803N,24.100683E,38,10.1,307
14098,T,220830,083254,60.302818N,24.100639E,38,10.7,306
14099,T,220830,083255,60.302841N,24.100595E,38,10.7,313
14100,T,220830,083256,60.302856N,24.100554E,38,10.4,310
14101,T,220830,083257,60.302872N,24.100521E,38,7.1,312
14102,T,220830,083258,60.302883N,24.100512E,38,0.0,312
14103,T,220830,083259,60.302883N,24.100512E,38,0.0,312
14104,T,220830,083300,60.302879N,24.100513E,38,0.0,312
14105,T,220830,083301,60.302879N,24.100512E,38,0.0,312
14106,T,220830,083302,60.302879N,24.100512E,38,0.0,312
14107,T,220830,083303,60.302879N,24.100512E,38,0.0,312
14108,T,220830,083304,60.302879N,24.100512E,38,0.0,312
14109,T,220830,083305,60.302879N,24.100512E,38,0.0,312
14110,T,220830,083306,60.302879N,24.100512E,38,0.0,312
14111,T,220830,083307,60.302879N,24.100512E,38,0.0,312
14112,T,220830,083308,60.302879N,24.100512E,38,0.0,312
14113,T,220830,083309,60.302879N,24.100512E,38,0.0,312
14114,T,220830,083310,60.302879N,24.100512E,38,0.0,312
14115,T,220830,083311,60.302879N,24.100512E,38,0.0,312
14116,T,220830,083312,60.302879N,24.100512E,38,0.0,312
14117,T,220830,083313,60.302879N,24.100510E,38,0.0,312
14118,T,220830,083314,60.302879N,24.100510E,38,0.0,312
14119,T,220830,083315,60.302879N,24.100510E,38,0.0,312
14120,T,220830,083316,60.302879N,24.100510E,38,0.0,312
14121,T,220830,083317,60.302879N,24.100512E,38,0.0,312
14122,T,220830,083318,60.302879N,24.100512E,38,0.0,312
14123,T,220830,083319,60.302879N,24.100512E,38,0.0,312
14124,T,220830,083320,60.302879N,24.100512E,38,0.0,312
14125,T,220830,083321,60.302879N,24.100512E,38,0.0,312
14126,T,220830,083322,60.302879N,24.100512E,38,0.0,312
14127,T,220830,083323,60.302879N,24.100512E,38,0.0,312
14128,T,220830,083324,60.302879N,24.100512E,38,0.0,312
14129,T,220830,083325,60.302879N,24.100504E,38,3.6,312
14130,T,220830,083326,60.302887N,24.100479E,38,6.7,306
14131,T,220830,083327,60.302898N,24.100445E,38,9.9,307
14132,T,220830,083328,60.302917N,24.100395E,38,12.0,308
14133,T,220830,083329,60.302937N,24.100342E,38,13.4,307
14134,T,220830,083330,60.302956N,24.100285E,38,14.0,306
14135,T,220830,083331,60.302979N,24.100224E,38,14.5,306
14136,T,220830,083332,60.303001N,24.100164E,38,14.6,306
14137,T,220830,083333,60.303020N,24.100101E,37,15.0,306
14138,T,220830,083334,60.303043N,24.100040E,37,14.4,307
14139,T,220830,083335,60.303066N,24.099977E,37,14.3,306
14140,T,220830,083336,60.303089N,24.099918E,37,14.9,307
14141,T,220830,083337,60.303112N,24.099857E,38,15.4,308
14142,T,220830,083338,60.303139N,24.099800E,38,15.4,310
14143,T,220830,083339,60.303165N,24.099737E,38,16.1,309
14144,T,220830,083340,60.303192N,24.099674E,38,16.4,309
14145,T,220830,083341,60.303215N,24.099609E,38,16.3,309
14146,T,220830,083342,60.303242N,24.099545E,38,16.7,307
14147,T,220830,083343,60.303265N,24.099478E,38,15.3,307
14148,T,220830,083344,60.303288N,24.099419E,38,15.4,309
14149,T,220830,083345,60.303314N,24.099356E,38,16.0,308
14150,T,220830,083346,60.303341N,24.099291E,38,16.0,308
14151,T,220830,083347,60.303364N,24.099226E,38,15.2,308
14152,T,220830,083348,60.303387N,24.099163E,38,15.5,307
14153,T,220830,083349,60.303410N,24.099100E,38,15.0,306
14154,T,220830,083350,60.303432N,24.099035E,38,15.0,305
14155,T,220830,083351,60.303452N,24.098976E,38,15.1,305
14156,T,220830,083352,60.303474N,24.098915E,38,15.0,306
14157,T,220830,083353,60.303501N,24.098856E,38,14.2,306
14158,T,220830,083354,60.303520N,24.098803E,38,13.5,306
14159,T,220830,083355,60.303539N,24.098745E,38,13.4,308
14160,T,220830,083356,60.303558N,24.098696E,38,13.4,308
14161,T,220830,083357,60.303581N,24.098640E,38,13.8,309
14162,T,220830,083358,60.303604N,24.098583E,38,13.9,310
14163,T,220830,083359,60.303623N,24.098524E,38,14.5,310
14164,T,220830,083400,60.303650N,24.098469E,39,14.6,309
14165,T,220830,083401,60.303673N,24.098412E,39,14.9,308
14166,T,220830,083402,60.303696N,24.098349E,39,15.3,308
14167,T,220830,083403,60.303719N,24.098284E,39,15.3,307
14168,T,220830,083404,60.303745N,24.098223E,39,15.4,307
14169,T,220830,083405,60.303768N,24.098160E,39,15.5,307
14170,T,220830,083406,60.303791N,24.098099E,39,15.4,307
14171,T,220830,083407,60.303818N,24.098036E,39,15.3,307
14172,T,220830,083408,60.303841N,24.097975E,39,15.4,307
14173,T,220830,083409,60.303864N,24.097912E,39,15.5,307
14174,T,220830,083410,60.303886N,24.097849E,39,15.5,307
14175,T,220830,083411,60.303913N,24.097784E,39,15.6,306
14176,T,220830,083412,60.303936N,24.097721E,39,15.7,307
14177,T,220830,083413,60.303959N,24.097660E,39,15.7,307
14178,T,220830,083414,60.303986N,24.097597E,39,15.7,307
14179,T,220830,083415,60.304008N,24.097536E,40,15.7,308
14180,T,220830,083416,60.304031N,24.097473E,40,15.6,308
14181,T,220830,083417,60.304054N,24.097412E,40,15.6,307
14182,T,220830,083418,60.304081N,24.097349E,40,15.6,308
14183,T,220830,083419,60.304100N,24.097290E,40,15.5,309
14184,T,220830,083420,60.304127N,24.097227E,40,15.5,308
14185,T,220830,083421,60.304153N,24.097166E,40,15.5,308
14186,T,220830,083422,60.304176N,24.097103E,40,15.5,308
14187,T,220830,083423,60.304199N,24.097042E,40,15.5,307
14188,T,220830,083424,60.304218N,24.096979E,40,15.4,307
14189,T,220830,083425,60.304245N,24.096920E,41,15.3,307
14190,T,220830,083426,60.304268N,24.096863E,41,15.2,309
14191,T,220830,083427,60.304291N,24.096804E,41,15.1,310
14192,T,220830,083428,60.304317N,24.096743E,40,15.4,310
14193,T,220830,083429,60.304340N,24.096676E,41,15.4,308
14194,T,220830,083430,60.304359N,24.096619E,41,14.7,308
14195,T,220830,083431,60.304379N,24.096558E,41,14.6,306
14196,T,220830,083432,60.304401N,24.096500E,40,14.7,306
14197,T,220830,083433,60.304424N,24.096443E,40,14.6,307
14198,T,220830,083434,60.304447N,24.096390E,40,14.2,308
14199,T,220830,083435,60.304466N,24.096334E,41,14.5,308
14200,T,220830,083436,60.304493N,24.096275E,41,14.5,309
14201,T,220830,083437,60.304512N,24.096224E,41,14.4,309
14202,T,220830,083438,60.304535N,24.096167E,41,14.3,309
14203,T,220830,083439,60.304562N,24.096113E,41,13.8,309
14204,T,220830,083440,60.304581N,24.096058E,41,13.4,309
14205,T,220830,083441,60.304600N,24.096004E,41,13.2,309
14206,T,220830,083442,60.304619N,24.095955E,41,12.9,308
14207,T,220830,083443,60.304642N,24.095901E,41,12.5,307
14208,T,220830,083444,60.304661N,24.095854E,41,12.1,308
14209,T,220830,083445,60.304680N,24.095806E,41,12.2,308
14210,T,220830,083446,60.304699N,24.095758E,41,11.8,308
14211,T,220830,083447,60.304714N,24.095711E,42,12.1,308
14212,T,220830,083448,60.304737N,24.095661E,42,12.1,308
14213,T,220830,083449,60.304756N,24.095612E,42,12.0,306
14214,T,220830,083450,60.304771N,24.095562E,43,11.6,304
14215,T,220830,083451,60.304787N,24.095512E,43,10.9,295
14216,T,220830,083452,60.304794N,24.095465E,43,9.7,287
14217,T,220830,083453,60.304806N,24.095411E,44,10.7,284
14218,T,220830,083454,60.304810N,24.095354E,44,11.9,275
14219,T,220830,083455,60.304810N,24.095289E,43,12.4,269
14220,T,220830,083456,60.304806N,24.095224E,43,12.8,267
14221,T,220830,083457,60.304806N,24.095158E,43,12.9,267
14222,T,220830,083458,60.304798N,24.095093E,43,13.4,266
14223,T,220830,083459,60.304794N,24.095022E,43,14.0,260
14224,T,220830,083500,60.304779N,24.094952E,42,14.8,250
14225,T,220830,083501,60.304756N,24.094891E,42,15.7,231
14226,T,220830,083502,60.304726N,24.094837E,42,16.6,205
14227,T,220830,083503,60.304684N,24.094816E,42,17.9,191
14228,T,220830,083504,60.304634N,24.094809E,42,19.0,178
14229,T,220830,083505,60.304588N,24.094818E,41,19.6,170
14230,T,220830,083506,60.304539N,24.094845E,41,20.6,163
14231,T,220830,083507,60.304489N,24.094875E,41,21.7,163
14232,T,220830,083508,60.304432N,24.094906E,41,22.6,164
14233,T,220830,083509,60.304375N,24.094940E,41,23.6,164
14234,T,220830,083510,60.304317N,24.094973E,41,24.0,165
14235,T,220830,083511,60.304256N,24.094997E,41,24.4,167
14236,T,220830,083512,60.304195N,24.095020E,41,24.9,169
14237,T,220830,083513,60.304131N,24.095037E,41,25.0,171
14238,T,220830,083514,60.304073N,24.095055E,40,25.5,173
14239,T,220830,083515,60.304005N,24.095064E,40,25.9,175
14240,T,220830,083516,60.303940N,24.095072E,40,26.2,176
14241,T,220830,083517,60.303871N,24.095076E,40,26.8,177
14242,T,220830,083518,60.303802N,24.095083E,40,27.6,177
14243,T,220830,083519,60.303734N,24.095095E,39,27.9,177
14244,T,220830,083520,60.303661N,24.095106E,39,28.5,175
14245,T,220830,083521,60.303593N,24.095123E,39,29.1,174
14246,T,220830,083522,60.303516N,24.095148E,39,29.7,171
14247,T,220830,083523,60.303444N,24.095181E,38,30.1,170
14248,T,220830,083524,60.303368N,24.095222E,38,30.2,169
14249,T,220830,083525,60.303299N,24.095270E,38,30.2,168
14250,T,220830,083526,60.303226N,24.095324E,38,29.9,167
14251,T,220830,083527,60.303162N,24.095379E,38,29.6,166
14252,T,220830,083528,60.303089N,24.095434E,38,29.3,165
14253,T,220830,083529,60.303024N,24.095488E,38,28.9,164
14254,T,220830,083530,60.302956N,24.095539E,37,28.6,164
14255,T,220830,083531,60.302887N,24.095589E,37,28.1,162
14256,T,220830,083532,60.302818N,24.095631E,37,27.7,162
14257,T,220830,083533,60.302753N,24.095663E,37,27.3,163
14258,T,220830,083534,60.302689N,24.095695E,37,27.1,164
14259,T,220830,083535,60.302620N,24.095716E,37,26.8,165
14260,T,220830,083536,60.302551N,24.095724E,37,26.9,166
14261,T,220830,083537,60.302486N,24.095720E,37,26.8,167
14262,T,220830,083538,60.302422N,24.095703E,37,26.8,168
14263,T,220830,083539,60.302357N,24.095680E,37,26.8,170
14264,T,220830,083540,60.302292N,24.095640E,37,26.5,200
14265,T,220830,083541,60.302235N,24.095579E,37,26.4,211
14266,T,220830,083542,60.302181N,24.095503E,37,26.2,218
14267,T,220830,083543,60.302132N,24.095413E,37,25.7,223
14268,T,220830,083544,60.302090N,24.095322E,37,24.8,227
14269,T,220830,083545,60.302048N,24.095226E,38,24.0,229
14270,T,220830,083546,60.302013N,24.095135E,38,23.4,232
14271,T,220830,083547,60.301979N,24.095039E,38,22.8,232
14272,T,220830,083548,60.301945N,24.094948E,38,22.7,231
14273,T,220830,083549,60.301910N,24.094856E,39,22.5,232
14274,T,220830,083550,60.301876N,24.094767E,39,22.5,232
14275,T,220830,083551,60.301842N,24.094675E,39,22.4,232
14276,T,220830,083552,60.301807N,24.094584E,39,22.4,233
14277,T,220830,083553,60.301777N,24.094496E,39,22.4,232
14278,T,220830,083554,60.301739N,24.094404E,39,22.4,232
14279,T,220830,083555,60.301704N,24.094316E,39,22.5,231
14280,T,220830,083556,60.301662N,24.094233E,40,22.8,231
14281,T,220830,083557,60.301624N,24.094151E,40,22.8,230
14282,T,220830,083558,60.301579N,24.094070E,40,22.9,229
14283,T,220830,083559,60.301537N,24.093996E,40,22.9,217
14284,T,220830,083600,60.301491N,24.093924E,40,22.9,216
14285,T,220830,083601,60.301445N,24.093857E,40,22.9,216
14286,T,220830,083602,60.301399N,24.093786E,40,22.8,217
14287,T,220830,083603,60.301353N,24.093716E,40,22.1,216
14288,T,220830,083604,60.301308N,24.093651E,40,21.8,215
14289,T,220830,083605,60.301266N,24.093584E,40,21.7,215
14290,T,220830,083606,60.301220N,24.093521E,40,21.6,215
14291,T,220830,083607,60.301174N,24.093458E,41,21.2,215
14292,T,220830,083608,60.301136N,24.093393E,41,21.2,217
14293,T,220830,083609,60.301098N,24.093327E,41,20.7,218
14294,T,220830,083610,60.301056N,24.093260E,41,20.4,219
14295,T,220830,083611,60.301018N,24.093191E,42,19.7,221
14296,T,220830,083612,60.300983N,24.093124E,42,18.7,222
14297,T,220830,083613,60.300953N,24.093054E,43,18.4,223
14298,T,220830,083614,60.300922N,24.092985E,43,17.3,224
14299,T,220830,083615,60.300900N,24.092920E,43,16.9,224
14300,T,220830,083616,60.300873N,24.092854E,43,16.2,235
14301,T,220830,083617,60.300854N,24.092785E,43,16.1,237
14302,T,220830,083618,60.300831N,24.092716E,44,16.2,237
14303,T,220830,083619,60.300808N,24.092644E,44,16.9,235
14304,T,220830,083620,60.300785N,24.092573E,44,17.8,235
14305,T,220830,083621,60.300755N,24.092499E,44,18.8,235
14306,T,220830,083622,60.300728N,24.092422E,44,19.5,232
14307,T,220830,083623,60.300701N,24.092344E,44,20.1,232
14308,T,220830,083624,60.300659N,24.092272E,44,20.9,231
14309,T,220830,083625,60.300621N,24.092199E,44,21.4,218
14310,T,220830,083626,60.300579N,24.092136E,44,21.8,214
14311,T,220830,083627,60.300533N,24.092075E,44,22.4,212
14312,T,220830,083628,60.300484N,24.092018E,44,22.7,207
14313,T,220830,083629,60.300430N,24.091970E,44,23.2,202
14314,T,220830,083630,60.300377N,24.091930E,44,23.6,198
14315,T,220830,083631,60.300320N,24.091898E,44,23.7,193
14316,T,220830,083632,60.300262N,24.091873E,44,23.7,189
14317,T,220830,083633,60.300201N,24.091864E,44,23.6,185
14318,T,220830,083634,60.300140N,24.091858E,43,23.1,180
14319,T,220830,083635,60.300079N,24.091862E,43,22.6,175
14320,T,220830,083636,60.300030N,24.091875E,43,22.0,170
14321,T,220830,083637,60.299976N,24.091896E,43,20.7,167
14322,T,220830,083638,60.299927N,24.091919E,44,19.0,165
14323,T,220830,083639,60.299889N,24.091944E,44,18.3,163
14324,T,220830,083640,60.299843N,24.091970E,44,18.2,162
14325,T,220830,083641,60.299801N,24.092003E,44,18.2,160
14326,T,220830,083642,60.299759N,24.092033E,45,18.4,160
14327,T,220830,083643,60.299717N,24.092070E,45,18.4,159
14328,T,220830,083644,60.299671N,24.092106E,45,18.8,159
14329,T,220830,083645,60.299625N,24.092144E,45,19.7,158
14330,T,220830,083646,60.299580N,24.092184E,45,20.9,158
14331,T,220830,083647,60.299526N,24.092224E,45,22.1,157
14332,T,220830,083648,60.299477N,24.092270E,44,25.0,158
14333,T,220830,083649,60.299416N,24.092316E,44,24.8,158
14334,T,220830,083650,60.299355N,24.092360E,44,27.0,159
14335,T,220830,083651,60.299290N,24.092407E,44,28.1,161
14336,T,220830,083652,60.299221N,24.092449E,43,29.4,161
14337,T,220830,083653,60.299149N,24.092487E,43,31.0,163
14338,T,220830,083654,60.299072N,24.092533E,42,32.6,164
14339,T,220830,083655,60.298996N,24.092585E,42,33.3,164
14340,T,220830,083656,60.298916N,24.092638E,41,33.4,163
14341,T,220830,083657,60.298836N,24.092690E,41,33.5,163
14342,T,220830,083658,60.298756N,24.092735E,41,33.3,164
14343,T,220830,083659,60.298679N,24.092777E,40,32.3,164
14344,T,220830,083700,60.298599N,24.092825E,40,31.2,164
14345,T,220830,083701,60.298527N,24.092869E,40,30.5,164
14346,T,220830,083702,60.298454N,24.092915E,40,29.6,163
14347,T,220830,083703,60.298389N,24.092955E,40,28.3,163
14348,T,220830,083704,60.298321N,24.092993E,40,27.2,163
14349,T,220830,083705,60.298252N,24.093023E,40,26.5,164
14350,T,220830,083706,60.298191N,24.093060E,40,25.9,164
14351,T,220830,083707,60.298126N,24.093088E,40,25.2,165
14352,T,220830,083708,60.298069N,24.093119E,41,23.6,166
14353,T,220830,083709,60.298012N,24.093143E,41,22.9,166
14354,T,220830,083710,60.297958N,24.093168E,41,21.9,167
14355,T,220830,083711,60.297905N,24.093185E,41,22.0,167
14356,T,220830,083712,60.297848N,24.093204E,42,22.0,168
14357,T,220830,083713,60.297791N,24.093216E,42,21.5,169
14358,T,220830,083714,60.297741N,24.093227E,42,21.7,171
14359,T,220830,083715,60.297688N,24.093241E,43,21.5,173
14360,T,220830,083716,60.297634N,24.093254E,43,20.7,173
14361,T,220830,083717,60.297585N,24.093267E,43,20.7,174
14362,T,220830,083718,60.297531N,24.093283E,43,20.6,174
14363,T,220830,083719,60.297482N,24.093296E,43,20.1,173
14364,T,220830,083720,60.297432N,24.093307E,43,19.9,172
14365,T,220830,083721,60.297382N,24.093321E,43,19.3,171
14366,T,220830,083722,60.297337N,24.093334E,43,19.4,171
14367,T,220830,083723,60.297287N,24.093344E,43,19.3,171
14368,T,220830,083724,60.297241N,24.093355E,44,19.3,171
14369,T,220830,083725,60.297192N,24.093372E,43,19.7,171
14370,T,220830,083726,60.297138N,24.093378E,43,20.5,171
14371,T,220830,083727,60.297089N,24.093391E,43,21.4,172
14372,T,220830,083728,60.297031N,24.093405E,43,22.7,172
14373,T,220830,083729,60.296970N,24.093420E,42,24.4,173
14374,T,220830,083730,60.296913N,24.093435E,42,26.2,173
14375,T,220830,083731,60.296844N,24.093454E,42,27.7,173
14376,T,220830,083732,60.296772N,24.093468E,41,28.9,173
14377,T,220830,083733,60.296700N,24.093481E,41,29.3,174
14378,T,220830,083734,60.296627N,24.093493E,40,29.4,175
14379,T,220830,083735,60.296551N,24.093504E,40,29.9,175
14380,T,220830,083736,60.296478N,24.093515E,39,30.4,175
14381,T,220830,083737,60.296398N,24.093529E,39,30.4,175
14382,T,220830,083738,60.296329N,24.093538E,39,29.7,175
14383,T,220830,083739,60.296253N,24.093544E,39,29.9,175
14384,T,220830,083740,60.296181N,24.093555E,38,29.8,175
14385,T,220830,083741,60.296108N,24.093569E,38,29.2,175
14386,T,220830,083742,60.296036N,24.093584E,38,28.4,174
14387,T,220830,083743,60.295963N,24.093599E,38,28.4,173
14388,T,220830,083744,60.295895N,24.093618E,38,28.2,172
14389,T,220830,083745,60.295822N,24.093636E,37,28.2,172
14390,T,220830,083746,60.295757N,24.093657E,37,28.3,172
14391,T,220830,083747,60.295685N,24.093678E,37,28.3,171
14392,T,220830,083748,60.295616N,24.093702E,37,28.3,170
14393,T,220830,083749,60.295547N,24.093725E,37,28.2,169
14394,T,220830,083750,60.295479N,24.093756E,37,27.7,168
14395,T,220830,083751,60.295410N,24.093786E,37,27.6,168
14396,T,220830,083752,60.295345N,24.093815E,37,27.2,168
14397,T,220830,083753,60.295280N,24.093840E,37,27.3,168
14398,T,220830,083754,60.295212N,24.093866E,37,27.4,168
14399,T,220830,083755,60.295143N,24.093891E,37,27.4,169
14400,T,220830,083756,60.295074N,24.093908E,37,27.4,170
14401,T,220830,083757,60.295010N,24.093918E,37,27.4,170
14402,T,220830,083758,60.294941N,24.093924E,37,27.4,171
14403,T,220830,083759,60.294872N,24.093925E,37,27.0,172
14404,T,220830,083800,60.294804N,24.093924E,37,27.1,172
14405,T,220830,083801,60.294735N,24.093918E,37,27.0,173
14406,T,220830,083802,60.294670N,24.093908E,37,26.9,174
14407,T,220830,083803,60.294605N,24.093891E,38,26.5,175
14408,T,220830,083804,60.294540N,24.093870E,38,26.4,177
14409,T,220830,083805,60.294476N,24.093843E,38,25.8,178
14410,T,220830,083806,60.294411N,24.093809E,38,24.8,179
14411,T,220830,083807,60.294357N,24.093781E,39,23.7,181
14412,T,220830,083808,60.294300N,24.093750E,39,22.2,182
14413,T,220830,083809,60.294247N,24.093721E,39,21.2,184
14414,T,220830,083810,60.294201N,24.093691E,40,20.5,185
14415,T,220830,083811,60.294147N,24.093658E,40,20.2,186
14416,T,220830,083812,60.294102N,24.093626E,40,20.3,187
14417,T,220830,083813,60.294048N,24.093596E,40,20.3,188
14418,T,220830,083814,60.293999N,24.093563E,41,20.3,189
14419,T,220830,083815,60.293953N,24.093540E,41,20.3,191
14420,T,220830,083816,60.293900N,24.093513E,41,20.7,193
14421,T,220830,083817,60.293846N,24.093485E,41,20.8,195
14422,T,220830,083818,60.293800N,24.093456E,41,20.9,195
14423,T,220830,083819,60.293743N,24.093431E,41,21.6,194
14424,T,220830,083820,60.293694N,24.093410E,41,21.5,192
14425,T,220830,083821,60.293640N,24.093390E,41,21.5,190
14426,T,220830,083822,60.293587N,24.093374E,41,21.1,189
14427,T,220830,083823,60.293537N,24.093361E,42,21.0,187
14428,T,220830,083824,60.293488N,24.093344E,42,20.7,186
14429,T,220830,083825,60.293434N,24.093330E,42,20.8,186
14430,T,220830,083826,60.293385N,24.093319E,42,20.7,186
14431,T,220830,083827,60.293331N,24.093304E,42,20.7,186
14432,T,220830,083828,60.293282N,24.093292E,42,20.6,186
14433,T,220830,083829,60.293232N,24.093283E,43,20.5,186
14434,T,220830,083830,60.293179N,24.093271E,43,20.5,185
14435,T,220830,083831,60.293129N,24.093266E,42,20.4,184
14436,T,220830,083832,60.293079N,24.093260E,42,20.4,183
14437,T,220830,083833,60.293030N,24.093252E,42,20.3,183
14438,T,220830,083834,60.292980N,24.093245E,42,20.4,183
14439,T,220830,083835,60.292927N,24.093237E,43,20.3,183
14440,T,220830,083836,60.292881N,24.093233E,42,20.0,182
14441,T,220830,083837,60.292831N,24.093233E,43,20.0,180
14442,T,220830,083838,60.292782N,24.093233E,43,20.0,179
14443,T,220830,083839,60.292728N,24.093239E,43,19.9,177
14444,T,220830,083840,60.292679N,24.093248E,43,19.8,176
14445,T,220830,083841,60.292637N,24.093266E,43,19.5,174
14446,T,220830,083842,60.292591N,24.093288E,42,19.3,173
14447,T,220830,083843,60.292545N,24.093321E,43,19.2,160
14448,T,220830,083844,60.292500N,24.093355E,43,19.1,155
14449,T,220830,083845,60.292461N,24.093403E,43,19.1,152
14450,T,220830,083846,60.292416N,24.093449E,43,19.2,150
14451,T,220830,083847,60.292377N,24.093504E,43,19.2,147
14452,T,220830,083848,60.292332N,24.093571E,44,19.7,146
14453,T,220830,083849,60.292297N,24.093632E,44,19.8,142
14454,T,220830,083850,60.292255N,24.093700E,44,20.4,139
14455,T,220830,083851,60.292217N,24.093767E,44,20.8,140
14456,T,220830,083852,60.292179N,24.093840E,44,20.8,138
14457,T,220830,083853,60.292141N,24.093916E,44,21.2,137
14458,T,220830,083854,60.292099N,24.093992E,43,21.5,137
14459,T,220830,083855,60.292061N,24.094067E,43,21.9,138
14460,T,220830,083856,60.292019N,24.094145E,44,22.0,137
14461,T,220830,083857,60.291981N,24.094219E,44,22.1,138
14462,T,220830,083858,60.291939N,24.094296E,44,22.1,138
14463,T,220830,083859,60.291897N,24.094376E,44,22.3,137
14464,T,220830,083900,60.291855N,24.094454E,44,22.2,136
14465,T,220830,083901,60.291817N,24.094530E,44,22.2,136
14466,T,220830,083902,60.291775N,24.094606E,44,22.2,136
14467,T,220830,083903,60.291737N,24.094685E,44,22.2,136
14468,T,220830,083904,60.291695N,24.094763E,44,22.2,136
14469,T,220830,083905,60.291656N,24.094843E,44,22.6,135
14470,T,220830,083906,60.291615N,24.094919E,44,22.5,135
14471,T,220830,083907,60.291576N,24.095001E,44,22.6,135
14472,T,220830,083908,60.291534N,24.095083E,44,22.6,134
14473,T,220830,083909,60.291500N,24.095163E,44,22.6,133
14474,T,220830,083910,60.291466N,24.095247E,44,22.6,132
14475,T,220830,083911,60.291424N,24.095337E,44,22.6,130
14476,T,220830,083912,60.291393N,24.095427E,44,22.6,128
14477,T,220830,083913,60.291359N,24.095518E,43,22.5,126
14478,T,220830,083914,60.291328N,24.095613E,44,22.1,124
14479,T,220830,083915,60.291294N,24.095707E,44,22.2,123
14480,T,220830,083916,60.291267N,24.095802E,44,22.3,121
14481,T,220830,083917,60.291245N,24.095896E,44,20.1,120
14482,T,220830,083918,60.291225N,24.095984E,44,19.5,119
14483,T,220830,083919,60.291199N,24.096075E,44,19.9,117
14484,T,220830,083920,60.291172N,24.096174E,44,21.3,117
14485,T,220830,083921,60.291142N,24.096273E,44,23.3,117
14486,T,220830,083922,60.291111N,24.096375E,44,22.4,118
14487,T,220830,083923,60.291080N,24.096474E,43,21.9,118
14488,T,220830,083924,60.291054N,24.096577E,44,22.3,119
14489,T,220830,083925,60.291023N,24.096676E,44,22.3,119
14490,T,220830,083926,60.291000N,24.096775E,44,22.9,119
14491,T,220830,083927,60.290970N,24.096876E,44,22.6,118
14492,T,220830,083928,60.290943N,24.096972E,44,22.1,119
14493,T,220830,083929,60.290916N,24.097063E,44,21.2,119
14494,T,220830,083930,60.290890N,24.097160E,44,22.1,119
14495,T,220830,083931,60.290863N,24.097258E,44,21.5,119
14496,T,220830,083932,60.290836N,24.097357E,44,21.6,119
14497,T,220830,083933,60.290810N,24.097446E,45,20.9,119
14498,T,220830,083934,60.290783N,24.097540E,45,21.0,119
14499,T,220830,083935,60.290756N,24.097631E,45,21.4,119
14500,T,220830,083936,60.290730N,24.097721E,45,20.9,120
14501,T,220830,083937,60.290699N,24.097811E,45,20.4,120
14502,T,220830,083938,60.290676N,24.097900E,45,21.9,121
14503,T,220830,083939,60.290649N,24.097990E,46,21.5,122
14504,T,220830,083940,60.290619N,24.098082E,46,21.4,121
14505,T,220830,083941,60.290588N,24.098173E,46,21.3,121
14506,T,220830,083942,60.290562N,24.098263E,46,20.3,123
14507,T,220830,083943,60.290531N,24.098347E,46,19.7,123
14508,T,220830,083944,60.290504N,24.098425E,46,19.2,125
14509,T,220830,083945,60.290470N,24.098503E,46,19.1,127
14510,T,220830,083946,60.290443N,24.098577E,47,19.0,129
14511,T,220830,083947,60.290413N,24.098656E,46,19.4,129
14512,T,220830,083948,60.290382N,24.098732E,47,19.5,130
14513,T,220830,083949,60.290356N,24.098808E,47,19.8,132
14514,T,220830,083950,60.290321N,24.098877E,48,19.9,134
14515,T,220830,083951,60.290287N,24.098949E,48,21.2,137
14516,T,220830,083952,60.290249N,24.099022E,49,20.0,138
14517,T,220830,083953,60.290211N,24.099098E,48,20.2,139
14518,T,220830,083954,60.290173N,24.099161E,48,21.2,141
14519,T,220830,083955,60.290127N,24.099224E,48,20.9,143
14520,T,220830,083956,60.290085N,24.099283E,48,20.5,146
14521,T,220830,083957,60.290039N,24.099339E,49,20.5,149
14522,T,220830,083958,60.289997N,24.099396E,49,20.8,150
14523,T,220830,083959,60.289951N,24.099451E,49,20.7,149
14524,T,220830,084000,60.289909N,24.099508E,49,20.6,149
14525,T,220830,084001,60.289860N,24.099564E,49,20.5,149
14526,T,220830,084002,60.289818N,24.099615E,50,20.4,150
14527,T,220830,084003,60.289772N,24.099670E,50,20.5,150
14528,T,220830,084004,60.289726N,24.099724E,50,20.4,150
14529,T,220830,084005,60.289684N,24.099771E,50,20.4,151
14530,T,220830,084006,60.289639N,24.099819E,50,20.3,151
14531,T,220830,084007,60.289597N,24.099869E,50,20.2,151
14532,T,220830,084008,60.289551N,24.099916E,50,19.8,151
14533,T,220830,084009,60.289513N,24.099966E,50,19.4,151
14534,T,220830,084010,60.289467N,24.100014E,50,20.1,150
14535,T,220830,084011,60.289425N,24.100060E,51,20.9,151
14536,T,220830,084012,60.289379N,24.100107E,51,20.4,151
14537,T,220830,084013,60.289333N,24.100159E,51,21.4,151
14538,T,220830,084014,60.289284N,24.100206E,51,21.5,153
14539,T,220830,084015,60.289234N,24.100256E,50,21.8,154
14540,T,220830,084016,60.289188N,24.100298E,51,21.3,154
14541,T,220830,084017,60.289135N,24.100340E,51,20.7,156
14542,T,220830,084018,60.289093N,24.100384E,51,19.4,156
14543,T,220830,084019,60.289043N,24.100426E,51,20.0,155
14544,T,220830,084020,60.289001N,24.100470E,51,18.0,154
14545,T,220830,084021,60.288960N,24.100512E,52,17.2,153
14546,T,220830,084022,60.288921N,24.100559E,52,17.5,151
14547,T,220830,084023,60.288883N,24.100603E,52,16.1,150
14548,T,220830,084024,60.288849N,24.100643E,52,15.1,149
14549,T,220830,084025,60.288818N,24.100685E,53,14.0,148
14550,T,220830,084026,60.288788N,24.100725E,53,13.4,145
14551,T,220830,084027,60.288761N,24.100767E,53,13.2,143
14552,T,220830,084028,60.288734N,24.100815E,54,13.2,142
14553,T,220830,084029,60.288712N,24.100861E,54,13.1,139
14554,T,220830,084030,60.288689N,24.100904E,55,12.4,138
14555,T,220830,084031,60.288666N,24.100948E,55,11.2,136
14556,T,220830,084032,60.288647N,24.100996E,55,10.0,134
14557,T,220830,084033,60.288635N,24.101038E,55,10.3,118
14558,T,220830,084034,60.288620N,24.101084E,56,10.9,118
14559,T,220830,084035,60.288609N,24.101137E,57,10.9,120
14560,T,220830,084036,60.288597N,24.101187E,57,10.0,111
14561,T,220830,084037,60.288593N,24.101233E,58,8.0,111
14562,T,220830,084038,60.288586N,24.101276E,59,8.6,111
14563,T,220830,084039,60.288574N,24.101320E,60,9.4,111
14564,T,220830,084040,60.288567N,24.101364E,60,9.4,112
14565,T,220830,084041,60.288559N,24.101416E,61,8.5,119
14566,T,220830,084042,60.288559N,24.101477E,62,8.0,117
14567,T,220830,084043,60.288551N,24.101524E,62,7.4,115
14568,T,220830,084044,60.288548N,24.101574E,63,8.8,114
14569,T,220830,084045,60.288540N,24.101624E,63,9.2,113
14570,T,220830,084046,60.288528N,24.101679E,63,8.8,112
14571,T,220830,084047,60.288525N,24.101736E,63,9.8,111
14572,T,220830,084048,60.288517N,24.101788E,63,8.9,110
14573,T,220830,084049,60.288509N,24.101843E,64,8.9,109
14574,T,220830,084050,60.288494N,24.101892E,64,9.2,108
14575,T,220830,084051,60.288483N,24.101944E,65,9.8,108
14576,T,220830,084052,60.288471N,24.101999E,66,10.2,108
14577,T,220830,084053,60.288460N,24.102060E,66,10.3,109
14578,T,220830,084054,60.288445N,24.102116E,66,11.3,109
14579,T,220830,084055,60.288425N,24.102188E,66,12.3,113
14580,T,220830,084056,60.288406N,24.102255E,66,12.2,114
14581,T,220830,084057,60.288391N,24.102320E,66,12.6,116
14582,T,220830,084058,60.288376N,24.102394E,66,13.4,116
14583,T,220830,084059,60.288357N,24.102463E,66,13.4,125
14584,T,220830,084100,60.288326N,24.102535E,65,16.3,131
14585,T,220830,084101,60.288300N,24.102610E,65,18.4,133
14586,T,220830,084102,60.288261N,24.102682E,65,20.2,141
14587,T,220830,084103,60.288219N,24.102757E,63,21.0,140
14588,T,220830,084104,60.288181N,24.102833E,63,20.6,140
14589,T,220830,084105,60.288143N,24.102907E,62,19.2,138
14590,T,220830,084106,60.288128N,24.102989E,61,14.5,134
14591,T,220830,084107,60.288132N,24.103065E,60,15.0,127
14592,T,220830,084108,60.288151N,24.103134E,59,14.9,123
14593,T,220830,084109,60.288181N,24.103180E,59,15.5,30
14594,T,220830,084110,60.288208N,24.103218E,59,14.6,29
14595,T,220830,084111,60.288242N,24.103245E,60,14.6,27
14596,T,220830,084112,60.288280N,24.103258E,60,15.7,26
14597,T,220830,084113,60.288319N,24.103275E,60,14.9,24
14598,T,220830,084114,60.288357N,24.103296E,60,16.1,23
14599,T,220830,084115,60.288395N,24.103319E,61,16.1,22
14600,T,220830,084116,60.288433N,24.103346E,61,16.3,21
14601,T,220830,084117,60.288471N,24.103371E,61,16.4,20
14602,T,220830,084118,60.288513N,24.103394E,61,16.4,19
14603,T,220830,084119,60.288551N,24.103416E,61,15.1,19
14604,T,220830,084120,60.288589N,24.103436E,61,16.8,17
14605,T,220830,084121,60.288631N,24.103458E,62,16.4,15
14606,T,220830,084122,60.288670N,24.103476E,61,16.4,13
14607,T,220830,084123,60.288708N,24.103495E,62,14.7,12
14608,T,220830,084124,60.288738N,24.103514E,62,13.7,14
14609,T,220830,084125,60.288773N,24.103531E,62,14.4,14
14610,T,220830,084126,60.288811N,24.103540E,62,15.5,4
14611,T,220830,084127,60.288853N,24.103550E,62,15.4,4
14612,T,220830,084128,60.288891N,24.103558E,62,16.7,7
14613,T,220830,084129,60.288933N,24.103573E,62,14.8,9
14614,T,220830,084130,60.288967N,24.103586E,62,14.9,12
14615,T,220830,084131,60.289009N,24.103601E,62,15.0,10
14616,T,220830,084132,60.289047N,24.103609E,62,15.9,4
14617,T,220830,084133,60.289093N,24.103624E,63,15.3,6
14618,T,220830,084134,60.289135N,24.103634E,63,15.8,5
14619,T,220830,084135,60.289181N,24.103643E,63,15.8,4
14620,T,220830,084136,60.289219N,24.103655E,63,15.0,5
14621,T,220830,084137,60.289261N,24.103666E,64,15.1,6
14622,T,220830,084138,60.289299N,24.103680E,64,15.7,5
14623,T,220830,084139,60.289341N,24.103685E,64,15.0,5
14624,T,220830,084140,60.289379N,24.103697E,64,16.4,4
14625,T,220830,084141,60.289421N,24.103704E,64,15.6,5
14626,T,220830,084142,60.289459N,24.103720E,64,16.2,6
14627,T,220830,084143,60.289513N,24.103733E,65,17.6,6
14628,T,220830,084144,60.289558N,24.103743E,65,16.5,6
14629,T,220830,084145,60.289608N,24.103756E,64,17.5,7
14630,T,220830,084146,60.289654N,24.103771E,64,18.6,14
14631,T,220830,084147,60.289700N,24.103796E,64,18.2,15
14632,T,220830,084148,60.289742N,24.103819E,63,17.9,13
14633,T,220830,084149,60.289787N,24.103844E,64,17.8,15
14634,T,220830,084150,60.289837N,24.103868E,63,18.8,16
14635,T,220830,084151,60.289879N,24.103895E,63,18.0,18
14636,T,220830,084152,60.289928N,24.103926E,63,18.5,18
14637,T,220830,084153,60.289970N,24.103954E,62,17.2,18
14638,T,220830,084154,60.290016N,24.103985E,62,20.2,18
14639,T,220830,084155,60.290070N,24.104019E,61,21.8,19
14640,T,220830,084156,60.290123N,24.104067E,61,22.7,21
14641,T,220830,084157,60.290180N,24.104118E,60,23.0,23
14642,T,220830,084158,60.290241N,24.104176E,60,25.2,25
14643,T,220830,084159,60.290298N,24.104237E,59,26.9,27
14644,T,220830,084200,60.290363N,24.104301E,58,27.8,28
14645,T,220830,084201,60.290428N,24.104370E,57,29.0,28
14646,T,220830,084202,60.290493N,24.104445E,56,29.9,28
14647,T,220830,084203,60.290562N,24.104515E,55,30.3,28
14648,T,220830,084204,60.290627N,24.104591E,55,30.4,28
14649,T,220830,084205,60.290695N,24.104666E,54,30.8,28
14650,T,220830,084206,60.290764N,24.104744E,53,30.7,29
14651,T,220830,084207,60.290833N,24.104822E,53,30.7,29
14652,T,220830,084208,60.290897N,24.104900E,52,29.6,30
14653,T,220830,084209,60.290951N,24.104990E,52,29.6,40
14654,T,220830,084210,60.291004N,24.105083E,51,26.2,41
14655,T,220830,084211,60.291058N,24.105169E,51,25.7,39
14656,T,220830,084212,60.291103N,24.105251E,51,25.8,38
14657,T,220830,084213,60.291153N,24.105328E,51,23.6,37
14658,T,220830,084214,60.291191N,24.105396E,51,22.2,36
14659,T,220830,084215,60.291237N,24.105461E,51,21.0,35
14660,T,220830,084216,60.291279N,24.105520E,51,20.3,35
14661,T,220830,084217,60.291321N,24.105581E,51,19.4,36
14662,T,220830,084218,60.291359N,24.105639E,51,19.5,35
14663,T,220830,084219,60.291401N,24.105694E,51,19.5,35
14664,T,220830,084220,60.291439N,24.105745E,51,20.0,34
14665,T,220830,084221,60.291481N,24.105804E,51,20.1,33
14666,T,220830,084222,60.291523N,24.105856E,51,19.6,32
14667,T,220830,084223,60.291565N,24.105902E,51,19.7,30
14668,T,220830,084224,60.291607N,24.105946E,51,19.5,29
14669,T,220830,084225,60.291656N,24.105995E,52,21.0,28
14670,T,220830,084226,60.291698N,24.106037E,51,21.5,26
14671,T,220830,084227,60.291752N,24.106085E,51,22.7,26
14672,T,220830,084228,60.291805N,24.106138E,51,22.7,26
14673,T,220830,084229,60.291859N,24.106192E,51,23.8,26
14674,T,220830,084230,60.291912N,24.106243E,51,24.5,26
14675,T,220830,084231,60.291969N,24.106302E,51,24.3,26
14676,T,220830,084232,60.292019N,24.106356E,51,23.4,26
14677,T,220830,084233,60.292068N,24.106405E,49,19.0,27
14678,T,220830,084234,60.292103N,24.106453E,49,16.5,29
14679,T,220830,084235,60.292137N,24.106497E,49,14.4,30
14680,T,220830,084236,60.292160N,24.106537E,49,12.6,31
14681,T,220830,084237,60.292183N,24.106569E,49,11.3,31
14682,T,220830,084238,60.292210N,24.106598E,50,10.0,31
14683,T,220830,084239,60.292225N,24.106625E,50,8.7,31
14684,T,220830,084240,60.292244N,24.106649E,51,8.6,32
14685,T,220830,084241,60.292259N,24.106674E,51,8.9,32
14686,T,220830,084242,60.292274N,24.106697E,51,9.0,33
14687,T,220830,084243,60.292297N,24.106726E,51,9.9,34
14688,T,220830,084244,60.292316N,24.106756E,51,9.4,35
14689,T,220830,084245,60.292339N,24.106789E,51,9.8,36
14690,T,220830,084246,60.292358N,24.106819E,51,10.6,37
14691,T,220830,084247,60.292381N,24.106853E,51,10.7,36
14692,T,220830,084248,60.292404N,24.106888E,51,12.1,35
14693,T,220830,084249,60.292427N,24.106930E,51,12.2,44
14694,T,220830,084250,60.292454N,24.106976E,51,13.2,43
14695,T,220830,084251,60.292477N,24.107018E,51,12.9,42
14696,T,220830,084252,60.292500N,24.107063E,51,14.4,45
14697,T,220830,084253,60.292526N,24.107119E,51,14.9,45
14698,T,220830,084254,60.292553N,24.107170E,50,13.7,43
14699,T,220830,084255,60.292576N,24.107218E,49,13.0,49
14700,T,220830,084256,60.292595N,24.107267E,49,13.5,46
14701,T,220830,084257,60.292622N,24.107321E,49,13.6,48
14702,T,220830,084258,60.292641N,24.107374E,49,14.3,49
14703,T,220830,084259,60.292664N,24.107428E,49,14.4,47
14704,T,220830,084300,60.292686N,24.107483E,49,14.8,47
14705,T,220830,084301,60.292717N,24.107536E,49,14.8,46
14706,T,220830,084302,60.292740N,24.107590E,49,14.8,47
14707,T,220830,084303,60.292763N,24.107647E,50,14.7,46
14708,T,220830,084304,60.292789N,24.107702E,50,14.4,51
14709,T,220830,084305,60.292809N,24.107756E,50,14.3,51
14710,T,220830,084306,60.292831N,24.107805E,50,14.0,48
14711,T,220830,084307,60.292858N,24.107857E,51,14.0,47
14712,T,220830,084308,60.292885N,24.107904E,51,14.0,44
14713,T,220830,084309,60.292912N,24.107950E,51,13.9,42
14714,T,220830,084310,60.292931N,24.107998E,51,13.4,42
14715,T,220830,084311,60.292957N,24.108044E,51,12.8,42
14716,T,220830,084312,60.292980N,24.108084E,51,12.5,41
14717,T,220830,084313,60.292999N,24.108124E,52,12.3,41
14718,T,220830,084314,60.293022N,24.108168E,52,12.3,42
14719,T,220830,084315,60.293045N,24.108212E,52,12.2,43
14720,T,220830,084316,60.293068N,24.108255E,53,12.1,44
14721,T,220830,084317,60.293083N,24.108297E,53,9.6,46
14722,T,220830,084318,60.293102N,24.108335E,53,10.4,47
14723,T,220830,084319,60.293121N,24.108377E,54,10.4,47
14724,T,220830,084320,60.293140N,24.108412E,54,10.4,46
14725,T,220830,084321,60.293159N,24.108442E,54,9.5,46
14726,T,220830,084322,60.293179N,24.108467E,55,10.3,36
14727,T,220830,084323,60.293201N,24.108496E,55,9.9,36
14728,T,220830,084324,60.293221N,24.108522E,56,9.8,37
14729,T,220830,084325,60.293240N,24.108547E,56,9.3,38
14730,T,220830,084326,60.293259N,24.108576E,56,8.8,39
14731,T,220830,084327,60.293278N,24.108604E,56,8.9,40
14732,T,220830,084328,60.293293N,24.108637E,57,8.8,41
14733,T,220830,084329,60.293312N,24.108671E,58,9.6,42
14734,T,220830,084330,60.293327N,24.108704E,56,10.4,35
14735,T,220830,084331,60.293350N,24.108736E,56,9.7,37
14736,T,220830,084332,60.293373N,24.108765E,57,10.3,35
14737,T,220830,084333,60.293396N,24.108795E,56,10.9,32
14738,T,220830,084334,60.293419N,24.108828E,57,12.3,30
14739,T,220830,084335,60.293449N,24.108862E,57,11.9,33
14740,T,220830,084336,60.293480N,24.108896E,57,13.3,29
14741,T,220830,084337,60.293507N,24.108927E,57,13.0,27
14742,T,220830,084338,60.293541N,24.108957E,57,14.2,23
14743,T,220830,084339,60.293568N,24.108986E,57,14.5,24
14744,T,220830,084340,60.293606N,24.109020E,57,14.2,26
14745,T,220830,084341,60.293636N,24.109055E,57,14.8,27
14746,T,220830,084342,60.293671N,24.109083E,57,14.0,24
14747,T,220830,084343,60.293705N,24.109110E,57,13.9,22
14748,T,220830,084344,60.293736N,24.109138E,58,13.8,24
14749,T,220830,084345,60.293770N,24.109167E,58,14.2,24
14750,T,220830,084346,60.293800N,24.109200E,59,14.2,24
14751,T,220830,084347,60.293835N,24.109228E,59,14.3,25
14752,T,220830,084348,60.293873N,24.109257E,59,15.2,26
14753,T,220830,084349,60.293907N,24.109289E,59,14.7,27
14754,T,220830,084350,60.293941N,24.109324E,59,15.5,27
14755,T,220830,084351,60.293976N,24.109360E,60,16.1,28
14756,T,220830,084352,60.294006N,24.109398E,60,15.3,29
14757,T,220830,084353,60.294041N,24.109436E,60,15.4,29
14758,T,220830,084354,60.294071N,24.109474E,61,13.6,33
14759,T,220830,084355,60.294102N,24.109512E,61,13.1,33
14760,T,220830,084356,60.294128N,24.109549E,61,13.5,34
14761,T,220830,084357,60.294155N,24.109585E,61,11.7,35
14762,T,220830,084358,60.294182N,24.109608E,61,9.5,27
14763,T,220830,084359,60.294201N,24.109631E,62,9.5,27
14764,T,220830,084400,60.294220N,24.109655E,62,8.0,28
14765,T,220830,084401,60.294239N,24.109682E,62,10.8,30
14766,T,220830,084402,60.294258N,24.109707E,61,10.8,29
14767,T,220830,084403,60.294285N,24.109735E,62,9.8,30
14768,T,220830,084404,60.294308N,24.109764E,62,11.0,32
14769,T,220830,084405,60.294327N,24.109797E,62,10.5,33
14770,T,220830,084406,60.294357N,24.109829E,62,12.0,28
14771,T,220830,084407,60.294380N,24.109856E,62,10.3,30
14772,T,220830,084408,60.294403N,24.109882E,62,9.2,30
14773,T,220830,084409,60.294418N,24.109909E,62,8.7,44
14774,T,220830,084410,60.294441N,24.109940E,63,9.8,43
14775,T,220830,084411,60.294464N,24.109964E,63,9.8,42
14776,T,220830,084412,60.294483N,24.109989E,63,9.2,41
14777,T,220830,084413,60.294510N,24.110012E,64,9.3,24
14778,T,220830,084414,60.294529N,24.110031E,64,8.9,21
14779,T,220830,084415,60.294552N,24.110048E,64,7.9,20
14780,T,220830,084416,60.294567N,24.110064E,64,7.5,27
14781,T,220830,084417,60.294579N,24.110085E,64,8.0,30
14782,T,220830,084418,60.294598N,24.110109E,64,8.0,32
14783,T,220830,084419,60.294613N,24.110136E,65,8.5,31
14784,T,220830,084420,60.294636N,24.110159E,65,9.1,31
14785,T,220830,084421,60.294651N,24.110180E,65,8.2,30
14786,T,220830,084422,60.294666N,24.110203E,65,7.6,35
14787,T,220830,084423,60.294685N,24.110226E,65,8.6,33
14788,T,220830,084424,60.294701N,24.110252E,65,8.1,33
14789,T,220830,084425,60.294720N,24.110271E,65,7.6,27
14790,T,220830,084426,60.294731N,24.110294E,65,7.0,28
14791,T,220830,084427,60.294746N,24.110315E,66,7.1,30
14792,T,220830,084428,60.294762N,24.110342E,66,7.6,31
14793,T,220830,084429,60.294777N,24.110367E,66,7.6,43
14794,T,220830,084430,60.294788N,24.110392E,65,7.6,42
14795,T,220830,084431,60.294800N,24.110416E,65,7.7,38
14796,T,220830,084432,60.294819N,24.110435E,65,8.4,31
14797,T,220830,084433,60.294834N,24.110460E,65,7.2,32
14798,T,220830,084434,60.294849N,24.110483E,66,7.7,33
14799,T,220830,084435,60.294861N,24.110510E,66,6.7,34
14800,T,220830,084436,60.294872N,24.110535E,66,6.3,35
14801,T,220830,084437,60.294880N,24.110556E,66,5.4,39
14802,T,220830,084438,60.294888N,24.110584E,66,6.3,40
14803,T,220830,084439,60.294895N,24.110603E,66,4.4,40
14804,T,220830,084440,60.294899N,24.110620E,66,4.9,41
14805,T,220830,084441,60.294907N,24.110638E,66,4.5,42
14806,T,220830,084442,60.294914N,24.110657E,66,4.4,42
14807,T,220830,084443,60.294926N,24.110672E,66,3.6,42
14808,T,220830,084444,60.294930N,24.110683E,66,0.0,42
14809,T,220830,084445,60.294933N,24.110685E,67,0.0,42
14810,T,220830,084446,60.294933N,24.110687E,67,0.0,42
14811,T,220830,084447,60.294933N,24.110689E,67,0.0,42
14812,T,220830,084448,60.294933N,24.110689E,67,0.0,42
14813,T,220830,084449,60.294933N,24.110689E,67,0.0,42
14814,T,220830,084450,60.294933N,24.110689E,67,0.0,42
14815,T,220830,084451,60.294933N,24.110689E,67,0.0,42
14816,T,220830,084452,60.294933N,24.110689E,67,0.0,42
14817,T,220830,084453,60.294933N,24.110689E,67,0.0,42
14818,T,220830,084454,60.294933N,24.110689E,67,0.0,42
14819,T,220830,084455,60.294933N,24.110689E,67,0.0,42
14820,T,220830,084456,60.294933N,24.110689E,67,0.0,42
14821,T,220830,084457,60.294933N,24.110689E,67,0.0,42
14822,T,220830,084458,60.294933N,24.110689E,67,0.0,42
14823,T,220830,084459,60.294933N,24.110689E,67,0.0,42
14824,T,220830,084500,60.294933N,24.110689E,67,0.0,42
14825,T,220830,084501,60.294933N,24.110689E,67,0.0,42
14826,T,220830,084502,60.294933N,24.110689E,67,0.0,42
14827,T,220830,084503,60.294933N,24.110689E,67,0.0,42
14828,T,220830,084504,60.294933N,24.110689E,67,0.0,42
14829,T,220830,084505,60.294933N,24.110689E,67,0.0,42
14830,T,220830,084506,60.294933N,24.110691E,67,0.0,42
14831,T,220830,084507,60.294933N,24.110691E,67,0.0,42
14832,T,220830,084508,60.294933N,24.110691E,67,0.0,42
14833,T,220830,084509,60.294933N,24.110689E,67,0.0,42
14834,T,220830,084510,60.294933N,24.110691E,67,0.0,42
14835,T,220830,084511,60.294933N,24.110691E,67,0.0,42
14836,T,220830,084512,60.294933N,24.110691E,67,0.0,42
14837,T,220830,084513,60.294933N,24.110691E,67,0.0,42
14838,T,220830,084514,60.294933N,24.110691E,67,0.0,42
14839,T,220830,084515,60.294933N,24.110691E,67,0.0,42
14840,T,220830,084516,60.294933N,24.110689E,67,0.0,42
14841,T,220830,084517,60.294933N,24.110691E,67,0.0,42
14842,T,220830,084518,60.294937N,24.110697E,67,4.4,42
14843,T,220830,084519,60.294949N,24.110716E,67,6.2,47
14844,T,220830,084520,60.294968N,24.110746E,67,9.0,46
14845,T,220830,084521,60.294983N,24.110786E,67,11.1,52
14846,T,220830,084522,60.295006N,24.110840E,67,12.7,58
14847,T,220830,084523,60.295029N,24.110893E,67,13.5,57
14848,T,220830,084524,60.295048N,24.110949E,67,13.4,57
14849,T,220830,084525,60.295071N,24.111004E,67,12.8,56
14850,T,220830,084526,60.295090N,24.111059E,67,12.1,58
14851,T,220830,084527,60.295105N,24.111116E,67,13.5,56
14852,T,220830,084528,60.295124N,24.111170E,67,11.7,54
14853,T,220830,084529,60.295139N,24.111221E,67,10.5,55
14854,T,220830,084530,60.295151N,24.111271E,68,9.3,55
14855,T,220830,084531,60.295170N,24.111315E,68,8.6,55
14856,T,220830,084532,60.295181N,24.111361E,68,9.7,56
14857,T,220830,084533,60.295197N,24.111406E,68,10.5,57
14858,T,220830,084534,60.295212N,24.111452E,68,10.1,58
14859,T,220830,084535,60.295227N,24.111504E,69,10.7,60
14860,T,220830,084536,60.295238N,24.111555E,69,10.8,61
14861,T,220830,084537,60.295258N,24.111609E,69,11.3,60
14862,T,220830,084538,60.295273N,24.111660E,69,10.7,61
14863,T,220830,084539,60.295284N,24.111708E,70,9.2,62
14864,T,220830,084540,60.295296N,24.111750E,70,8.4,62
14865,T,220830,084541,60.295307N,24.111790E,70,8.9,64
14866,T,220830,084542,60.295315N,24.111832E,71,8.8,66
14867,T,220830,084543,60.295326N,24.111877E,71,9.9,62
14868,T,220830,084544,60.295341N,24.111925E,71,10.8,63
14869,T,220830,084545,60.295353N,24.111982E,71,12.3,62
14870,T,220830,084546,60.295368N,24.112036E,71,11.5,61
14871,T,220830,084547,60.295383N,24.112095E,71,14.2,60
14872,T,220830,084548,60.295399N,24.112158E,71,14.1,63
14873,T,220830,084549,60.295418N,24.112221E,71,13.1,63
14874,T,220830,084550,60.295433N,24.112288E,71,14.9,64
14875,T,220830,084551,60.295448N,24.112360E,72,14.2,66
14876,T,220830,084552,60.295467N,24.112432E,73,15.7,66
14877,T,220830,084553,60.295486N,24.112503E,73,16.3,66
14878,T,220830,084554,60.295513N,24.112579E,73,16.9,55
14879,T,220830,084555,60.295532N,24.112648E,73,14.5,57
14880,T,220830,084556,60.295559N,24.112713E,74,17.0,57
14881,T,220830,084557,60.295586N,24.112778E,74,17.0,56
14882,T,220830,084558,60.295616N,24.112844E,74,17.4,55
14883,T,220830,084559,60.295643N,24.112902E,75,15.8,53
14884,T,220830,084600,60.295681N,24.112961E,75,17.3,36
14885,T,220830,084601,60.295712N,24.113014E,76,16.6,37
14886,T,220830,084602,60.295746N,24.113064E,76,15.7,37
14887,T,220830,084603,60.295773N,24.113110E,76,14.3,30
14888,T,220830,084604,60.295799N,24.113150E,77,12.6,31
14889,T,220830,084605,60.295834N,24.113190E,77,15.9,29
14890,T,220830,084606,60.295860N,24.113228E,77,11.8,39
14891,T,220830,084607,60.295879N,24.113270E,77,13.3,40
14892,T,220830,084608,60.295910N,24.113316E,78,12.7,39
14893,T,220830,084609,60.295937N,24.113358E,78,14.2,39
14894,T,220830,084610,60.295959N,24.113405E,77,13.6,40
14895,T,220830,084611,60.295986N,24.113461E,77,16.2,42
14896,T,220830,084612,60.296021N,24.113523E,77,18.8,44
14897,T,220830,084613,60.296051N,24.113590E,78,17.7,50
14898,T,220830,084614,60.296082N,24.113661E,78,17.7,52
14899,T,220830,084615,60.296104N,24.113733E,78,18.1,55
14900,T,220830,084616,60.296131N,24.113815E,78,21.0,53
14901,T,220830,084617,60.296165N,24.113909E,77,22.6,54
14902,T,220830,084618,60.296196N,24.114004E,76,22.2,56
14903,T,220830,084619,60.296223N,24.114103E,75,23.4,58
14904,T,220830,084620,60.296253N,24.114206E,75,22.8,61
14905,T,220830,084621,60.296280N,24.114305E,75,21.2,61
14906,T,220830,084622,60.296310N,24.114408E,74,21.5,61
14907,T,220830,084623,60.296345N,24.114511E,74,22.3,61
14908,T,220830,084624,60.296375N,24.114611E,75,22.7,60
14909,T,220830,084625,60.296410N,24.114712E,75,22.1,60
14910,T,220830,084626,60.296440N,24.114807E,75,22.1,53
14911,T,220830,084627,60.296474N,24.114904E,75,22.2,55
14912,T,220830,084628,60.296513N,24.114998E,75,21.7,56
14913,T,220830,084629,60.296543N,24.115095E,76,21.7,57
14914,T,220830,084630,60.296577N,24.115185E,76,20.7,56
14915,T,220830,084631,60.296612N,24.115273E,76,19.9,53
14916,T,220830,084632,60.296642N,24.115343E,76,18.9,44
14917,T,220830,084633,60.296684N,24.115404E,76,18.4,35
14918,T,220830,084634,60.296726N,24.115459E,75,19.1,31
14919,T,220830,084635,60.296772N,24.115515E,73,20.6,23
14920,T,220830,084636,60.296825N,24.115557E,72,22.1,17
14921,T,220830,084637,60.296879N,24.115587E,70,21.7,12
14922,T,220830,084638,60.296936N,24.115606E,69,23.9,6
14923,T,220830,084639,60.297001N,24.115622E,68,26.6,6
14924,T,220830,084640,60.297073N,24.115644E,67,28.4,9
14925,T,220830,084641,60.297138N,24.115677E,66,29.0,12
14926,T,220830,084642,60.297211N,24.115723E,65,30.5,20
14927,T,220830,084643,60.297287N,24.115776E,64,32.5,18
14928,T,220830,084644,60.297367N,24.115831E,63,32.8,19
14929,T,220830,084645,60.297447N,24.115894E,62,33.7,19
14930,T,220830,084646,60.297527N,24.115955E,61,32.6,20
14931,T,220830,084647,60.297611N,24.116014E,61,33.5,19
14932,T,220830,084648,60.297695N,24.116066E,61,33.4,19
14933,T,220830,084649,60.297768N,24.116112E,61,28.3,17
14934,T,220830,084650,60.297829N,24.116148E,61,20.9,16
14935,T,220830,084651,60.297878N,24.116184E,60,21.3,17
14936,T,220830,084652,60.297928N,24.116217E,60,19.8,13
14937,T,220830,084653,60.297977N,24.116249E,60,20.7,11
14938,T,220830,084654,60.298031N,24.116278E,61,18.3,12
14939,T,220830,084655,60.298077N,24.116304E,60,17.2,12
14940,T,220830,084656,60.298115N,24.116327E,61,16.2,11
14941,T,220830,084657,60.298157N,24.116348E,61,14.1,13
14942,T,220830,084658,60.298191N,24.116365E,61,11.6,15
14943,T,220830,084659,60.298222N,24.116386E,61,12.5,17
14944,T,220830,084700,60.298252N,24.116404E,61,12.5,11
14945,T,220830,084701,60.298286N,24.116419E,61,12.9,11
14946,T,220830,084702,60.298321N,24.116432E,61,12.8,12
14947,T,220830,084703,60.298355N,24.116447E,60,12.7,15
14948,T,220830,084704,60.298386N,24.116467E,60,11.9,15
14949,T,220830,084705,60.298416N,24.116484E,60,13.7,12
14950,T,220830,084706,60.298447N,24.116503E,59,13.5,17
14951,T,220830,084707,60.298481N,24.116524E,59,13.9,21
14952,T,220830,084708,60.298512N,24.116547E,59,13.3,18
14953,T,220830,084709,60.298550N,24.116570E,59,13.3,19
14954,T,220830,084710,60.298580N,24.116596E,59,13.6,20
14955,T,220830,084711,60.298611N,24.116619E,59,13.6,20
14956,T,220830,084712,60.298641N,24.116650E,59,14.1,26
14957,T,220830,084713,60.298672N,24.116684E,59,13.2,26
14958,T,220830,084714,60.298702N,24.116711E,59,13.6,25
14959,T,220830,084715,60.298740N,24.116737E,59,14.4,22
14960,T,220830,084716,60.298771N,24.116772E,59,15.1,25
14961,T,220830,084717,60.298809N,24.116814E,59,15.5,26
14962,T,220830,084718,60.298847N,24.116858E,59,17.2,26
14963,T,220830,084719,60.298889N,24.116901E,58,17.9,27
14964,T,220830,084720,60.298927N,24.116943E,58,18.7,27
14965,T,220830,084721,60.298973N,24.117004E,57,19.9,35
14966,T,220830,084722,60.299015N,24.117077E,57,21.8,41
14967,T,220830,084723,60.299061N,24.117151E,56,22.4,41
14968,T,220830,084724,60.299110N,24.117241E,55,25.2,45
14969,T,220830,084725,60.299160N,24.117344E,54,28.8,51
14970,T,220830,084726,60.299217N,24.117464E,53,31.9,51
14971,T,220830,084727,60.299274N,24.117590E,52,33.3,51
14972,T,220830,084728,60.299335N,24.117708E,52,33.4,50
14973,T,220830,084729,60.299400N,24.117823E,51,32.0,49
14974,T,220830,084730,60.299469N,24.117924E,51,32.7,48
14975,T,220830,084731,60.299538N,24.118017E,50,32.7,46
14976,T,220830,084732,60.299599N,24.118111E,50,31.9,45
14977,T,220830,084733,60.299667N,24.118204E,49,31.9,44
14978,T,220830,084734,60.299732N,24.118298E,48,31.8,43
14979,T,220830,084735,60.299797N,24.118397E,47,30.7,41
14980,T,220830,084736,60.299858N,24.118492E,47,29.8,41
14981,T,220830,084737,60.299915N,24.118595E,47,28.8,42
14982,T,220830,084738,60.299965N,24.118702E,47,28.1,42
14983,T,220830,084739,60.300007N,24.118813E,46,27.1,43
14984,T,220830,084740,60.300045N,24.118919E,46,25.6,44
14985,T,220830,084741,60.300079N,24.119028E,46,25.6,45
14986,T,220830,084742,60.300117N,24.119135E,46,24.5,46
14987,T,220830,084743,60.300152N,24.119238E,46,24.1,47
14988,T,220830,084744,60.300182N,24.119337E,46,23.6,48
14989,T,220830,084745,60.300220N,24.119434E,46,23.1,48
14990,T,220830,084746,60.300251N,24.119528E,46,22.6,49
14991,T,220830,084747,60.300285N,24.119621E,46,22.5,50
14992,T,220830,084748,60.300316N,24.119717E,46,22.6,51
14993,T,220830,084749,60.300346N,24.119806E,46,22.0,53
14994,T,220830,084750,60.300381N,24.119898E,45,22.4,54
14995,T,220830,084751,60.300411N,24.119991E,45,22.9,55
14996,T,220830,084752,60.300449N,24.120087E,45,23.5,56
14997,T,220830,084753,60.300480N,24.120188E,45,23.6,57
14998,T,220830,084754,60.300510N,24.120289E,45,24.0,58
14999,T,220830,084755,60.300549N,24.120384E,44,23.9,59
15000,T,220830,084756,60.300579N,24.120480E,44,23.8,60
15001,T,220830,084757,60.300613N,24.120583E,44,23.5,61
15002,T,220830,084758,60.300644N,24.120684E,44,23.2,62
15003,T,220830,084759,60.300671N,24.120785E,43,23.1,64
15004,T,220830,084800,60.300697N,24.120886E,43,22.8,66
15005,T,220830,084801,60.300720N,24.120995E,43,22.7,68
15006,T,220830,084802,60.300735N,24.121096E,43,22.2,70
15007,T,220830,084803,60.300755N,24.121197E,43,21.4,72
15008,T,220830,084804,60.300774N,24.121294E,43,20.3,74
15009,T,220830,084805,60.300785N,24.121384E,43,19.0,76
15010,T,220830,084806,60.300793N,24.121469E,43,18.2,78
15011,T,220830,084807,60.300797N,24.121555E,43,16.5,88
15012,T,220830,084808,60.300800N,24.121639E,43,16.7,87
15013,T,220830,084809,60.300804N,24.121719E,43,16.7,86
15014,T,220830,084810,60.300808N,24.121803E,44,17.1,85
15015,T,220830,084811,60.300812N,24.121887E,43,17.6,84
15016,T,220830,084812,60.300819N,24.121977E,44,17.7,83
15017,T,220830,084813,60.300819N,24.122065E,44,18.5,84
15018,T,220830,084814,60.300823N,24.122158E,44,18.8,84
15019,T,220830,084815,60.300823N,24.122255E,44,19.2,85
15020,T,220830,084816,60.300827N,24.122353E,44,19.3,85
15021,T,220830,084817,60.300831N,24.122452E,44,19.3,84
15022,T,220830,084818,60.300835N,24.122549E,44,19.2,84
15023,T,220830,084819,60.300838N,24.122644E,44,18.4,83
15024,T,220830,084820,60.300842N,24.122736E,45,17.5,83
15025,T,220830,084821,60.300846N,24.122824E,45,16.3,81
15026,T,220830,084822,60.300858N,24.122911E,45,17.0,80
15027,T,220830,084823,60.300865N,24.122995E,45,16.8,77
15028,T,220830,084824,60.300873N,24.123081E,45,16.3,76
15029,T,220830,084825,60.300880N,24.123163E,45,16.2,75
15030,T,220830,084826,60.300888N,24.123255E,45,16.2,74
15031,T,220830,084827,60.300896N,24.123331E,45,16.1,73
15032,T,220830,084828,60.300911N,24.123405E,45,16.4,72
15033,T,220830,084829,60.300934N,24.123484E,46,17.0,66
15034,T,220830,084830,60.300961N,24.123556E,46,16.5,60
15035,T,220830,084831,60.300983N,24.123623E,47,16.5,59
15036,T,220830,084832,60.301003N,24.123690E,46,16.4,57
15037,T,220830,084833,60.301033N,24.123756E,47,16.4,57
15038,T,220830,084834,60.301056N,24.123817E,47,15.6,52
15039,T,220830,084835,60.301083N,24.123878E,47,16.5,46
15040,T,220830,084836,60.301117N,24.123936E,47,15.9,44
15041,T,220830,084837,60.301144N,24.123993E,48,16.0,40
15042,T,220830,084838,60.301174N,24.124043E,48,15.7,37
15043,T,220830,084839,60.301208N,24.124086E,48,15.7,34
15044,T,220830,084840,60.301231N,24.124126E,48,12.1,35
15045,T,220830,084841,60.301254N,24.124163E,48,11.0,34
15046,T,220830,084842,60.301273N,24.124187E,48,7.6,27
15047,T,220830,084843,60.301289N,24.124205E,48,6.9,18
15048,T,220830,084844,60.301296N,24.124216E,48,0.0,18
15049,T,220830,084845,60.301296N,24.124222E,48,0.0,18
15050,T,220830,084846,60.301296N,24.124224E,48,0.0,18
15051,T,220830,084847,60.301292N,24.124226E,48,0.0,18
15052,T,220830,084848,60.301292N,24.124224E,48,0.0,18
15053,T,220830,084849,60.301292N,24.124224E,48,0.0,18
15054,T,220830,084850,60.301292N,24.124226E,48,0.0,18
15055,T,220830,084851,60.301292N,24.124226E,48,0.0,18
15056,T,220830,084852,60.301292N,24.124224E,48,0.0,18
15057,T,220830,084853,60.301292N,24.124224E,48,0.0,18
15058,T,220830,084854,60.301292N,24.124224E,48,0.0,18
15059,T,220830,084855,60.301292N,24.124224E,48,0.0,18
15060,T,220830,084856,60.301292N,24.124224E,48,0.0,18
15061,T,220830,084857,60.301292N,24.124224E,48,0.0,18
15062,T,220830,084858,60.301292N,24.124226E,48,0.0,18
15063,T,220830,084859,60.301292N,24.124226E,48,0.0,18
15064,T,220830,084900,60.301292N,24.124226E,48,0.0,18
15065,T,220830,084901,60.301292N,24.124226E,48,0.0,18
15066,T,220830,084902,60.301292N,24.124226E,48,0.0,18
15067,T,220830,084903,60.301292N,24.124224E,48,0.0,18
15068,T,220830,084904,60.301292N,24.124224E,48,0.0,18
15069,T,220830,084905,60.301292N,24.124224E,48,0.0,18
15070,T,220830,084906,60.301292N,24.124224E,48,0.0,18
15071,T,220830,084907,60.301292N,24.124224E,48,0.0,18
15072,T,220830,084908,60.301292N,24.124224E,48,0.0,18
15073,T,220830,084909,60.301292N,24.124224E,48,0.0,18
15074,T,220830,084910,60.301292N,24.124224E,48,0.0,18
15075,T,220830,084911,60.301292N,24.124224E,48,0.0,18
15076,T,220830,084912,60.301292N,24.124224E,48,0.0,18
15077,T,220830,084913,60.301292N,24.124224E,48,0.0,18
15078,T,220830,084914,60.301292N,24.124224E,48,0.0,18
15079,T,220830,084915,60.301292N,24.124224E,48,0.0,18
15080,T,220830,084916,60.301292N,24.124224E,48,0.0,18
15081,T,220830,084917,60.301292N,24.124224E,48,0.0,18
15082,T,220830,084918,60.301292N,24.124224E,48,0.0,18
15083,T,220830,084919,60.301292N,24.124224E,48,0.0,18
15084,T,220830,084920,60.301292N,24.124224E,48,0.0,18
15085,T,220830,084921,60.301292N,24.124224E,48,0.0,18
15086,T,220830,084922,60.301292N,24.124224E,48,0.0,18
15087,T,220830,084923,60.301292N,24.124224E,48,0.0,18
15088,T,220830,084924,60.301292N,24.124224E,48,0.0,18
15089,T,220830,084925,60.301292N,24.124224E,48,0.0,18
15090,T,220830,084926,60.301292N,24.124224E,48,0.0,18
15091,T,220830,084927,60.301292N,24.124224E,48,0.0,18
15092,T,220830,084928,60.301292N,24.124224E,48,0.0,18
15093,T,220830,084929,60.301292N,24.124224E,48,0.0,18
15094,T,220830,084930,60.301292N,24.124224E,48,0.0,18
15095,T,220830,084931,60.301292N,24.124224E,48,0.0,18
15096,T,220830,084932,60.301292N,24.124224E,48,0.0,18
15097,T,220830,084933,60.301292N,24.124224E,48,0.0,18
15098,T,220830,084934,60.301292N,24.124224E,48,0.0,18
15099,T,220830,084935,60.301292N,24.124224E,48,0.0,18
15100,T,220830,084936,60.301292N,24.124224E,48,0.0,18
15101,T,220830,084937,60.301292N,24.124224E,48,0.0,18
15102,T,220830,084938,60.301292N,24.124224E,48,0.0,18
15103,T,220830,084939,60.301292N,24.124224E,48,0.0,18
15104,T,220830,084940,60.301292N,24.124224E,48,0.0,18
15105,T,220830,084941,60.301292N,24.124224E,48,0.0,18
15106,T,220830,084942,60.301292N,24.124224E,48,0.0,18
15107,T,220830,084943,60.301292N,24.124224E,48,0.0,18
15108,T,220830,084944,60.301292N,24.124224E,48,0.0,18
15109,T,220830,084945,60.301292N,24.124224E,48,0.0,18
15110,T,220830,084946,60.301292N,24.124224E,48,0.0,18
15111,T,220830,084947,60.301292N,24.124224E,48,0.0,18
15112,T,220830,084948,60.301292N,24.124224E,48,0.0,18
15113,T,220830,084949,60.301292N,24.124224E,48,0.0,18
15114,T,220830,084950,60.301292N,24.124224E,48,0.0,18
15115,T,220830,084951,60.301292N,24.124224E,48,0.0,18
15116,T,220830,084952,60.301292N,24.124224E,48,0.0,18
15117,T,220830,084953,60.301292N,24.124224E,48,0.0,18
15118,T,220830,084954,60.301292N,24.124224E,48,0.0,18
15119,T,220830,084955,60.301292N,24.124224E,48,0.0,18
15120,T,220830,084956,60.301292N,24.124224E,48,0.0,18
15121,T,220830,084957,60.301292N,24.124224E,48,0.0,18
15122,T,220830,084958,60.301292N,24.124224E,48,0.0,18
15123,T,220830,084959,60.301292N,24.124224E,48,0.0,18
15124,T,220830,085000,60.301292N,24.124224E,48,0.0,18
15125,T,220830,085001,60.301292N,24.124224E,48,0.0,18
15126,T,220830,085002,60.301292N,24.124224E,48,0.0,18
15127,T,220830,085003,60.301292N,24.124224E,48,0.0,18
15128,T,220830,085004,60.301292N,24.124224E,48,0.0,18
15129,T,220830,085005,60.301292N,24.124224E,48,0.0,18
15130,T,220830,085006,60.301292N,24.124224E,48,0.0,18
15131,T,220830,085007,60.301292N,24.124224E,48,0.0,18
15132,T,220830,085008,60.301292N,24.124224E,48,0.0,18
15133,T,220830,085009,60.301289N,24.124224E,48,0.0,18
15134,T,220830,085010,60.301289N,24.124224E,48,0.0,18
15135,T,220830,085011,60.301289N,24.124224E,48,0.0,18
15136,T,220830,085012,60.301289N,24.124224E,48,0.0,18
15137,T,220830,085013,60.301289N,24.124224E,48,0.0,18
15138,T,220830,085014,60.301289N,24.124224E,48,0.0,18
15139,T,220830,085015,60.301289N,24.124224E,48,0.0,18
15140,T,220830,085016,60.301289N,24.124224E,48,0.0,18
15141,T,220830,085017,60.301289N,24.124224E,48,0.0,18
15142,T,220830,085018,60.301289N,24.124224E,48,0.0,18
15143,T,220830,085019,60.301289N,24.124224E,48,0.0,18
15144,T,220830,085020,60.301289N,24.124224E,48,0.0,18
15145,T,220830,085021,60.301289N,24.124224E,48,0.0,18
15146,T,220830,085022,60.301289N,24.124224E,48,0.0,18
15147,T,220830,085023,60.301289N,24.124224E,48,0.0,18
15148,T,220830,085024,60.301289N,24.124224E,48,0.0,18
15149,T,220830,085025,60.301289N,24.124224E,48,0.0,18
15150,T,220830,085026,60.301289N,24.124224E,48,0.0,18
15151,T,220830,085027,60.301289N,24.124224E,48,0.0,18
15152,T,220830,085028,60.301289N,24.124224E,48,0.0,18
15153,T,220830,085029,60.301289N,24.124224E,48,0.0,18
15154,T,220830,085030,60.301289N,24.124224E,48,0.0,18
15155,T,220830,085031,60.301289N,24.124224E,48,0.0,18
15156,T,220830,085032,60.301292N,24.124224E,48,0.0,18
15157,T,220830,085033,60.301292N,24.124224E,48,0.0,18
15158,T,220830,085034,60.301300N,24.124233E,48,6.3,24
15159,T,220830,085035,60.301315N,24.124247E,48,7.0,21
15160,T,220830,085036,60.301334N,24.124262E,48,7.6,19
15161,T,220830,085037,60.301357N,24.124271E,48,7.6,22
15162,T,220830,085038,60.301376N,24.124292E,47,8.2,20
15163,T,220830,085039,60.301399N,24.124306E,47,8.3,14
15164,T,220830,085040,60.301418N,24.124319E,47,8.6,17
15165,T,220830,085041,60.301437N,24.124332E,47,8.2,17
15166,T,220830,085042,60.301456N,24.124346E,47,9.6,17
15167,T,220830,085043,60.301479N,24.124365E,47,9.5,17
15168,T,220830,085044,60.301510N,24.124380E,47,9.5,17
15169,T,220830,085045,60.301529N,24.124392E,47,9.0,17
15170,T,220830,085046,60.301552N,24.124405E,47,8.3,21
15171,T,220830,085047,60.301567N,24.124424E,47,7.6,27
15172,T,220830,085048,60.301594N,24.124443E,47,8.8,25
15173,T,220830,085049,60.301613N,24.124462E,47,8.9,24
15174,T,220830,085050,60.301632N,24.124477E,47,8.3,16
15175,T,220830,085051,60.301651N,24.124483E,47,7.3,2
15176,T,220830,085052,60.301674N,24.124487E,47,6.7,352
15177,T,220830,085053,60.301685N,24.124475E,47,5.2,332
15178,T,220830,085054,60.301701N,24.124466E,47,6.2,334
15179,T,220830,085055,60.301712N,24.124468E,47,6.7,11
15180,T,220830,085056,60.301727N,24.124474E,47,4.5,11
15181,T,220830,085057,60.301735N,24.124475E,47,0.0,11
15182,T,220830,085058,60.301735N,24.124477E,47,0.0,11
15183,T,220830,085059,60.301739N,24.124477E,47,0.0,11
15184,T,220830,085100,60.301739N,24.124477E,47,0.0,11
15185,T,220830,085101,60.301735N,24.124475E,47,0.0,11
15186,T,220830,085102,60.301731N,24.124475E,48,0.0,11
15187,T,220830,085103,60.301731N,24.124475E,48,0.0,11
15188,T,220830,085104,60.301731N,24.124475E,48,0.0,11
15189,T,220830,085105,60.301731N,24.124475E,48,0.0,11
15190,T,220830,085106,60.301731N,24.124475E,48,0.0,11
15191,T,220830,085107,60.301731N,24.124475E,48,0.0,11
15192,T,220830,085108,60.301731N,24.124475E,48,0.0,11
15193,T,220830,085109,60.301731N,24.124475E,48,0.0,11
15194,T,220830,085110,60.301731N,24.124475E,48,0.0,11
15195,T,220830,085111,60.301731N,24.124475E,48,0.0,11
15196,T,220830,085112,60.301731N,24.124475E,48,0.0,11
15197,T,220830,085113,60.301731N,24.124475E,48,0.0,11
15198,T,220830,085114,60.301731N,24.124475E,48,0.0,11
15199,T,220830,085115,60.301731N,24.124475E,48,0.0,11
15200,T,220830,085116,60.301731N,24.124475E,48,0.0,11
15201,T,220830,085117,60.301731N,24.124475E,48,0.0,11
15202,T,220830,085118,60.301731N,24.124475E,48,0.0,11
15203,T,220830,085119,60.301731N,24.124475E,48,0.0,11
15204,T,220830,085120,60.301731N,24.124475E,48,0.0,11
15205,T,220830,085121,60.301731N,24.124475E,48,0.0,11
15206,T,220830,085122,60.301731N,24.124475E,48,0.0,11
15207,T,220830,085123,60.301731N,24.124475E,48,0.0,11
15208,T,220830,085124,60.301731N,24.124475E,48,0.0,11
15209,T,220830,085125,60.301731N,24.124475E,48,0.0,11
15210,T,220830,085126,60.301731N,24.124475E,48,0.0,11
15211,T,220830,085127,60.301731N,24.124475E,48,0.0,11
15212,T,220830,085128,60.301731N,24.124475E,48,0.0,11
15213,T,220830,085129,60.301731N,24.124475E,48,0.0,11
15214,T,220830,085130,60.301731N,24.124475E,48,0.0,11
15215,T,220830,085131,60.301731N,24.124475E,48,0.0,11
15216,T,220830,085132,60.301731N,24.124475E,48,0.0,11
15217,T,220830,085133,60.301731N,24.124477E,48,0.0,11
15218,T,220830,085134,60.301731N,24.124477E,48,0.0,11
15219,T,220830,085135,60.301731N,24.124477E,48,0.0,11
15220,T,220830,085136,60.301731N,24.124477E,48,0.0,11
15221,T,220830,085137,60.301731N,24.124477E,48,0.0,11
15222,T,220830,085138,60.301731N,24.124477E,48,0.0,11
15223,T,220830,085139,60.301731N,24.124477E,48,0.0,11
15224,T,220830,085140,60.301731N,24.124477E,48,0.0,11
15225,T,220830,085141,60.301731N,24.124477E,48,0.0,11
15226,T,220830,085142,60.301731N,24.124477E,48,0.0,11
15227,T,220830,085143,60.301731N,24.124477E,48,0.0,11
15228,T,220830,085144,60.301731N,24.124477E,48,0.0,11
15229,T,220830,085145,60.301731N,24.124477E,48,0.0,11
15230,T,220830,085146,60.301731N,24.124477E,48,0.0,11
15231,T,220830,085147,60.301731N,24.124477E,48,0.0,11
15232,T,220830,085148,60.301731N,24.124477E,48,0.0,11
15233,T,220830,085149,60.301731N,24.124477E,48,0.0,11
15234,T,220830,085150,60.301731N,24.124477E,48,0.0,11
15235,T,220830,085151,60.301731N,24.124477E,48,0.0,11
15236,T,220830,085152,60.301731N,24.124477E,48,0.0,11
15237,T,220830,085153,60.301731N,24.124477E,48,0.0,11
15238,T,220830,085154,60.301731N,24.124477E,48,0.0,11
15239,T,220830,085155,60.301731N,24.124477E,48,0.0,11
15240,T,220830,085156,60.301731N,24.124477E,48,0.0,11
15241,T,220830,085157,60.301731N,24.124477E,48,0.0,11
15242,T,220830,085158,60.301731N,24.124477E,48,0.0,11
15243,T,220830,085159,60.301731N,24.124477E,48,0.0,11
15244,T,220830,085200,60.301731N,24.124477E,48,0.0,11
15245,T,220830,085201,60.301731N,24.124477E,48,0.0,11
15246,T,220830,085202,60.301731N,24.124477E,48,0.0,11
15247,T,220830,085203,60.301731N,24.124477E,48,0.0,11
15248,T,220830,085204,60.301731N,24.124477E,48,0.0,11
15249,T,220830,085205,60.301731N,24.124477E,48,0.0,11
15250,T,220830,085206,60.301731N,24.124477E,48,0.0,11
15251,T,220830,085207,60.301731N,24.124477E,48,0.0,11
15252,T,220830,085208,60.301731N,24.124477E,48,0.0,11
15253,T,220830,085209,60.301731N,24.124477E,48,0.0,11
15254,T,220830,085210,60.301731N,24.124477E,48,0.0,11
15255,T,220830,085211,60.301731N,24.124477E,48,0.0,11
15256,T,220830,085212,60.301731N,24.124477E,48,0.0,11
15257,T,220830,085213,60.301731N,24.124477E,48,0.0,11
15258,T,220830,085214,60.301731N,24.124477E,48,0.0,11
15259,T,220830,085215,60.301731N,24.124477E,48,0.0,11
15260,T,220830,085216,60.301731N,24.124477E,48,0.0,11
15261,T,220830,085217,60.301731N,24.124477E,48,0.0,11
15262,T,220830,085218,60.301731N,24.124477E,48,0.0,11
15263,T,220830,085219,60.301731N,24.124477E,48,0.0,11
15264,T,220830,085220,60.301731N,24.124477E,48,0.0,11
15265,T,220830,085221,60.301731N,24.124477E,48,0.0,11
15266,T,220830,085222,60.301731N,24.124477E,48,0.0,11
15267,T,220830,085223,60.301731N,24.124477E,48,0.0,11
15268,T,220830,085224,60.301731N,24.124477E,48,0.0,11
15269,T,220830,085225,60.301731N,24.124477E,48,0.0,11
15270,T,220830,085226,60.301731N,24.124477E,48,0.0,11
15271,T,220830,085227,60.301731N,24.124477E,48,0.0,11
15272,T,220830,085228,60.301731N,24.124477E,48,0.0,11
15273,T,220830,085229,60.301731N,24.124477E,48,0.0,11
15274,T,220830,085230,60.301731N,24.124477E,48,0.0,11
15275,T,220830,085231,60.301731N,24.124477E,48,0.0,11
15276,T,220830,085232,60.301731N,24.124477E,48,0.0,11
15277,T,220830,085233,60.301731N,24.124477E,48,0.0,11
15278,T,220830,085234,60.301731N,24.124477E,48,0.0,11
15279,T,220830,085235,60.301731N,24.124477E,48,0.0,11
15280,T,220830,085236,60.301731N,24.124477E,48,0.0,11
15281,T,220830,085237,60.301731N,24.124477E,48,0.0,11
15282,T,220830,085238,60.301731N,24.124477E,48,0.0,11
15283,T,220830,085239,60.301731N,24.124477E,48,0.0,11
15284,T,220830,085240,60.301731N,24.124477E,48,0.0,11
15285,T,220830,085241,60.301731N,24.124477E,48,0.0,11
15286,T,220830,085242,60.301731N,24.124477E,48,0.0,11
15287,T,220830,085243,60.301731N,24.124477E,48,0.0,11
15288,T,220830,085244,60.301731N,24.124477E,48,0.0,11
15289,T,220830,085245,60.301731N,24.124477E,48,0.0,11
15290,T,220830,085246,60.301731N,24.124477E,48,0.0,11
15291,T,220830,085247,60.301731N,24.124477E,48,0.0,11
15292,T,220830,085248,60.301731N,24.124477E,48,0.0,11
15293,T,220830,085249,60.301731N,24.124477E,48,0.0,11
15294,T,220830,085250,60.301731N,24.124477E,48,0.0,11
15295,T,220830,085251,60.301731N,24.124477E,48,0.0,11
15296,T,220830,085252,60.301731N,24.124477E,48,0.0,11
15297,T,220830,085253,60.301731N,24.124477E,48,0.0,11
15298,T,220830,085254,60.301731N,24.124477E,48,0.0,11
15299,T,220830,085255,60.301731N,24.124477E,48,0.0,11
15300,T,220830,085256,60.301731N,24.124477E,48,0.0,11
15301,T,220830,085257,60.301731N,24.124477E,48,0.0,11
15302,T,220830,085258,60.301731N,24.124477E,48,0.0,11
15303,T,220830,085259,60.301731N,24.124477E,48,0.0,11
15304,T,220830,085300,60.301731N,24.124477E,48,0.0,11
15305,T,220830,085301,60.301731N,24.124477E,48,0.0,11
15306,T,220830,085302,60.301731N,24.124477E,48,0.0,11
15307,T,220830,085303,60.301731N,24.124477E,48,0.0,11
15308,T,220830,085304,60.301731N,24.124477E,48,0.0,11
15309,T,220830,085305,60.301731N,24.124477E,48,0.0,11
15310,T,220830,085306,60.301731N,24.124477E,48,0.0,11
15311,T,220830,085307,60.301731N,24.124477E,48,0.0,11
15312,T,220830,085308,60.301731N,24.124477E,48,0.0,11
15313,T,220830,085309,60.301731N,24.124477E,48,0.0,11
15314,T,220830,085310,60.301731N,24.124477E,48,0.0,11
15315,T,220830,085311,60.301731N,24.124477E,48,0.0,11
15316,T,220830,085312,60.301731N,24.124477E,48,0.0,11
15317,T,220830,085313,60.301731N,24.124477E,48,0.0,11
15318,T,220830,085314,60.301731N,24.124477E,48,0.0,11
15319,T,220830,085315,60.301731N,24.124477E,48,0.0,11
15320,T,220830,085316,60.301731N,24.124477E,48,0.0,11
15321,T,220830,085317,60.301731N,24.124477E,48,0.0,11
15322,T,220830,085318,60.301731N,24.124477E,48,0.0,11
15323,T,220830,085319,60.301731N,24.124477E,48,0.0,11
15324,T,220830,085320,60.301731N,24.124477E,48,0.0,11
15325,T,220830,085321,60.301731N,24.124477E,48,0.0,11
15326,T,220830,085322,60.301731N,24.124477E,48,0.0,11
15327,T,220830,085323,60.301731N,24.124477E,48,0.0,11
15328,T,220830,085324,60.301731N,24.124477E,48,0.0,11
15329,T,220830,085325,60.301731N,24.124477E,48,0.0,11
15330,T,220830,085326,60.301731N,24.124477E,48,0.0,11
15331,T,220830,085327,60.301731N,24.124477E,48,0.0,11
15332,T,220830,085328,60.301731N,24.124477E,48,0.0,11
15333,T,220830,085329,60.301731N,24.124477E,48,0.0,11
15334,T,220830,085330,60.301731N,24.124477E,48,0.0,11
15335,T,220830,085331,60.301731N,24.124477E,48,0.0,11
15336,T,220830,085332,60.301731N,24.124477E,48,0.0,11
15337,T,220830,085333,60.301731N,24.124477E,48,0.0,11
15338,T,220830,085334,60.301731N,24.124477E,48,0.0,11
15339,T,220830,085335,60.301731N,24.124477E,48,0.0,11
15340,T,220830,085336,60.301731N,24.124477E,48,0.0,11
15341,T,220830,085337,60.301731N,24.124477E,48,0.0,11
15342,T,220830,085338,60.301731N,24.124477E,48,0.0,11
15343,T,220830,085339,60.301731N,24.124477E,48,0.0,11
15344,T,220830,085340,60.301731N,24.124477E,48,0.0,11
15345,T,220830,085341,60.301731N,24.124477E,48,0.0,11
15346,T,220830,085342,60.301731N,24.124477E,48,0.0,11
15347,T,220830,085343,60.301731N,24.124477E,48,0.0,11
15348,T,220830,085344,60.301731N,24.124477E,48,0.0,11
15349,T,220830,085345,60.301731N,24.124477E,48,0.0,11
15350,T,220830,085346,60.301731N,24.124477E,48,0.0,11
15351,T,220830,085347,60.301731N,24.124477E,48,0.0,11
15352,T,220830,085348,60.301731N,24.124477E,48,0.0,11
15353,T,220830,085349,60.301731N,24.124477E,48,0.0,11
15354,T,220830,085350,60.301731N,24.124477E,48,0.0,11
15355,T,220830,085351,60.301731N,24.124477E,48,0.0,11
15356,T,220830,085352,60.301731N,24.124477E,48,0.0,11
15357,T,220830,085353,60.301731N,24.124477E,48,0.0,11
15358,T,220830,085354,60.301731N,24.124477E,48,0.0,11
15359,T,220830,085355,60.301731N,24.124477E,48,0.0,11
15360,T,220830,085356,60.301731N,24.124477E,48,0.0,11
15361,T,220830,085357,60.301731N,24.124477E,48,0.0,11
15362,T,220830,085358,60.301731N,24.124477E,48,0.0,11
15363,T,220830,085359,60.301731N,24.124477E,48,0.0,11
15364,T,220830,085400,60.301731N,24.124477E,48,0.0,11
15365,T,220830,085401,60.301731N,24.124477E,48,0.0,11
15366,T,220830,085402,60.301731N,24.124477E,48,0.0,11
15367,T,220830,085403,60.301731N,24.124477E,48,0.0,11
15368,T,220830,085404,60.301731N,24.124477E,48,0.0,11
15369,T,220830,085405,60.301731N,24.124477E,48,0.0,11
15370,T,220830,085406,60.301731N,24.124477E,48,0.0,11
15371,T,220830,085407,60.301731N,24.124477E,48,0.0,11
15372,T,220830,085408,60.301731N,24.124477E,48,0.0,11
15373,T,220830,085409,60.301731N,24.124477E,48,0.0,11
15374,T,220830,085410,60.301731N,24.124477E,48,0.0,11
15375,T,220830,085411,60.301731N,24.124477E,48,0.0,11
15376,T,220830,085412,60.301731N,24.124477E,48,0.0,11
15377,T,220830,085413,60.301731N,24.124477E,48,0.0,11
15378,T,220830,085414,60.301731N,24.124477E,48,0.0,11
15379,T,220830,085415,60.301731N,24.124477E,48,0.0,11
15380,T,220830,085416,60.301731N,24.124477E,48,0.0,11
15381,T,220830,085417,60.301731N,24.124477E,48,0.0,11
15382,T,220830,085418,60.301731N,24.124477E,48,0.0,11
15383,T,220830,085419,60.301731N,24.124477E,48,0.0,11
15384,T,220830,085420,60.301731N,24.124477E,48,0.0,11
15385,T,220830,085421,60.301731N,24.124477E,48,0.0,11
15386,T,220830,085422,60.301731N,24.124477E,48,0.0,11
15387,T,220830,085423,60.301731N,24.124477E,48,0.0,11
15388,T,220830,085424,60.301731N,24.124477E,48,0.0,11
15389,T,220830,085425,60.301731N,24.124477E,48,0.0,11
15390,T,220830,085426,60.301731N,24.124477E,48,0.0,11
15391,T,220830,085427,60.301731N,24.124477E,48,0.0,11
15392,T,220830,085428,60.301731N,24.124479E,48,0.0,11
15393,T,220830,085429,60.301731N,24.124479E,48,0.0,11
15394,T,220830,085430,60.301731N,24.124481E,48,0.0,11
15395,T,220830,085431,60.301743N,24.124498E,48,6.9,34
15396,T,220830,085432,60.301762N,24.124529E,48,8.7,36
15397,T,220830,085433,60.301777N,24.124575E,48,9.3,38
15398,T,220830,085434,60.301792N,24.124617E,49,8.7,40
15399,T,220830,085435,60.301807N,24.124662E,49,9.6,42
15400,T,220830,085436,60.301819N,24.124708E,49,10.4,43
15401,T,220830,085437,60.301834N,24.124758E,50,11.2,45
15402,T,220830,085438,60.301849N,24.124804E,50,10.1,47
15403,T,220830,085439,60.301861N,24.124846E,51,8.4,67
15404,T,220830,085440,60.301868N,24.124882E,51,7.0,67
15405,T,220830,085441,60.301880N,24.124910E,52,7.4,65
15406,T,220830,085442,60.301891N,24.124943E,52,8.2,64
15407,T,220830,085443,60.301903N,24.124977E,53,9.2,64
15408,T,220830,085444,60.301914N,24.125019E,53,10.0,63
15409,T,220830,085445,60.301929N,24.125065E,54,9.9,61
15410,T,220830,085446,60.301941N,24.125109E,54,9.9,58
15411,T,220830,085447,60.301956N,24.125153E,54,10.0,56
15412,T,220830,085448,60.301968N,24.125196E,55,10.0,62
15413,T,220830,085449,60.301979N,24.125240E,55,9.5,60
15414,T,220830,085450,60.301991N,24.125280E,55,9.2,61
15415,T,220830,085451,60.302006N,24.125320E,56,9.3,55
15416,T,220830,085452,60.302017N,24.125364E,56,9.4,55
15417,T,220830,085453,60.302029N,24.125406E,56,9.4,56
15418,T,220830,085454,60.302036N,24.125450E,57,9.4,58
15419,T,220830,085455,60.302040N,24.125496E,57,9.1,60
15420,T,220830,085456,60.302048N,24.125542E,57,9.6,61
15421,T,220830,085457,60.302055N,24.125589E,57,9.7,62
15422,T,220830,085458,60.302067N,24.125633E,58,9.2,63
15423,T,220830,085459,60.302078N,24.125677E,58,9.9,65
15424,T,220830,085500,60.302090N,24.125725E,58,9.0,64
15425,T,220830,085501,60.302101N,24.125767E,58,9.3,65
15426,T,220830,085502,60.302109N,24.125811E,59,8.8,78
15427,T,220830,085503,60.302113N,24.125854E,59,8.8,78
15428,T,220830,085504,60.302113N,24.125896E,59,9.0,77
15429,T,220830,085505,60.302116N,24.125937E,60,8.6,76
15430,T,220830,085506,60.302128N,24.125978E,60,9.0,75
15431,T,220830,085507,60.302135N,24.126019E,60,8.9,73
15432,T,220830,085508,60.302147N,24.126060E,60,9.2,72
15433,T,220830,085509,60.302162N,24.126101E,61,9.2,71
15434,T,220830,085510,60.302174N,24.126141E,61,9.1,70
15435,T,220830,085511,60.302189N,24.126177E,61,9.0,68
15436,T,220830,085512,60.302200N,24.126211E,60,8.9,48
15437,T,220830,085513,60.302219N,24.126244E,60,8.9,41
15438,T,220830,085514,60.302235N,24.126274E,59,9.6,37
15439,T,220830,085515,60.302261N,24.126299E,59,11.4,25
15440,T,220830,085516,60.302284N,24.126324E,59,12.0,24
15441,T,220830,085517,60.302315N,24.126350E,58,14.0,20
15442,T,220830,085518,60.302353N,24.126369E,58,14.5,16
15443,T,220830,085519,60.302383N,24.126390E,58,15.0,13
15444,T,220830,085520,60.302422N,24.126404E,57,15.2,10
15445,T,220830,085521,60.302460N,24.126419E,57,16.0,6
15446,T,220830,085522,60.302502N,24.126429E,56,16.1,4
15447,T,220830,085523,60.302540N,24.126436E,56,16.1,7
15448,T,220830,085524,60.302582N,24.126444E,55,16.0,7
15449,T,220830,085525,60.302620N,24.126455E,55,16.7,8
15450,T,220830,085526,60.302666N,24.126467E,54,17.0,9
15451,T,220830,085527,60.302704N,24.126484E,53,17.5,10
15452,T,220830,085528,60.302750N,24.126497E,53,17.8,11
15453,T,220830,085529,60.302792N,24.126520E,53,18.4,12
15454,T,220830,085530,60.302841N,24.126551E,52,19.2,13
15455,T,220830,085531,60.302883N,24.126583E,52,19.6,13
15456,T,220830,085532,60.302933N,24.126623E,52,19.9,14
15457,T,220830,085533,60.302975N,24.126673E,51,20.9,28
15458,T,220830,085534,60.303024N,24.126728E,51,23.3,30
15459,T,220830,085535,60.303066N,24.126804E,50,23.9,34
15460,T,220830,085536,60.303120N,24.126881E,50,23.2,39
15461,T,220830,085537,60.303169N,24.126963E,49,23.3,42
15462,T,220830,085538,60.303211N,24.127048E,49,24.0,43
15463,T,220830,085539,60.303257N,24.127144E,49,23.7,48
15464,T,220830,085540,60.303291N,24.127234E,49,22.6,52
15465,T,220830,085541,60.303333N,24.127323E,49,21.9,52
15466,T,220830,085542,60.303364N,24.127413E,49,21.9,54
15467,T,220830,085543,60.303398N,24.127495E,48,19.6,47
15468,T,220830,085544,60.303432N,24.127558E,48,18.8,41
15469,T,220830,085545,60.303467N,24.127625E,48,19.1,41
15470,T,220830,085546,60.303501N,24.127682E,48,16.9,39
15471,T,220830,085547,60.303539N,24.127733E,48,17.0,36
15472,T,220830,085548,60.303574N,24.127785E,48,17.4,33
15473,T,220830,085549,60.303608N,24.127831E,48,17.8,30
15474,T,220830,085550,60.303654N,24.127878E,48,19.4,30
15475,T,220830,085551,60.303692N,24.127926E,48,19.5,28
15476,T,220830,085552,60.303738N,24.127970E,48,20.1,25
15477,T,220830,085553,60.303783N,24.128016E,48,21.0,26
15478,T,220830,085554,60.303833N,24.128061E,47,21.4,26
15479,T,220830,085555,60.303879N,24.128105E,47,20.7,24
15480,T,220830,085556,60.303928N,24.128151E,47,21.1,23
15481,T,220830,085557,60.303974N,24.128193E,47,21.5,22
15482,T,220830,085558,60.304024N,24.128231E,47,21.0,21
15483,T,220830,085559,60.304077N,24.128275E,46,21.8,21
15484,T,220830,085600,60.304127N,24.128311E,46,21.9,20
15485,T,220830,085601,60.304176N,24.128345E,46,20.9,19
15486,T,220830,085602,60.304230N,24.128384E,46,21.4,19
15487,T,220830,085603,60.304279N,24.128418E,45,22.7,18
15488,T,220830,085604,60.304340N,24.128452E,45,24.0,17
15489,T,220830,085605,60.304398N,24.128483E,45,23.7,15
15490,T,220830,085606,60.304459N,24.128504E,44,23.7,13
15491,T,220830,085607,60.304520N,24.128525E,44,24.4,12
15492,T,220830,085608,60.304581N,24.128551E,44,24.9,11
15493,T,220830,085609,60.304642N,24.128590E,43,24.8,11
15494,T,220830,085610,60.304699N,24.128632E,42,24.3,11
15495,T,220830,085611,60.304752N,24.128672E,42,22.4,11
15496,T,220830,085612,60.304806N,24.128704E,41,19.3,12
15497,T,220830,085613,60.304852N,24.128733E,41,19.3,13
15498,T,220830,085614,60.304905N,24.128757E,42,19.2,14
15499,T,220830,085615,60.304951N,24.128784E,41,20.3,15
15500,T,220830,085616,60.305000N,24.128813E,41,19.4,15
15501,T,220830,085617,60.305042N,24.128839E,41,19.4,16
15502,T,220830,085618,60.305092N,24.128870E,41,20.2,16
15503,T,220830,085619,60.305141N,24.128902E,40,20.7,17
15504,T,220830,085620,60.305187N,24.128927E,40,19.4,17
15505,T,220830,085621,60.305233N,24.128956E,40,18.4,18
15506,T,220830,085622,60.305275N,24.128986E,40,18.9,19
15507,T,220830,085623,60.305321N,24.129017E,39,20.0,18
15508,T,220830,085624,60.305363N,24.129042E,39,19.1,18
15509,T,220830,085625,60.305416N,24.129076E,38,20.7,18
15510,T,220830,085626,60.305466N,24.129110E,38,21.1,18
15511,T,220830,085627,60.305515N,24.129148E,38,21.1,19
15512,T,220830,085628,60.305569N,24.129187E,38,22.2,18
15513,T,220830,085629,60.305618N,24.129223E,37,21.1,19
15514,T,220830,085630,60.305672N,24.129259E,37,22.2,19
15515,T,220830,085631,60.305729N,24.129307E,37,23.4,19
15516,T,220830,085632,60.305775N,24.129358E,37,20.3,19
15517,T,220830,085633,60.305817N,24.129402E,37,16.0,20
15518,T,220830,085634,60.305851N,24.129438E,37,15.9,22
15519,T,220830,085635,60.305889N,24.129473E,37,15.3,23
15520,T,220830,085636,60.305923N,24.129503E,37,16.0,24
15521,T,220830,085637,60.305965N,24.129539E,37,17.1,24
15522,T,220830,085638,60.306004N,24.129578E,37,16.8,25
15523,T,220830,085639,60.306042N,24.129622E,37,17.5,25
15524,T,220830,085640,60.306080N,24.129663E,36,17.6,25
15525,T,220830,085641,60.306126N,24.129700E,36,17.7,25
15526,T,220830,085642,60.306164N,24.129736E,36,18.4,23
15527,T,220830,085643,60.306210N,24.129774E,36,17.8,24
15528,T,220830,085644,60.306248N,24.129816E,36,16.8,33
15529,T,220830,085645,60.306286N,24.129856E,36,18.0,32
15530,T,220830,085646,60.306324N,24.129894E,36,17.2,31
15531,T,220830,085647,60.306362N,24.129932E,36,17.3,30
15532,T,220830,085648,60.306404N,24.129967E,36,17.2,30
15533,T,220830,085649,60.306438N,24.129999E,36,17.2,27
15534,T,220830,085650,60.306480N,24.130037E,36,17.6,26
15535,T,220830,085651,60.306522N,24.130077E,36,17.5,26
15536,T,220830,085652,60.306564N,24.130117E,36,18.1,26
15537,T,220830,085653,60.306606N,24.130163E,36,19.7,25
15538,T,220830,085654,60.306656N,24.130203E,36,20.1,25
15539,T,220830,085655,60.306702N,24.130245E,36,20.1,24
15540,T,220830,085656,60.306744N,24.130285E,36,19.4,24
15541,T,220830,085657,60.306793N,24.130335E,36,20.3,25
15542,T,220830,085658,60.306835N,24.130381E,36,21.3,25
15543,T,220830,085659,60.306885N,24.130423E,36,19.7,25
15544,T,220830,085700,60.306927N,24.130465E,36,18.7,25
15545,T,220830,085701,60.306973N,24.130503E,37,18.2,25
15546,T,220830,085702,60.307011N,24.130539E,37,18.5,24
15547,T,220830,085703,60.307056N,24.130577E,37,18.5,24
15548,T,220830,085704,60.307098N,24.130617E,37,18.5,24
15549,T,220830,085705,60.307144N,24.130655E,37,19.2,23
15550,T,220830,085706,60.307186N,24.130693E,37,18.1,24
15551,T,220830,085707,60.307232N,24.130733E,37,18.9,23
15552,T,220830,085708,60.307281N,24.130775E,37,19.0,23
15553,T,220830,085709,60.307323N,24.130814E,38,19.1,22
15554,T,220830,085710,60.307369N,24.130846E,38,18.8,21
15555,T,220830,085711,60.307407N,24.130884E,38,18.8,24
15556,T,220830,085712,60.307453N,24.130917E,38,18.0,21
15557,T,220830,085713,60.307495N,24.130945E,38,18.1,20
15558,T,220830,085714,60.307541N,24.130968E,38,17.6,17
15559,T,220830,085715,60.307583N,24.130993E,38,18.2,15
15560,T,220830,085716,60.307625N,24.131012E,37,17.3,13
15561,T,220830,085717,60.307663N,24.131027E,38,16.8,11
15562,T,220830,085718,60.307709N,24.131044E,38,16.8,9
15563,T,220830,085719,60.307751N,24.131056E,38,17.6,9
15564,T,220830,085720,60.307796N,24.131063E,39,17.1,4
15565,T,220830,085721,60.307838N,24.131071E,39,17.2,4
15566,T,220830,085722,60.307884N,24.131083E,39,17.8,4
15567,T,220830,085723,60.307926N,24.131086E,39,18.5,3
15568,T,220830,085724,60.307976N,24.131094E,38,19.1,2
15569,T,220830,085725,60.308029N,24.131098E,38,19.7,4
15570,T,220830,085726,60.308079N,24.131107E,38,20.6,4
15571,T,220830,085727,60.308128N,24.131117E,38,21.1,4
15572,T,220830,085728,60.308186N,24.131124E,38,21.7,5
15573,T,220830,085729,60.308239N,24.131138E,38,21.8,6
15574,T,220830,085730,60.308292N,24.131153E,37,21.8,6
15575,T,220830,085731,60.308350N,24.131170E,37,22.1,8
15576,T,220830,085732,60.308403N,24.131189E,37,22.0,9
15577,T,220830,085733,60.308460N,24.131212E,37,21.7,11
15578,T,220830,085734,60.308514N,24.131235E,37,21.6,12
15579,T,220830,085735,60.308563N,24.131256E,37,21.0,12
15580,T,220830,085736,60.308617N,24.131281E,37,20.4,12
15581,T,220830,085737,60.308662N,24.131302E,37,20.1,13
15582,T,220830,085738,60.308712N,24.131323E,37,19.3,12
15583,T,220830,085739,60.308762N,24.131340E,37,19.3,12
15584,T,220830,085740,60.308807N,24.131357E,37,18.9,11
15585,T,220830,085741,60.308853N,24.131376E,37,18.6,10
15586,T,220830,085742,60.308899N,24.131393E,37,17.9,10
15587,T,220830,085743,60.308949N,24.131411E,37,18.4,10
15588,T,220830,085744,60.308990N,24.131424E,37,18.4,10
15589,T,220830,085745,60.309040N,24.131445E,37,18.7,10
15590,T,220830,085746,60.309086N,24.131458E,36,18.8,10
15591,T,220830,085747,60.309128N,24.131475E,36,18.9,10
15592,T,220830,085748,60.309177N,24.131495E,36,19.1,10
15593,T,220830,085749,60.309219N,24.131514E,36,19.5,10
15594,T,220830,085750,60.309273N,24.131531E,35,19.5,10
15595,T,220830,085751,60.309319N,24.131546E,35,19.4,10
15596,T,220830,085752,60.309364N,24.131571E,35,19.3,12
15597,T,220830,085753,60.309406N,24.131605E,35,17.6,27
15598,T,220830,085754,60.309441N,24.131655E,35,15.8,37
15599,T,220830,085755,60.309467N,24.131704E,35,13.6,46
15600,T,220830,085756,60.309486N,24.131756E,35,12.1,50
15601,T,220830,085757,60.309513N,24.131798E,35,10.8,46
15602,T,220830,085758,60.309528N,24.131834E,35,9.5,46
15603,T,220830,085759,60.309547N,24.131865E,35,9.5,45
15604,T,220830,085800,60.309566N,24.131895E,35,9.6,44
15605,T,220830,085801,60.309586N,24.131929E,35,9.7,46
15606,T,220830,085802,60.309601N,24.131964E,35,10.7,46
15607,T,220830,085803,60.309620N,24.131998E,35,10.2,45
15608,T,220830,085804,60.309639N,24.132034E,35,11.2,44
15609,T,220830,085805,60.309662N,24.132067E,35,9.3,44
15610,T,220830,085806,60.309677N,24.132099E,36,10.0,42
15611,T,220830,085807,60.309692N,24.132133E,36,9.3,40
15612,T,220830,085808,60.309711N,24.132164E,37,10.6,41
15613,T,220830,085809,60.309727N,24.132202E,37,9.6,43
15614,T,220830,085810,60.309738N,24.132252E,37,9.7,45
15615,T,220830,085811,60.309757N,24.132294E,37,9.3,43
15616,T,220830,085812,60.309780N,24.132328E,37,9.8,35
15617,T,220830,085813,60.309792N,24.132364E,37,8.6,36
15618,T,220830,085814,60.309803N,24.132389E,38,7.8,37
15619,T,220830,085815,60.309818N,24.132420E,38,6.3,38
15620,T,220830,085816,60.309834N,24.132454E,38,9.1,39
15621,T,220830,085817,60.309849N,24.132486E,38,7.6,35
15622,T,220830,085818,60.309868N,24.132517E,38,9.7,36
15623,T,220830,085819,60.309879N,24.132542E,39,5.9,38
15624,T,220830,085820,60.309887N,24.132565E,39,6.5,39
15625,T,220830,085821,60.309902N,24.132591E,39,6.8,40
15626,T,220830,085822,60.309917N,24.132616E,40,5.3,40
15627,T,220830,085823,60.309929N,24.132639E,40,6.7,41
15628,T,220830,085824,60.309940N,24.132666E,40,7.7,41
15629,T,220830,085825,60.309948N,24.132690E,41,6.9,43
15630,T,220830,085826,60.309959N,24.132711E,41,5.5,43
15631,T,220830,085827,60.309971N,24.132732E,41,4.8,43
15632,T,220830,085828,60.309994N,24.132759E,41,6.3,43
15633,T,220830,085829,60.310005N,24.132788E,41,6.3,43
15634,T,220830,085830,60.310017N,24.132814E,42,6.4,41
15635,T,220830,085831,60.310024N,24.132839E,42,5.2,41
15636,T,220830,085832,60.310032N,24.132864E,42,5.1,41
15637,T,220830,085833,60.310043N,24.132898E,43,7.1,49
15638,T,220830,085834,60.310059N,24.132936E,43,8.2,47
15639,T,220830,085835,60.310066N,24.132965E,43,6.7,47
15640,T,220830,085836,60.310089N,24.132998E,43,7.5,44
15641,T,220830,085837,60.310104N,24.133032E,44,7.5,46
15642,T,220830,085838,60.310123N,24.133070E,44,9.2,47
15643,T,220830,085839,60.310139N,24.133104E,44,8.6,45
15644,T,220830,085840,60.310162N,24.133137E,44,8.2,45
15645,T,220830,085841,60.310181N,24.133158E,45,7.3,44
15646,T,220830,085842,60.310207N,24.133184E,45,6.3,42
15647,T,220830,085843,60.310226N,24.133221E,46,7.5,42
15648,T,220830,085844,60.310242N,24.133257E,46,6.1,55
15649,T,220830,085845,60.310253N,24.133293E,47,8.2,52
15650,T,220830,085846,60.310272N,24.133326E,47,8.6,51
15651,T,220830,085847,60.310287N,24.133356E,47,6.7,50
15652,T,220830,085848,60.310299N,24.133381E,47,6.2,48
15653,T,220830,085849,60.310310N,24.133406E,48,5.8,49
15654,T,220830,085850,60.310326N,24.133434E,48,6.3,47
15655,T,220830,085851,60.310341N,24.133459E,48,7.0,46
15656,T,220830,085852,60.310356N,24.133488E,48,7.8,45
15657,T,220830,085853,60.310368N,24.133518E,48,6.8,45
15658,T,220830,085854,60.310383N,24.133547E,48,8.3,44
15659,T,220830,085855,60.310398N,24.133575E,49,8.8,43
15660,T,220830,085856,60.310417N,24.133604E,49,8.1,48
15661,T,220830,085857,60.310432N,24.133636E,50,7.7,45
15662,T,220830,085858,60.310440N,24.133659E,50,6.2,45
15663,T,220830,085859,60.310459N,24.133688E,50,7.8,42
15664,T,220830,085900,60.310471N,24.133717E,51,7.7,42
15665,T,220830,085901,60.310490N,24.133741E,52,8.3,41
15666,T,220830,085902,60.310501N,24.133766E,52,7.7,41
15667,T,220830,085903,60.310516N,24.133797E,53,8.4,41
15668,T,220830,085904,60.310528N,24.133818E,54,6.9,35
15669,T,220830,085905,60.310543N,24.133844E,54,6.8,36
15670,T,220830,085906,60.310558N,24.133867E,55,7.7,33
15671,T,220830,085907,60.310574N,24.133894E,55,7.1,34
15672,T,220830,085908,60.310589N,24.133921E,56,7.7,35
15673,T,220830,085909,60.310600N,24.133949E,56,7.7,36
15674,T,220830,085910,60.310616N,24.133982E,56,8.1,36
15675,T,220830,085911,60.310631N,24.134026E,56,9.5,37
15676,T,220830,085912,60.310650N,24.134075E,57,8.8,38
15677,T,220830,085913,60.310661N,24.134113E,57,8.8,39
15678,T,220830,085914,60.310677N,24.134150E,57,9.8,40
15679,T,220830,085915,60.310692N,24.134188E,57,9.7,41
15680,T,220830,085916,60.310707N,24.134232E,57,9.5,42
15681,T,220830,085917,60.310719N,24.134272E,56,10.2,48
15682,T,220830,085918,60.310741N,24.134314E,57,10.1,51
15683,T,220830,085919,60.310757N,24.134354E,57,10.1,50
15684,T,220830,085920,60.310772N,24.134398E,57,10.5,52
15685,T,220830,085921,60.310787N,24.134451E,57,11.8,52
15686,T,220830,085922,60.310799N,24.134508E,57,12.3,53
15687,T,220830,085923,60.310822N,24.134565E,57,13.8,55
15688,T,220830,085924,60.310841N,24.134630E,57,14.7,57
15689,T,220830,085925,60.310860N,24.134695E,57,16.0,57
15690,T,220830,085926,60.310883N,24.134766E,57,16.6,57
15691,T,220830,085927,60.310909N,24.134836E,57,16.6,57
15692,T,220830,085928,60.310928N,24.134907E,57,16.3,58
15693,T,220830,085929,60.310947N,24.134981E,57,16.2,58
15694,T,220830,085930,60.310966N,24.135054E,57,15.5,58
15695,T,220830,085931,60.310989N,24.135124E,57,15.5,60
15696,T,220830,085932,60.311005N,24.135199E,57,15.6,62
15697,T,220830,085933,60.311020N,24.135267E,58,14.5,64
15698,T,220830,085934,60.311031N,24.135336E,58,14.7,65
15699,T,220830,085935,60.311050N,24.135405E,58,14.7,64
15700,T,220830,085936,60.311069N,24.135473E,57,14.7,64
15701,T,220830,085937,60.311081N,24.135544E,57,14.7,71
15702,T,220830,085938,60.311100N,24.135614E,57,15.5,70
15703,T,220830,085939,60.311119N,24.135683E,57,15.2,69
15704,T,220830,085940,60.311134N,24.135754E,57,15.5,69
15705,T,220830,085941,60.311157N,24.135818E,57,14.5,68
15706,T,220830,085942,60.311172N,24.135885E,57,15.7,67
15707,T,220830,085943,60.311188N,24.135956E,57,15.6,64
15708,T,220830,085944,60.311203N,24.136024E,57,14.4,64
15709,T,220830,085945,60.311226N,24.136086E,58,14.0,61
15710,T,220830,085946,60.311241N,24.136145E,58,12.2,59
15711,T,220830,085947,60.311260N,24.136196E,58,12.2,58
15712,T,220830,085948,60.311275N,24.136246E,58,10.6,65
15713,T,220830,085949,60.311283N,24.136297E,58,10.7,70
15714,T,220830,085950,60.311298N,24.136356E,58,14.5,69
15715,T,220830,085951,60.311321N,24.136429E,58,16.3,69
15716,T,220830,085952,60.311340N,24.136513E,58,18.9,68
15717,T,220830,085953,60.311359N,24.136597E,58,18.0,69
15718,T,220830,085954,60.311378N,24.136686E,59,19.5,68
15719,T,220830,085955,60.311401N,24.136776E,59,19.1,67
15720,T,220830,085956,60.311420N,24.136866E,60,19.1,69
15721,T,220830,085957,60.311436N,24.136951E,61,17.9,67
15722,T,220830,085958,60.311451N,24.137032E,61,16.6,66
15723,T,220830,085959,60.311466N,24.137106E,62,17.0,65
15724,T,220830,090000,60.311485N,24.137184E,62,16.0,63
15725,T,220830,090001,60.311504N,24.137259E,62,15.8,64
15726,T,220830,090002,60.311520N,24.137327E,62,14.0,64
15727,T,220830,090003,60.311535N,24.137396E,62,15.4,62
15728,T,220830,090004,60.311550N,24.137466E,63,14.4,62
15729,T,220830,090005,60.311573N,24.137533E,63,15.5,60
15730,T,220830,090006,60.311588N,24.137604E,63,15.1,61
15731,T,220830,090007,60.311607N,24.137676E,63,15.4,60
15732,T,220830,090008,60.311626N,24.137745E,62,15.7,53
15733,T,220830,090009,60.311646N,24.137812E,62,14.5,54
15734,T,220830,090010,60.311657N,24.137880E,62,13.7,56
15735,T,220830,090011,60.311665N,24.137945E,62,14.2,58
15736,T,220830,090012,60.311668N,24.138016E,62,13.6,61
15737,T,220830,090013,60.311668N,24.138088E,62,14.4,63
15738,T,220830,090014,60.311668N,24.138161E,61,14.3,66
15739,T,220830,090015,60.311665N,24.138229E,61,13.7,69
15740,T,220830,090016,60.311657N,24.138302E,62,13.8,72
15741,T,220830,090017,60.311649N,24.138374E,61,13.5,74
15742,T,220830,090018,60.311642N,24.138445E,62,13.9,109
15743,T,220830,090019,60.311615N,24.138508E,62,13.0,135
15744,T,220830,090020,60.311596N,24.138565E,62,14.1,134
15745,T,220830,090021,60.311573N,24.138628E,63,14.2,133
15746,T,220830,090022,60.311550N,24.138687E,64,13.4,133
15747,T,220830,090023,60.311531N,24.138742E,65,12.0,130
15748,T,220830,090024,60.311512N,24.138796E,66,11.8,134
15749,T,220830,090025,60.311489N,24.138844E,67,11.9,137
15750,T,220830,090026,60.311459N,24.138889E,67,12.4,142
15751,T,220830,090027,60.311432N,24.138931E,68,12.3,144
15752,T,220830,090028,60.311405N,24.138973E,68,13.4,144
15753,T,220830,090029,60.311375N,24.139015E,68,13.5,145
15754,T,220830,090030,60.311344N,24.139055E,68,13.5,146
15755,T,220830,090031,60.311317N,24.139095E,68,13.5,145
15756,T,220830,090032,60.311287N,24.139137E,68,13.2,143
15757,T,220830,090033,60.311260N,24.139179E,68,13.1,143
15758,T,220830,090034,60.311234N,24.139221E,67,13.2,144
15759,T,220830,090035,60.311199N,24.139257E,67,13.3,145
15760,T,220830,090036,60.311169N,24.139297E,67,13.3,144
15761,T,220830,090037,60.311138N,24.139338E,67,12.8,148
15762,T,220830,090038,60.311111N,24.139378E,66,12.2,147
15763,T,220830,090039,60.311085N,24.139420E,66,12.9,147
15764,T,220830,090040,60.311054N,24.139458E,66,13.2,146
15765,T,220830,090041,60.311028N,24.139498E,66,13.3,145
15766,T,220830,090042,60.311001N,24.139540E,67,14.0,143
15767,T,220830,090043,60.310966N,24.139580E,67,13.9,144
15768,T,220830,090044,60.310940N,24.139620E,67,13.9,144
15769,T,220830,090045,60.310905N,24.139660E,67,13.1,144
15770,T,220830,090046,60.310879N,24.139698E,67,13.0,144
15771,T,220830,090047,60.310848N,24.139732E,67,12.2,144
15772,T,220830,090048,60.310825N,24.139771E,68,11.7,143
15773,T,220830,090049,60.310799N,24.139805E,68,11.2,143
15774,T,220830,090050,60.310780N,24.139835E,69,10.2,144
15775,T,220830,090051,60.310757N,24.139862E,69,10.8,145
15776,T,220830,090052,60.310734N,24.139889E,69,10.7,145
15777,T,220830,090053,60.310711N,24.139910E,70,10.7,157
15778,T,220830,090054,60.310688N,24.139933E,70,9.9,156
15779,T,220830,090055,60.310665N,24.139957E,70,10.1,155
15780,T,220830,090056,60.310638N,24.139984E,71,10.6,155
15781,T,220830,090057,60.310619N,24.140015E,72,9.9,152
15782,T,220830,090058,60.310600N,24.140036E,72,8.7,143
15783,T,220830,090059,60.310577N,24.140062E,72,10.0,144
15784,T,220830,090100,60.310551N,24.140093E,72,10.2,145
15785,T,220830,090101,60.310532N,24.140120E,72,9.3,144
15786,T,220830,090102,60.310513N,24.140148E,72,10.3,147
15787,T,220830,090103,60.310493N,24.140177E,73,9.6,144
15788,T,220830,090104,60.310471N,24.140203E,73,9.0,145
15789,T,220830,090105,60.310452N,24.140234E,74,9.5,143
15790,T,220830,090106,60.310436N,24.140265E,74,9.6,142
15791,T,220830,090107,60.310413N,24.140293E,73,10.1,148
15792,T,220830,090108,60.310390N,24.140320E,73,9.7,149
15793,T,220830,090109,60.310371N,24.140348E,73,10.2,145
15794,T,220830,090110,60.310352N,24.140385E,75,10.6,143
15795,T,220830,090111,60.310329N,24.140417E,75,11.2,144
15796,T,220830,090112,60.310307N,24.140455E,75,11.8,142
15797,T,220830,090113,60.310280N,24.140493E,75,12.2,142
15798,T,220830,090114,60.310257N,24.140532E,75,12.5,141
15799,T,220830,090115,60.310230N,24.140572E,75,12.5,141
15800,T,220830,090116,60.310200N,24.140621E,75,13.9,139
15801,T,220830,090117,60.310177N,24.140676E,75,15.2,137
15802,T,220830,090118,60.310146N,24.140734E,75,16.2,136
15803,T,220830,090119,60.310120N,24.140797E,75,16.3,134
15804,T,220830,090120,60.310089N,24.140856E,75,18.0,133
15805,T,220830,090121,60.310059N,24.140928E,76,18.6,127
15806,T,220830,090122,60.310032N,24.141006E,76,19.0,124
15807,T,220830,090123,60.310009N,24.141094E,76,19.0,119
15808,T,220830,090124,60.309986N,24.141176E,76,17.6,112
15809,T,220830,090125,60.309971N,24.141260E,77,17.2,109
15810,T,220830,090126,60.309959N,24.141342E,77,16.5,100
15811,T,220830,090127,60.309956N,24.141424E,78,14.4,94
15812,T,220830,090128,60.309959N,24.141499E,78,14.3,84
15813,T,220830,090129,60.309967N,24.141569E,79,14.2,79
15814,T,220830,090130,60.309975N,24.141647E,79,15.1,75
15815,T,220830,090131,60.309986N,24.141724E,79,15.1,70
15816,T,220830,090132,60.310001N,24.141798E,79,17.0,69
15817,T,220830,090133,60.310017N,24.141882E,79,17.1,70
15818,T,220830,090134,60.310032N,24.141964E,79,17.0,70
15819,T,220830,090135,60.310043N,24.142044E,79,16.9,71
15820,T,220830,090136,60.310059N,24.142134E,79,17.8,68
15821,T,220830,090137,60.310078N,24.142223E,79,18.7,74
15822,T,220830,090138,60.310089N,24.142321E,79,19.7,75
15823,T,220830,090139,60.310101N,24.142420E,79,20.2,78
15824,T,220830,090140,60.310112N,24.142525E,79,20.3,76
15825,T,220830,090141,60.310123N,24.142622E,80,20.4,76
15826,T,220830,090142,60.310139N,24.142719E,80,20.0,77
15827,T,220830,090143,60.310146N,24.142824E,79,20.5,77
15828,T,220830,090144,60.310162N,24.142925E,79,21.1,75
15829,T,220830,090145,60.310177N,24.143030E,79,21.0,69
15830,T,220830,090146,60.310192N,24.143133E,79,21.0,70
15831,T,220830,090147,60.310204N,24.143248E,78,21.0,70
15832,T,220830,090148,60.310219N,24.143358E,77,19.8,74
15833,T,220830,090149,60.310230N,24.143456E,77,19.5,74
15834,T,220830,090150,60.310246N,24.143559E,75,19.6,73
15835,T,220830,090151,60.310257N,24.143654E,75,18.9,78
15836,T,220830,090152,60.310265N,24.143745E,74,18.9,81
15837,T,220830,090153,60.310272N,24.143848E,73,20.1,83
15838,T,220830,090154,60.310280N,24.143951E,73,20.4,84
15839,T,220830,090155,60.310284N,24.144058E,72,21.1,81
15840,T,220830,090156,60.310291N,24.144176E,71,24.0,81
15841,T,220830,090157,60.310299N,24.144300E,69,25.8,80
15842,T,220830,090158,60.310310N,24.144434E,68,27.5,81
15843,T,220830,090159,60.310322N,24.144575E,67,28.9,81
15844,T,220830,090200,60.310333N,24.144716E,66,28.9,80
15845,T,220830,090201,60.310349N,24.144855E,65,28.8,79
15846,T,220830,090202,60.310360N,24.144997E,65,27.9,78
15847,T,220830,090203,60.310375N,24.145130E,64,26.8,77
15848,T,220830,090204,60.310387N,24.145258E,64,24.9,76
15849,T,220830,090205,60.310398N,24.145374E,64,21.6,76
15850,T,220830,090206,60.310413N,24.145479E,63,22.1,77
15851,T,220830,090207,60.310421N,24.145596E,62,24.0,78
15852,T,220830,090208,60.310429N,24.145723E,61,26.5,79
15853,T,220830,090209,60.310429N,24.145866E,60,28.1,80
15854,T,220830,090210,60.310425N,24.146025E,59,31.6,81
15855,T,220830,090211,60.310421N,24.146196E,57,35.1,82
15856,T,220830,090212,60.310410N,24.146379E,56,37.4,83
15857,T,220830,090213,60.310390N,24.146574E,54,39.5,85
15858,T,220830,090214,60.310379N,24.146770E,54,39.1,86
15859,T,220830,090215,60.310360N,24.146963E,53,38.6,87
15860,T,220830,090216,60.310349N,24.147156E,53,37.9,89
15861,T,220830,090217,60.310329N,24.147345E,52,37.2,90
15862,T,220830,090218,60.310314N,24.147530E,52,36.3,91
15863,T,220830,090219,60.310299N,24.147711E,51,35.6,92
15864,T,220830,090220,60.310280N,24.147884E,51,35.0,93
15865,T,220830,090221,60.310268N,24.148060E,50,34.4,93
15866,T,220830,090222,60.310249N,24.148230E,50,33.6,94
15867,T,220830,090223,60.310230N,24.148396E,49,32.7,95
15868,T,220830,090224,60.310219N,24.148556E,49,31.8,97
15869,T,220830,090225,60.310204N,24.148714E,49,30.9,98
15870,T,220830,090226,60.310192N,24.148865E,49,29.6,99
15871,T,220830,090227,60.310177N,24.149012E,48,28.5,101
15872,T,220830,090228,60.310162N,24.149151E,48,27.3,101
15873,T,220830,090229,60.310150N,24.149284E,48,26.4,100
15874,T,220830,090230,60.310139N,24.149408E,48,25.2,100
15875,T,220830,090231,60.310127N,24.149530E,48,24.2,100
15876,T,220830,090232,60.310116N,24.149647E,47,22.9,99
15877,T,220830,090233,60.310108N,24.149755E,47,21.6,99
15878,T,220830,090234,60.310101N,24.149858E,47,20.9,99
15879,T,220830,090235,60.310089N,24.149961E,47,21.0,99
15880,T,220830,090236,60.310081N,24.150064E,47,21.4,100
15881,T,220830,090237,60.310074N,24.150169E,47,21.8,100
15882,T,220830,090238,60.310059N,24.150278E,47,21.8,100
15883,T,220830,090239,60.310051N,24.150389E,47,22.2,99
15884,T,220830,090240,60.310047N,24.150503E,46,23.0,98
15885,T,220830,090241,60.310036N,24.150620E,46,24.2,98
15886,T,220830,090242,60.310028N,24.150743E,45,25.5,98
15887,T,220830,090243,60.310017N,24.150875E,45,26.5,98
15888,T,220830,090244,60.310009N,24.151007E,45,26.6,99
15889,T,220830,090245,60.309998N,24.151138E,45,26.0,99
15890,T,220830,090246,60.309982N,24.151266E,44,25.1,98
15891,T,220830,090247,60.309975N,24.151388E,44,23.8,98
15892,T,220830,090248,60.309967N,24.151505E,45,22.5,98
15893,T,220830,090249,60.309959N,24.151613E,45,21.7,99
15894,T,220830,090250,60.309948N,24.151716E,45,20.5,100
15895,T,220830,090251,60.309940N,24.151814E,45,18.2,99
15896,T,220830,090252,60.309937N,24.151896E,46,15.6,99
15897,T,220830,090253,60.309929N,24.151964E,46,12.7,99
15898,T,220830,090254,60.309925N,24.152020E,47,11.0,100
15899,T,220830,090255,60.309921N,24.152067E,47,9.6,100
15900,T,220830,090256,60.309917N,24.152115E,47,9.2,100
15901,T,220830,090257,60.309910N,24.152149E,47,9.2,107
15902,T,220830,090258,60.309898N,24.152187E,48,9.5,108
15903,T,220830,090259,60.309891N,24.152227E,48,9.4,106
15904,T,220830,090300,60.309883N,24.152271E,49,9.4,107
15905,T,220830,090301,60.309879N,24.152315E,49,9.0,104
15906,T,220830,090302,60.309875N,24.152355E,49,8.9,103
15907,T,220830,090303,60.309872N,24.152395E,50,8.3,111
15908,T,220830,090304,60.309860N,24.152433E,50,8.8,108
15909,T,220830,090305,60.309856N,24.152473E,50,8.8,108
15910,T,220830,090306,60.309849N,24.152514E,50,8.8,110
15911,T,220830,090307,60.309841N,24.152555E,51,9.3,109
15912,T,220830,090308,60.309834N,24.152601E,51,9.6,109
15913,T,220830,090309,60.309826N,24.152643E,51,9.5,110
15914,T,220830,090310,60.309814N,24.152693E,52,10.6,111
15915,T,220830,090311,60.309803N,24.152742E,52,10.6,110
15916,T,220830,090312,60.309795N,24.152790E,52,10.6,111
15917,T,220830,090313,60.309784N,24.152840E,52,10.7,110
15918,T,220830,090314,60.309776N,24.152891E,52,10.8,110
15919,T,220830,090315,60.309769N,24.152943E,53,10.8,109
15920,T,220830,090316,60.309761N,24.152992E,53,10.9,108
15921,T,220830,090317,60.309753N,24.153044E,53,10.9,102
15922,T,220830,090318,60.309746N,24.153097E,53,11.0,101
15923,T,220830,090319,60.309738N,24.153156E,53,11.5,100
15924,T,220830,090320,60.309731N,24.153210E,53,11.5,103
15925,T,220830,090321,60.309727N,24.153267E,53,11.4,102
15926,T,220830,090322,60.309719N,24.153324E,54,11.5,102
15927,T,220830,090323,60.309715N,24.153381E,54,11.5,101
15928,T,220830,090324,60.309711N,24.153444E,54,12.5,98
15929,T,220830,090325,60.309704N,24.153507E,54,12.5,99
15930,T,220830,090326,60.309700N,24.153574E,55,12.8,100
15931,T,220830,090327,60.309692N,24.153637E,55,13.3,100
15932,T,220830,090328,60.309689N,24.153702E,55,13.2,100
15933,T,220830,090329,60.309681N,24.153769E,55,12.9,100
15934,T,220830,090330,60.309677N,24.153828E,56,12.1,100
15935,T,220830,090331,60.309673N,24.153894E,56,12.8,93
15936,T,220830,090332,60.309669N,24.153955E,56,11.9,94
15937,T,220830,090333,60.309669N,24.154016E,57,11.8,96
15938,T,220830,090334,60.309666N,24.154076E,57,11.8,97
15939,T,220830,090335,60.309662N,24.154137E,57,11.5,100
15940,T,220830,090336,60.309654N,24.154190E,58,11.0,99
15941,T,220830,090337,60.309650N,24.154243E,58,10.9,99
15942,T,220830,090338,60.309647N,24.154299E,58,10.4,99
15943,T,220830,090339,60.309639N,24.154352E,58,10.7,99
15944,T,220830,090340,60.309635N,24.154404E,58,10.7,97
15945,T,220830,090341,60.309631N,24.154457E,58,10.7,98
15946,T,220830,090342,60.309624N,24.154512E,58,10.6,99
15947,T,220830,090343,60.309620N,24.154562E,58,9.5,100
15948,T,220830,090344,60.309616N,24.154612E,58,10.0,100
15949,T,220830,090345,60.309612N,24.154663E,59,10.7,101
15950,T,220830,090346,60.309605N,24.154718E,59,10.5,102
15951,T,220830,090347,60.309601N,24.154772E,60,11.2,97
15952,T,220830,090348,60.309593N,24.154831E,60,10.8,100
15953,T,220830,090349,60.309586N,24.154884E,61,10.6,101
15954,T,220830,090350,60.309582N,24.154938E,61,10.7,100
15955,T,220830,090351,60.309574N,24.154999E,62,11.6,99
15956,T,220830,090352,60.309570N,24.155058E,62,12.1,98
15957,T,220830,090353,60.309566N,24.155123E,62,12.0,98
15958,T,220830,090354,60.309563N,24.155184E,63,12.1,97
15959,T,220830,090355,60.309563N,24.155245E,63,11.2,97
15960,T,220830,090356,60.309559N,24.155306E,63,12.5,98
15961,T,220830,090357,60.309555N,24.155371E,64,12.5,98
15962,T,220830,090358,60.309551N,24.155432E,64,11.9,99
15963,T,220830,090359,60.309540N,24.155499E,64,11.5,99
15964,T,220830,090400,60.309536N,24.155563E,64,11.5,92
15965,T,220830,090401,60.309528N,24.155626E,65,11.2,94
15966,T,220830,090402,60.309525N,24.155685E,65,11.3,95
15967,T,220830,090403,60.309525N,24.155741E,65,9.5,93
15968,T,220830,090404,60.309521N,24.155788E,65,9.6,93
15969,T,220830,090405,60.309521N,24.155842E,65,10.4,93
15970,T,220830,090406,60.309517N,24.155895E,64,10.0,93
15971,T,220830,090407,60.309517N,24.155945E,65,9.8,93
15972,T,220830,090408,60.309513N,24.155994E,65,9.2,94
15973,T,220830,090409,60.309513N,24.156044E,66,9.3,94
15974,T,220830,090410,60.309502N,24.156086E,67,9.4,95
15975,T,220830,090411,60.309498N,24.156132E,68,9.5,96
15976,T,220830,090412,60.309486N,24.156179E,68,9.5,97
15977,T,220830,090413,60.309479N,24.156233E,69,8.9,101
15978,T,220830,090414,60.309471N,24.156277E,69,8.9,102
15979,T,220830,090415,60.309464N,24.156321E,69,8.1,102
15980,T,220830,090416,60.309460N,24.156361E,70,8.1,106
15981,T,220830,090417,60.309452N,24.156401E,69,8.0,104
15982,T,220830,090418,60.309448N,24.156445E,69,8.9,103
15983,T,220830,090419,60.309441N,24.156488E,68,9.0,105
15984,T,220830,090420,60.309433N,24.156534E,68,9.2,104
15985,T,220830,090421,60.309429N,24.156578E,68,9.2,104
15986,T,220830,090422,60.309422N,24.156624E,68,9.2,105
15987,T,220830,090423,60.309422N,24.156664E,68,8.3,106
15988,T,220830,090424,60.309406N,24.156704E,69,8.2,116
15989,T,220830,090425,60.309399N,24.156742E,69,8.2,114
15990,T,220830,090426,60.309391N,24.156782E,69,7.4,112
15991,T,220830,090427,60.309383N,24.156820E,69,7.9,103
15992,T,220830,090428,60.309376N,24.156862E,69,8.0,104
15993,T,220830,090429,60.309368N,24.156902E,70,8.3,105
15994,T,220830,090430,60.309361N,24.156948E,71,8.4,106
15995,T,220830,090431,60.309353N,24.156988E,72,8.3,107
15996,T,220830,090432,60.309338N,24.157036E,72,9.0,109
15997,T,220830,090433,60.309319N,24.157084E,73,9.6,126
15998,T,220830,090434,60.309303N,24.157129E,74,9.5,125
15999,T,220830,090435,60.309288N,24.157179E,74,10.4,124
16000,T,220830,090436,60.309273N,24.157232E,75,11.0,122
16001,T,220830,090437,60.309254N,24.157286E,75,12.0,125
16002,T,220830,090438,60.309231N,24.157335E,75,10.4,124
16003,T,220830,090439,60.309216N,24.157375E,76,9.7,125
16004,T,220830,090440,60.309200N,24.157415E,76,9.2,127
16005,T,220830,090441,60.309189N,24.157452E,76,8.1,129
16006,T,220830,090442,60.309177N,24.157486E,77,7.6,131
16007,T,220830,090443,60.309158N,24.157516E,77,7.0,131
16008,T,220830,090444,60.309151N,24.157539E,76,5.8,131
16009,T,220830,090445,60.309139N,24.157564E,76,5.3,131
16010,T,220830,090446,60.309128N,24.157583E,76,5.2,131
16011,T,220830,090447,60.309120N,24.157606E,75,4.8,132
16012,T,220830,090448,60.309113N,24.157625E,75,4.0,132
16013,T,220830,090449,60.309109N,24.157644E,75,0.0,132
16014,T,220830,090450,60.309105N,24.157656E,75,0.0,132
16015,T,220830,090451,60.309101N,24.157658E,75,0.0,132
16016,T,220830,090452,60.309101N,24.157660E,74,0.0,132
16017,T,220830,090453,60.309101N,24.157658E,74,0.0,132
16018,T,220830,090454,60.309101N,24.157658E,74,0.0,132
16019,T,220830,090455,60.309101N,24.157658E,74,0.0,132
16020,T,220830,090456,60.309101N,24.157658E,74,0.0,132
16021,T,220830,090457,60.309101N,24.157658E,74,0.0,132
16022,T,220830,090458,60.309101N,24.157658E,74,0.0,132
16023,T,220830,090459,60.309093N,24.157669E,74,0.0,132
16024,T,220830,090500,60.309086N,24.157694E,74,7.1,133
16025,T,220830,090501,60.309067N,24.157736E,74,9.3,124
16026,T,220830,090502,60.309052N,24.157776E,74,10.8,125
16027,T,220830,090503,60.309032N,24.157818E,73,12.0,126
16028,T,220830,090504,60.309006N,24.157845E,73,10.6,130
16029,T,220830,090505,60.308975N,24.157843E,73,11.0,137
16030,T,220830,090506,60.308949N,24.157816E,73,12.8,144
16031,T,220830,090507,60.308914N,24.157776E,73,14.4,150
16032,T,220830,090508,60.308887N,24.157726E,73,15.3,157
16033,T,220830,090509,60.308857N,24.157677E,73,15.3,164
16034,T,220830,090510,60.308823N,24.157623E,73,15.3,170
16035,T,220830,090511,60.308792N,24.157576E,73,15.4,175
16036,T,220830,090512,60.308762N,24.157528E,73,15.8,180
16037,T,220830,090513,60.308727N,24.157482E,73,15.8,184
16038,T,220830,090514,60.308693N,24.157436E,72,16.7,188
16039,T,220830,090515,60.308655N,24.157385E,72,17.5,191
16040,T,220830,090516,60.308617N,24.157337E,72,18.5,208
16041,T,220830,090517,60.308567N,24.157295E,71,20.0,204
16042,T,220830,090518,60.308521N,24.157255E,71,21.8,200
16043,T,220830,090519,60.308464N,24.157221E,71,23.8,196
16044,T,220830,090520,60.308403N,24.157187E,70,25.5,194
16045,T,220830,090521,60.308338N,24.157158E,70,25.6,191
16046,T,220830,090522,60.308281N,24.157137E,70,23.1,189
16047,T,220830,090523,60.308228N,24.157116E,69,20.0,189
16048,T,220830,090524,60.308182N,24.157097E,69,16.7,190
16049,T,220830,090525,60.308144N,24.157082E,69,12.9,192
16050,T,220830,090526,60.308121N,24.157072E,69,9.8,185
16051,T,220830,090527,60.308090N,24.157064E,68,10.2,185
16052,T,220830,090528,60.308067N,24.157059E,68,9.4,186
16053,T,220830,090529,60.308044N,24.157055E,68,9.4,185
16054,T,220830,090530,60.308022N,24.157049E,68,12.2,185
16055,T,220830,090531,60.307983N,24.157042E,68,14.4,186
16056,T,220830,090532,60.307945N,24.157036E,68,15.2,186
16057,T,220830,090533,60.307903N,24.157026E,67,16.2,186
16058,T,220830,090534,60.307865N,24.157021E,67,17.5,186
16059,T,220830,090535,60.307819N,24.157015E,67,20.1,186
16060,T,220830,090536,60.307770N,24.157003E,66,20.0,187
16061,T,220830,090537,60.307720N,24.156994E,66,19.5,187
16062,T,220830,090538,60.307667N,24.156988E,66,21.1,180
16063,T,220830,090539,60.307617N,24.156982E,66,20.7,181
16064,T,220830,090540,60.307560N,24.156975E,65,21.5,184
16065,T,220830,090541,60.307503N,24.156967E,65,22.4,182
16066,T,220830,090542,60.307449N,24.156960E,66,23.5,183
16067,T,220830,090543,60.307392N,24.156950E,65,21.9,185
16068,T,220830,090544,60.307331N,24.156942E,65,23.2,185
16069,T,220830,090545,60.307278N,24.156935E,65,23.8,185
16070,T,220830,090546,60.307217N,24.156923E,65,23.8,185
16071,T,220830,090547,60.307156N,24.156919E,65,22.1,184
16072,T,220830,090548,60.307095N,24.156904E,65,24.3,185
16073,T,220830,090549,60.307037N,24.156881E,65,25.1,186
16074,T,220830,090550,60.306976N,24.156857E,64,24.1,188
16075,T,220830,090551,60.306908N,24.156836E,64,26.4,189
16076,T,220830,090552,60.306843N,24.156816E,64,25.6,190
16077,T,220830,090553,60.306782N,24.156788E,63,25.5,191
16078,T,220830,090554,60.306717N,24.156759E,63,24.3,193
16079,T,220830,090555,60.306656N,24.156725E,63,24.4,194
16080,T,220830,090556,60.306595N,24.156689E,63,24.3,196
16081,T,220830,090557,60.306541N,24.156652E,62,23.3,197
16082,T,220830,090558,60.306488N,24.156610E,63,22.6,205
16083,T,220830,090559,60.306431N,24.156567E,63,22.7,205
16084,T,220830,090600,60.306381N,24.156527E,63,22.6,203
16085,T,220830,090601,60.306320N,24.156485E,63,22.7,204
16086,T,220830,090602,60.306267N,24.156441E,63,22.6,204
16087,T,220830,090603,60.306210N,24.156401E,63,22.2,205
16088,T,220830,090604,60.306152N,24.156357E,63,21.7,205
16089,T,220830,090605,60.306110N,24.156315E,63,21.1,205
16090,T,220830,090606,60.306065N,24.156279E,64,17.8,203
16091,T,220830,090607,60.306019N,24.156248E,64,17.0,202
16092,T,220830,090608,60.305981N,24.156227E,64,16.2,200
16093,T,220830,090609,60.305943N,24.156225E,65,13.1,198
16094,T,220830,090610,60.305904N,24.156256E,67,13.2,196
16095,T,220830,090611,60.305874N,24.156290E,66,12.5,191
16096,T,220830,090612,60.305851N,24.156342E,66,14.4,186
16097,T,220830,090613,60.305832N,24.156414E,66,16.4,180
16098,T,220830,090614,60.305809N,24.156492E,66,19.0,174
16099,T,220830,090615,60.305782N,24.156584E,65,20.9,168
16100,T,220830,090616,60.305759N,24.156685E,65,21.8,163
16101,T,220830,090617,60.305740N,24.156782E,65,22.7,158
16102,T,220830,090618,60.305714N,24.156878E,66,22.1,124
16103,T,220830,090619,60.305679N,24.156963E,68,19.0,133
16104,T,220830,090620,60.305649N,24.157017E,68,16.7,149
16105,T,220830,090621,60.305611N,24.157043E,68,15.0,166
16106,T,220830,090622,60.305576N,24.157051E,68,14.4,176
16107,T,220830,090623,60.305538N,24.157049E,68,14.8,184
16108,T,220830,090624,60.305500N,24.157042E,68,15.5,185
16109,T,220830,090625,60.305462N,24.157036E,67,15.5,182
16110,T,220830,090626,60.305424N,24.157038E,67,16.2,174
16111,T,220830,090627,60.305386N,24.157051E,67,16.5,165
16112,T,220830,090628,60.305347N,24.157080E,67,15.9,152
16113,T,220830,090629,60.305317N,24.157124E,67,15.1,140
16114,T,220830,090630,60.305286N,24.157175E,68,14.3,130
16115,T,220830,090631,60.305271N,24.157234E,68,13.3,116
16116,T,220830,090632,60.305260N,24.157291E,68,12.0,101
16117,T,220830,090633,60.305252N,24.157352E,68,12.9,105
16118,T,220830,090634,60.305241N,24.157410E,68,12.1,103
16119,T,220830,090635,60.305237N,24.157475E,68,13.0,102
16120,T,220830,090636,60.305229N,24.157541E,68,13.3,99
16121,T,220830,090637,60.305225N,24.157614E,69,13.9,92
16122,T,220830,090638,60.305222N,24.157696E,69,15.8,94
16123,T,220830,090639,60.305222N,24.157772E,68,14.0,94
16124,T,220830,090640,60.305218N,24.157843E,68,14.0,95
16125,T,220830,090641,60.305210N,24.157913E,68,13.9,94
16126,T,220830,090642,60.305206N,24.157984E,68,13.8,94
16127,T,220830,090643,60.305206N,24.158054E,67,14.6,89
16128,T,220830,090644,60.305206N,24.158125E,68,14.6,91
16129,T,220830,090645,60.305202N,24.158195E,68,14.5,93
16130,T,220830,090646,60.305199N,24.158266E,68,15.0,94
16131,T,220830,090647,60.305195N,24.158337E,68,12.6,95
16132,T,220830,090648,60.305191N,24.158396E,68,11.5,97
16133,T,220830,090649,60.305187N,24.158457E,69,11.4,98
16134,T,220830,090650,60.305183N,24.158508E,69,9.5,100
16135,T,220830,090651,60.305180N,24.158560E,69,10.4,102
16136,T,220830,090652,60.305172N,24.158604E,69,7.8,105
16137,T,220830,090653,60.305168N,24.158649E,69,8.8,96
16138,T,220830,090654,60.305168N,24.158693E,69,7.5,97
16139,T,220830,090655,60.305161N,24.158735E,69,7.6,98
16140,T,220830,090656,60.305157N,24.158775E,69,7.5,102
16141,T,220830,090657,60.305149N,24.158815E,69,7.4,102
16142,T,220830,090658,60.305141N,24.158852E,69,7.4,103
16143,T,220830,090659,60.305138N,24.158894E,69,9.0,105
16144,T,220830,090700,60.305126N,24.158939E,69,8.8,106
16145,T,220830,090701,60.305119N,24.158981E,69,9.4,107
16146,T,220830,090702,60.305103N,24.159023E,69,9.4,108
16147,T,220830,090703,60.305092N,24.159069E,69,10.0,109
16148,T,220830,090704,60.305084N,24.159117E,71,9.5,109
16149,T,220830,090705,60.305069N,24.159168E,71,10.3,111
16150,T,220830,090706,60.305061N,24.159218E,72,10.3,111
16151,T,220830,090707,60.305054N,24.159269E,73,10.7,111
16152,T,220830,090708,60.305042N,24.159323E,73,10.1,112
16153,T,220830,090709,60.305035N,24.159382E,72,11.0,113
16154,T,220830,090710,60.305027N,24.159435E,73,10.8,112
16155,T,220830,090711,60.305019N,24.159491E,73,10.8,113
16156,T,220830,090712,60.305008N,24.159544E,73,10.6,112
16157,T,220830,090713,60.304996N,24.159594E,73,10.3,126
16158,T,220830,090714,60.304981N,24.159637E,73,11.4,136
16159,T,220830,090715,60.304955N,24.159678E,74,11.8,145
16160,T,220830,090716,60.304928N,24.159704E,73,12.4,163
16161,T,220830,090717,60.304897N,24.159719E,74,11.8,171
16162,T,220830,090718,60.304863N,24.159725E,74,13.3,177
16163,T,220830,090719,60.304829N,24.159739E,74,11.4,175
16164,T,220830,090720,60.304790N,24.159740E,73,14.1,176
16165,T,220830,090721,60.304756N,24.159739E,74,12.9,178
16166,T,220830,090722,60.304726N,24.159740E,74,11.8,181
16167,T,220830,090723,60.304691N,24.159742E,74,11.4,175
16168,T,220830,090724,60.304657N,24.159744E,74,13.0,178
16169,T,220830,090725,60.304619N,24.159746E,74,14.5,178
16170,T,220830,090726,60.304581N,24.159748E,73,14.8,179
16171,T,220830,090727,60.304539N,24.159750E,73,15.6,180
16172,T,220830,090728,60.304504N,24.159750E,73,15.1,179
16173,T,220830,090729,60.304462N,24.159752E,73,15.1,179
16174,T,220830,090730,60.304424N,24.159758E,73,16.1,177
16175,T,220830,090731,60.304382N,24.159763E,72,15.2,175
16176,T,220830,090732,60.304344N,24.159773E,72,16.2,174
16177,T,220830,090733,60.304298N,24.159777E,72,17.9,174
16178,T,220830,090734,60.304256N,24.159786E,72,16.7,174
16179,T,220830,090735,60.304207N,24.159792E,72,19.6,175
16180,T,220830,090736,60.304150N,24.159788E,71,22.2,177
16181,T,220830,090737,60.304089N,24.159792E,71,22.5,175
16182,T,220830,090738,60.304028N,24.159796E,70,24.6,176
16183,T,220830,090739,60.303955N,24.159792E,70,28.0,178
16184,T,220830,090740,60.303883N,24.159803E,69,27.7,170
16185,T,220830,090741,60.303818N,24.159821E,68,26.2,171
16186,T,220830,090742,60.303749N,24.159832E,68,24.8,172
16187,T,220830,090743,60.303680N,24.159842E,68,24.5,174
16188,T,220830,090744,60.303623N,24.159843E,68,21.8,181
16189,T,220830,090745,60.303570N,24.159840E,68,18.8,181
16190,T,220830,090746,60.303528N,24.159840E,68,14.4,179
16191,T,220830,090747,60.303493N,24.159843E,67,12.3,178
16192,T,220830,090748,60.303463N,24.159845E,67,9.8,180
16193,T,220830,090749,60.303440N,24.159843E,67,9.0,180
16194,T,220830,090750,60.303421N,24.159845E,67,6.9,186
16195,T,220830,090751,60.303398N,24.159843E,67,9.5,182
16196,T,220830,090752,60.303371N,24.159843E,67,10.2,180
16197,T,220830,090753,60.303345N,24.159849E,67,10.7,171
16198,T,220830,090754,60.303314N,24.159857E,66,10.8,172
16199,T,220830,090755,60.303284N,24.159864E,66,12.3,171
16200,T,220830,090756,60.303257N,24.159868E,66,11.7,173
16201,T,220830,090757,60.303226N,24.159870E,66,9.5,180
16202,T,220830,090758,60.303200N,24.159868E,66,10.0,178
16203,T,220830,090759,60.303173N,24.159866E,66,10.8,180
16204,T,220830,090800,60.303143N,24.159866E,66,10.4,179
16205,T,220830,090801,60.303120N,24.159864E,66,9.7,182
16206,T,220830,090802,60.303097N,24.159859E,66,7.7,192
16207,T,220830,090803,60.303074N,24.159847E,67,7.2,191
16208,T,220830,090804,60.303051N,24.159840E,67,5.8,193
16209,T,220830,090805,60.303040N,24.159836E,67,4.3,193
16210,T,220830,090806,60.303032N,24.159836E,67,0.0,193
16211,T,220830,090807,60.303020N,24.159824E,67,0.0,193
16212,T,220830,090808,60.303013N,24.159809E,68,5.4,194
16213,T,220830,090809,60.303001N,24.159794E,68,4.9,194
16214,T,220830,090810,60.302986N,24.159796E,68,3.9,195
16215,T,220830,090811,60.302994N,24.159813E,68,5.1,195
16216,T,220830,090812,60.303001N,24.159821E,68,4.2,195
16217,T,220830,090813,60.303009N,24.159824E,68,4.1,195
16218,T,220830,090814,60.303024N,24.159836E,68,6.3,29
16219,T,220830,090815,60.303040N,24.159855E,68,7.5,27
16220,T,220830,090816,60.303051N,24.159864E,68,6.4,26
16221,T,220830,090817,60.303078N,24.159868E,67,10.3,23
16222,T,220830,090818,60.303101N,24.159868E,67,9.3,357
16223,T,220830,090819,60.303123N,24.159864E,67,10.3,357
16224,T,220830,090820,60.303146N,24.159864E,67,8.5,357
16225,T,220830,090821,60.303169N,24.159861E,67,7.4,357
16226,T,220830,090822,60.303192N,24.159855E,67,8.5,355
16227,T,220830,090823,60.303211N,24.159843E,67,8.0,353
16228,T,220830,090824,60.303234N,24.159842E,67,8.5,352
16229,T,220830,090825,60.303257N,24.159832E,67,7.9,351
16230,T,220830,090826,60.303280N,24.159824E,67,7.9,349
16231,T,220830,090827,60.303303N,24.159822E,68,7.8,349
16232,T,220830,090828,60.303329N,24.159824E,68,7.8,349
16233,T,220830,090829,60.303352N,24.159821E,68,7.5,350
16234,T,220830,090830,60.303371N,24.159821E,68,6.2,352
16235,T,220830,090831,60.303391N,24.159817E,68,7.4,0
16236,T,220830,090832,60.303417N,24.159817E,68,7.4,358
16237,T,220830,090833,60.303440N,24.159817E,69,8.4,357
16238,T,220830,090834,60.303467N,24.159817E,69,9.7,357
16239,T,220830,090835,60.303501N,24.159813E,69,11.2,358
16240,T,220830,090836,60.303528N,24.159805E,69,10.4,354
16241,T,220830,090837,60.303551N,24.159796E,69,9.9,354
16242,T,220830,090838,60.303593N,24.159794E,69,10.5,353
16243,T,220830,090839,60.303638N,24.159788E,70,12.7,351
16244,T,220830,090840,60.303673N,24.159782E,70,11.5,354
16245,T,220830,090841,60.303707N,24.159779E,69,11.8,353
16246,T,220830,090842,60.303753N,24.159777E,70,11.9,351
16247,T,220830,090843,60.303787N,24.159767E,70,13.0,350
16248,T,220830,090844,60.303822N,24.159758E,70,10.8,350
16249,T,220830,090845,60.303860N,24.159748E,69,12.6,347
16250,T,220830,090846,60.303902N,24.159740E,69,13.6,352
16251,T,220830,090847,60.303940N,24.159737E,70,13.5,353
16252,T,220830,090848,60.303974N,24.159735E,71,10.3,357
16253,T,220830,090849,60.304005N,24.159727E,71,9.4,354
16254,T,220830,090850,60.304039N,24.159727E,72,8.9,354
16255,T,220830,090851,60.304073N,24.159737E,73,8.6,5
16256,T,220830,090852,60.304104N,24.159740E,74,8.7,2
16257,T,220830,090853,60.304127N,24.159739E,74,7.6,352
16258,T,220830,090854,60.304157N,24.159735E,74,9.0,354
16259,T,220830,090855,60.304184N,24.159733E,75,8.9,357
16260,T,220830,090856,60.304218N,24.159737E,74,11.3,359
16261,T,220830,090857,60.304256N,24.159737E,75,11.3,357
16262,T,220830,090858,60.304295N,24.159739E,75,13.1,1
16263,T,220830,090859,60.304337N,24.159737E,75,12.5,353
16264,T,220830,090900,60.304371N,24.159737E,75,12.2,2
16265,T,220830,090901,60.304409N,24.159737E,75,13.1,2
16266,T,220830,090902,60.304447N,24.159735E,76,14.1,357
16267,T,220830,090903,60.304489N,24.159731E,75,13.5,357
16268,T,220830,090904,60.304523N,24.159733E,75,14.7,2
16269,T,220830,090905,60.304565N,24.159733E,76,14.3,1
16270,T,220830,090906,60.304600N,24.159737E,77,13.8,2
16271,T,220830,090907,60.304642N,24.159735E,76,15.1,1
16272,T,220830,090908,60.304680N,24.159727E,76,16.0,1
16273,T,220830,090909,60.304726N,24.159721E,76,13.3,347
16274,T,220830,090910,60.304771N,24.159714E,76,14.9,348
16275,T,220830,090911,60.304813N,24.159704E,76,13.8,345
16276,T,220830,090912,60.304848N,24.159695E,75,11.8,344
16277,T,220830,090913,60.304874N,24.159674E,75,11.5,343
16278,T,220830,090914,60.304901N,24.159651E,75,10.6,343
16279,T,220830,090915,60.304928N,24.159624E,76,11.1,341
16280,T,220830,090916,60.304943N,24.159580E,76,11.6,338
16281,T,220830,090917,60.304958N,24.159531E,77,11.1,335
16282,T,220830,090918,60.304977N,24.159477E,77,11.5,332
16283,T,220830,090919,60.304989N,24.159428E,77,11.4,329
16284,T,220830,090920,60.305004N,24.159370E,78,13.3,326
16285,T,220830,090921,60.305023N,24.159304E,78,15.5,323
16286,T,220830,090922,60.305038N,24.159237E,78,14.7,320
16287,T,220830,090923,60.305061N,24.159164E,78,15.5,317
16288,T,220830,090924,60.305080N,24.159086E,78,16.6,315
16289,T,220830,090925,60.305096N,24.159004E,78,16.7,312
16290,T,220830,090926,60.305115N,24.158924E,78,17.1,310
16291,T,220830,090927,60.305134N,24.158833E,77,18.1,308
16292,T,220830,090928,60.305145N,24.158722E,75,20.1,282
16293,T,220830,090929,60.305157N,24.158604E,74,23.3,281
16294,T,220830,090930,60.305168N,24.158476E,73,27.1,278
16295,T,220830,090931,60.305180N,24.158335E,72,29.5,277
16296,T,220830,090932,60.305191N,24.158188E,72,30.1,272
16297,T,220830,090933,60.305195N,24.158047E,71,28.5,271
16298,T,220830,090934,60.305199N,24.157911E,71,27.1,270
16299,T,220830,090935,60.305202N,24.157776E,71,26.5,272
16300,T,220830,090936,60.305206N,24.157644E,71,25.1,274
16301,T,220830,090937,60.305222N,24.157528E,70,22.3,276
16302,T,220830,090938,60.305233N,24.157419E,70,20.5,280
16303,T,220830,090939,60.305244N,24.157316E,69,19.3,292
16304,T,220830,090940,60.305275N,24.157215E,68,20.1,306
16305,T,220830,090941,60.305321N,24.157139E,68,21.4,321
16306,T,220830,090942,60.305370N,24.157076E,67,22.9,339
16307,T,220830,090943,60.305428N,24.157045E,67,21.5,354
16308,T,220830,090944,60.305481N,24.157049E,67,19.3,7
16309,T,220830,090945,60.305523N,24.157064E,67,17.7,7
16310,T,220830,090946,60.305569N,24.157064E,66,16.5,355
16311,T,220830,090947,60.305611N,24.157059E,65,18.2,355
16312,T,220830,090948,60.305656N,24.157032E,64,17.1,353
16313,T,220830,090949,60.305691N,24.156975E,63,19.2,314
16314,T,220830,090950,60.305729N,24.156898E,63,20.7,304
16315,T,220830,090951,60.305756N,24.156809E,62,22.0,299
16316,T,220830,090952,60.305779N,24.156712E,62,20.6,292
16317,T,220830,090953,60.305801N,24.156618E,63,19.8,292
16318,T,220830,090954,60.305813N,24.156538E,63,15.5,289
16319,T,220830,090955,60.305824N,24.156469E,63,13.3,290
16320,T,220830,090956,60.305836N,24.156416E,64,11.2,300
16321,T,220830,090957,60.305847N,24.156374E,64,8.6,298
16322,T,220830,090958,60.305859N,24.156336E,64,8.7,298
16323,T,220830,090959,60.305874N,24.156301E,65,7.5,301
16324,T,220830,091000,60.305885N,24.156284E,65,6.2,304
16325,T,220830,091001,60.305901N,24.156275E,66,6.1,308
16326,T,220830,091002,60.305912N,24.156265E,66,4.7,309
16327,T,220830,091003,60.305916N,24.156263E,66,0.0,309
16328,T,220830,091004,60.305920N,24.156260E,66,0.0,309
16329,T,220830,091005,60.305916N,24.156260E,66,0.0,309
16330,T,220830,091006,60.305916N,24.156256E,66,0.0,309
16331,T,220830,091007,60.305916N,24.156256E,66,0.0,309
16332,T,220830,091008,60.305916N,24.156256E,66,0.0,309
16333,T,220830,091009,60.305916N,24.156256E,66,0.0,309
16334,T,220830,091010,60.305916N,24.156256E,66,0.0,309
16335,T,220830,091011,60.305916N,24.156256E,66,0.0,309
16336,T,220830,091012,60.305916N,24.156256E,66,0.0,309
16337,T,220830,091013,60.305916N,24.156256E,66,0.0,309
16338,T,220830,091014,60.305916N,24.156256E,66,0.0,309
16339,T,220830,091015,60.305916N,24.156256E,66,0.0,309
16340,T,220830,091016,60.305916N,24.156256E,66,0.0,309
16341,T,220830,091017,60.305916N,24.156256E,66,0.0,309
16342,T,220830,091018,60.305916N,24.156256E,66,0.0,309
16343,T,220830,091019,60.305916N,24.156256E,66,0.0,309
16344,T,220830,091020,60.305916N,24.156256E,66,0.0,309
16345,T,220830,091021,60.305916N,24.156256E,66,0.0,309
16346,T,220830,091022,60.305916N,24.156256E,66,0.0,309
16347,T,220830,091023,60.305916N,24.156256E,66,0.0,309
16348,T,220830,091024,60.305916N,24.156256E,66,0.0,309
16349,T,220830,091025,60.305916N,24.156256E,66,0.0,309
16350,T,220830,091026,60.305916N,24.156256E,66,0.0,309
16351,T,220830,091027,60.305916N,24.156256E,66,0.0,309
16352,T,220830,091028,60.305916N,24.156256E,66,0.0,309
16353,T,220830,091029,60.305916N,24.156256E,66,0.0,309
16354,T,220830,091030,60.305916N,24.156256E,66,0.0,309
16355,T,220830,091031,60.305916N,24.156256E,66,0.0,309
16356,T,220830,091032,60.305916N,24.156256E,66,0.0,309
16357,T,220830,091033,60.305916N,24.156256E,66,0.0,309
16358,T,220830,091034,60.305916N,24.156256E,66,0.0,309
16359,T,220830,091035,60.305916N,24.156256E,66,0.0,309
16360,T,220830,091036,60.305916N,24.156256E,66,0.0,309
16361,T,220830,091037,60.305916N,24.156256E,66,0.0,309
16362,T,220830,091038,60.305916N,24.156256E,66,0.0,309
16363,T,220830,091039,60.305916N,24.156256E,66,0.0,309
16364,T,220830,091040,60.305916N,24.156256E,66,0.0,309
16365,T,220830,091041,60.305916N,24.156256E,66,0.0,309
16366,T,220830,091042,60.305916N,24.156256E,66,0.0,309
16367,T,220830,091043,60.305916N,24.156256E,66,0.0,309
16368,T,220830,091044,60.305916N,24.156256E,66,0.0,309
16369,T,220830,091045,60.305916N,24.156256E,66,0.0,309
16370,T,220830,091046,60.305916N,24.156256E,66,0.0,309
16371,T,220830,091047,60.305916N,24.156256E,66,0.0,309
16372,T,220830,091048,60.305916N,24.156256E,66,0.0,309
16373,T,220830,091049,60.305916N,24.156256E,66,0.0,309
16374,T,220830,091050,60.305916N,24.156256E,66,0.0,309
16375,T,220830,091051,60.305916N,24.156256E,66,0.0,309
16376,T,220830,091052,60.305916N,24.156256E,66,0.0,309
16377,T,220830,091053,60.305916N,24.156256E,66,0.0,309
16378,T,220830,091054,60.305916N,24.156256E,66,0.0,309
16379,T,220830,091055,60.305916N,24.156256E,66,0.0,309
16380,T,220830,091056,60.305916N,24.156256E,66,0.0,309
16381,T,220830,091057,60.305916N,24.156256E,66,0.0,309
16382,T,220830,091058,60.305916N,24.156256E,66,0.0,309
16383,T,220830,091059,60.305916N,24.156256E,66,0.0,309
16384,T,220830,091100,60.305916N,24.156256E,66,0.0,309
16385,T,220830,091101,60.305916N,24.156256E,66,0.0,309
16386,T,220830,091102,60.305916N,24.156256E,66,0.0,309
16387,T,220830,091103,60.305916N,24.156256E,66,0.0,309
16388,T,220830,091104,60.305916N,24.156256E,66,0.0,309
16389,T,220830,091105,60.305916N,24.156256E,66,0.0,309
16390,T,220830,091106,60.305916N,24.156256E,66,0.0,309
16391,T,220830,091107,60.305916N,24.156256E,66,0.0,309
16392,T,220830,091108,60.305916N,24.156256E,66,0.0,309
16393,T,220830,091109,60.305916N,24.156256E,66,0.0,309
16394,T,220830,091110,60.305916N,24.156256E,66,0.0,309
16395,T,220830,091111,60.305916N,24.156256E,66,0.0,309
16396,T,220830,091112,60.305916N,24.156256E,66,0.0,309
16397,T,220830,091113,60.305916N,24.156256E,66,0.0,309
16398,T,220830,091114,60.305916N,24.156256E,66,0.0,309
16399,T,220830,091115,60.305916N,24.156256E,66,0.0,309
16400,T,220830,091116,60.305916N,24.156256E,66,0.0,309
16401,T,220830,091117,60.305916N,24.156256E,66,0.0,309
16402,T,220830,091118,60.305916N,24.156256E,66,0.0,309
16403,T,220830,091119,60.305916N,24.156256E,66,0.0,309
16404,T,220830,091120,60.305916N,24.156256E,66,0.0,309
16405,T,220830,091121,60.305916N,24.156256E,66,0.0,309
16406,T,220830,091122,60.305916N,24.156256E,66,0.0,309
16407,T,220830,091123,60.305916N,24.156256E,66,0.0,309
16408,T,220830,091124,60.305916N,24.156256E,66,0.0,309
16409,T,220830,091125,60.305916N,24.156256E,66,0.0,309
16410,T,220830,091126,60.305916N,24.156256E,66,0.0,309
16411,T,220830,091127,60.305916N,24.156256E,66,0.0,309
16412,T,220830,091128,60.305916N,24.156256E,66,0.0,309
16413,T,220830,091129,60.305916N,24.156256E,66,0.0,309
16414,T,220830,091130,60.305916N,24.156256E,66,0.0,309
16415,T,220830,091131,60.305916N,24.156256E,66,0.0,309
16416,T,220830,091132,60.305916N,24.156256E,66,0.0,309
16417,T,220830,091133,60.305916N,24.156256E,66,0.0,309
16418,T,220830,091134,60.305916N,24.156256E,66,0.0,309
16419,T,220830,091135,60.305916N,24.156256E,66,0.0,309
16420,T,220830,091136,60.305916N,24.156256E,66,0.0,309
16421,T,220830,091137,60.305916N,24.156256E,66,0.0,309
16422,T,220830,091138,60.305916N,24.156256E,66,0.0,309
16423,T,220830,091139,60.305916N,24.156256E,66,0.0,309
16424,T,220830,091140,60.305916N,24.156256E,66,0.0,309
16425,T,220830,091141,60.305916N,24.156254E,66,4.1,311
16426,T,220830,091142,60.305912N,24.156218E,66,8.5,233
16427,T,220830,091143,60.305893N,24.156160E,66,11.6,217
16428,T,220830,091144,60.305866N,24.156111E,65,12.9,210
16429,T,220830,091145,60.305836N,24.156069E,65,14.5,207
16430,T,220830,091146,60.305801N,24.156027E,65,15.4,208
16431,T,220830,091147,60.305763N,24.155979E,65,16.5,211
16432,T,220830,091148,60.305729N,24.155930E,65,17.0,212
16433,T,220830,091149,60.305691N,24.155884E,65,17.1,212
16434,T,220830,091150,60.305656N,24.155836E,65,17.2,213
16435,T,220830,091151,60.305618N,24.155792E,65,17.2,214
16436,T,220830,091152,60.305580N,24.155743E,65,17.9,215
16437,T,220830,091153,60.305546N,24.155687E,65,18.2,216
16438,T,220830,091154,60.305508N,24.155636E,65,18.6,215
16439,T,220830,091155,60.305470N,24.155584E,66,18.5,215
16440,T,220830,091156,60.305428N,24.155527E,66,18.1,215
16441,T,220830,091157,60.305393N,24.155478E,66,17.6,215
16442,T,220830,091158,60.305355N,24.155424E,66,17.5,216
16443,T,220830,091159,60.305321N,24.155373E,66,17.2,217
16444,T,220830,091200,60.305286N,24.155317E,66,17.1,217
16445,T,220830,091201,60.305252N,24.155266E,66,17.1,218
16446,T,220830,091202,60.305222N,24.155216E,66,17.2,218
16447,T,220830,091203,60.305183N,24.155165E,66,18.4,218
16448,T,220830,091204,60.305149N,24.155106E,66,18.4,218
16449,T,220830,091205,60.305107N,24.155050E,66,18.5,217
16450,T,220830,091206,60.305069N,24.154993E,66,20.7,217
16451,T,220830,091207,60.305027N,24.154924E,66,20.8,218
16452,T,220830,091208,60.304977N,24.154858E,66,24.4,210
16453,T,220830,091209,60.304928N,24.154797E,66,21.7,210
16454,T,220830,091210,60.304890N,24.154732E,66,21.3,211
16455,T,220830,091211,60.304844N,24.154667E,66,21.7,214
16456,T,220830,091212,60.304798N,24.154604E,66,21.7,213
16457,T,220830,091213,60.304752N,24.154551E,66,21.1,210
16458,T,220830,091214,60.304703N,24.154486E,66,22.5,211
16459,T,220830,091215,60.304649N,24.154436E,66,22.0,210
16460,T,220830,091216,60.304600N,24.154390E,66,21.1,209
16461,T,220830,091217,60.304550N,24.154350E,66,21.0,208
16462,T,220830,091218,60.304501N,24.154305E,66,20.9,206
16463,T,220830,091219,60.304447N,24.154264E,66,22.4,205
16464,T,220830,091220,60.304398N,24.154224E,66,23.5,204
16465,T,220830,091221,60.304337N,24.154194E,66,23.2,203
16466,T,220830,091222,60.304279N,24.154160E,66,23.1,202
16467,T,220830,091223,60.304230N,24.154123E,66,21.7,200
16468,T,220830,091224,60.304169N,24.154093E,66,23.7,198
16469,T,220830,091225,60.304115N,24.154058E,66,22.5,196
16470,T,220830,091226,60.304062N,24.154026E,66,22.9,196
16471,T,220830,091227,60.304005N,24.153994E,66,22.9,195
16472,T,220830,091228,60.303944N,24.153961E,65,22.9,196
16473,T,220830,091229,60.303886N,24.153925E,65,23.0,197
16474,T,220830,091230,60.303833N,24.153891E,65,24.2,197
16475,T,220830,091231,60.303768N,24.153856E,65,24.9,198
16476,T,220830,091232,60.303711N,24.153812E,64,24.9,199
16477,T,220830,091233,60.303658N,24.153767E,64,24.9,200
16478,T,220830,091234,60.303600N,24.153727E,65,24.5,199
16479,T,220830,091235,60.303543N,24.153690E,65,22.8,198
16480,T,220830,091236,60.303490N,24.153654E,65,22.7,198
16481,T,220830,091237,60.303436N,24.153614E,65,22.1,198
16482,T,220830,091238,60.303379N,24.153576E,65,23.2,198
16483,T,220830,091239,60.303329N,24.153536E,65,20.3,198
16484,T,220830,091240,60.303280N,24.153503E,65,20.5,198
16485,T,220830,091241,60.303234N,24.153463E,65,19.2,198
16486,T,220830,091242,60.303192N,24.153437E,65,17.9,198
16487,T,220830,091243,60.303143N,24.153406E,65,20.0,198
16488,T,220830,091244,60.303101N,24.153372E,65,19.7,204
16489,T,220830,091245,60.303051N,24.153332E,65,20.0,202
16490,T,220830,091246,60.303005N,24.153299E,65,20.1,202
16491,T,220830,091247,60.302956N,24.153269E,64,21.0,199
16492,T,220830,091248,60.302902N,24.153236E,64,21.6,200
16493,T,220830,091249,60.302853N,24.153196E,63,22.6,201
16494,T,220830,091250,60.302799N,24.153151E,63,23.3,201
16495,T,220830,091251,60.302738N,24.153105E,63,23.7,201
16496,T,220830,091252,60.302689N,24.153055E,62,22.5,202
16497,T,220830,091253,60.302639N,24.153009E,62,23.1,203
16498,T,220830,091254,60.302589N,24.152962E,62,22.1,203
16499,T,220830,091255,60.302540N,24.152912E,62,22.0,204
16500,T,220830,091256,60.302490N,24.152863E,61,21.6,205
16501,T,220830,091257,60.302448N,24.152807E,62,21.5,207
16502,T,220830,091258,60.302399N,24.152756E,62,21.5,207
16503,T,220830,091259,60.302353N,24.152710E,62,21.5,207
16504,T,220830,091300,60.302303N,24.152662E,62,22.0,207
16505,T,220830,091301,60.302258N,24.152617E,62,20.9,206
16506,T,220830,091302,60.302208N,24.152571E,62,21.2,206
16507,T,220830,091303,60.302155N,24.152519E,62,21.8,206
16508,T,220830,091304,60.302113N,24.152470E,62,21.0,207
16509,T,220830,091305,60.302063N,24.152414E,62,21.1,207
16510,T,220830,091306,60.302017N,24.152355E,62,21.8,208
16511,T,220830,091307,60.301971N,24.152294E,61,21.9,209
16512,T,220830,091308,60.301926N,24.152229E,61,23.0,210
16513,T,220830,091309,60.301872N,24.152164E,61,23.4,212
16514,T,220830,091310,60.301823N,24.152100E,61,23.8,214
16515,T,220830,091311,60.301773N,24.152025E,61,24.1,216
16516,T,220830,091312,60.301723N,24.151955E,60,24.2,216
16517,T,220830,091313,60.301678N,24.151882E,60,22.9,217
16518,T,220830,091314,60.301632N,24.151812E,60,22.0,218
16519,T,220830,091315,60.301586N,24.151745E,61,22.1,218
16520,T,220830,091316,60.301540N,24.151665E,61,21.8,220
16521,T,220830,091317,60.301498N,24.151592E,62,21.4,219
16522,T,220830,091318,60.301460N,24.151524E,62,21.0,220
16523,T,220830,091319,60.301418N,24.151461E,62,18.7,219
16524,T,220830,091320,60.301384N,24.151403E,63,17.6,217
16525,T,220830,091321,60.301350N,24.151350E,63,16.6,217
16526,T,220830,091322,60.301315N,24.151297E,63,15.6,218
16527,T,220830,091323,60.301285N,24.151253E,63,14.9,217
16528,T,220830,091324,60.301250N,24.151215E,63,14.8,215
16529,T,220830,091325,60.301220N,24.151175E,64,14.2,213
16530,T,220830,091326,60.301186N,24.151136E,64,16.5,211
16531,T,220830,091327,60.301147N,24.151098E,64,16.6,208
16532,T,220830,091328,60.301113N,24.151060E,65,16.6,207
16533,T,220830,091329,60.301071N,24.151018E,65,18.6,206
16534,T,220830,091330,60.301029N,24.150976E,65,18.1,206
16535,T,220830,091331,60.300987N,24.150930E,65,19.5,207
16536,T,220830,091332,60.300941N,24.150883E,65,20.2,209
16537,T,220830,091333,60.300896N,24.150831E,66,20.7,210
16538,T,220830,091334,60.300854N,24.150780E,66,19.9,212
16539,T,220830,091335,60.300812N,24.150723E,66,19.8,219
16540,T,220830,091336,60.300777N,24.150658E,66,19.4,219
16541,T,220830,091337,60.300739N,24.150595E,66,19.5,219
16542,T,220830,091338,60.300709N,24.150524E,66,18.0,221
16543,T,220830,091339,60.300690N,24.150448E,67,18.0,223
16544,T,220830,091340,60.300667N,24.150368E,67,17.3,224
16545,T,220830,091341,60.300648N,24.150291E,67,16.6,226
16546,T,220830,091342,60.300629N,24.150211E,67,16.7,228
16547,T,220830,091343,60.300613N,24.150129E,68,16.8,229
16548,T,220830,091344,60.300591N,24.150049E,68,17.7,231
16549,T,220830,091345,60.300568N,24.149975E,68,17.7,233
16550,T,220830,091346,60.300541N,24.149897E,68,17.0,232
16551,T,220830,091347,60.300507N,24.149836E,69,17.7,225
16552,T,220830,091348,60.300472N,24.149759E,68,19.9,221
16553,T,220830,091349,60.300426N,24.149687E,68,21.6,216
16554,T,220830,091350,60.300381N,24.149616E,68,23.0,215
16555,T,220830,091351,60.300327N,24.149549E,67,23.4,208
16556,T,220830,091352,60.300274N,24.149487E,67,24.1,208
16557,T,220830,091353,60.300217N,24.149426E,66,24.1,206
16558,T,220830,091354,60.300159N,24.149372E,66,22.7,204
16559,T,220830,091355,60.300114N,24.149315E,66,21.2,205
16560,T,220830,091356,60.300064N,24.149263E,66,19.6,207
16561,T,220830,091357,60.300018N,24.149210E,66,18.5,210
16562,T,220830,091358,60.299980N,24.149164E,67,17.6,210
16563,T,220830,091359,60.299950N,24.149105E,67,17.2,221
16564,T,220830,091400,60.299919N,24.149044E,68,14.9,235
16565,T,220830,091401,60.299908N,24.148973E,68,14.5,251
16566,T,220830,091402,60.299900N,24.148895E,68,14.9,259
16567,T,220830,091403,60.299896N,24.148823E,68,14.2,269
16568,T,220830,091404,60.299900N,24.148745E,69,14.3,274
16569,T,220830,091405,60.299911N,24.148668E,69,15.0,284
16570,T,220830,091406,60.299923N,24.148590E,69,15.6,289
16571,T,220830,091407,60.299934N,24.148506E,69,16.2,287
16572,T,220830,091408,60.299950N,24.148417E,69,17.1,286
16573,T,220830,091409,60.299961N,24.148323E,68,17.6,277
16574,T,220830,091410,60.299961N,24.148232E,68,17.6,266
16575,T,220830,091411,60.299957N,24.148138E,68,17.7,258
16576,T,220830,091412,60.299950N,24.148054E,68,17.2,250
16577,T,220830,091413,60.299927N,24.147972E,68,17.6,237
16578,T,220830,091414,60.299900N,24.147896E,68,18.6,224
16579,T,220830,091415,60.299858N,24.147825E,68,20.2,218
16580,T,220830,091416,60.299820N,24.147762E,67,21.3,216
16581,T,220830,091417,60.299770N,24.147699E,67,22.0,211
16582,T,220830,091418,60.299721N,24.147636E,67,24.3,209
16583,T,220830,091419,60.299664N,24.147572E,66,24.3,208
16584,T,220830,091420,60.299606N,24.147503E,65,25.0,209
16585,T,220830,091421,60.299553N,24.147434E,65,25.0,210
16586,T,220830,091422,60.299496N,24.147360E,65,25.6,211
16587,T,220830,091423,60.299438N,24.147285E,65,24.5,214
16588,T,220830,091424,60.299393N,24.147205E,65,24.5,215
16589,T,220830,091425,60.299351N,24.147123E,65,22.2,228
16590,T,220830,091426,60.299316N,24.147032E,65,22.7,235
16591,T,220830,091427,60.299290N,24.146936E,64,22.5,242
16592,T,220830,091428,60.299267N,24.146832E,64,22.5,247
16593,T,220830,091429,60.299248N,24.146725E,65,21.8,254
16594,T,220830,091430,60.299240N,24.146616E,65,21.9,256
16595,T,220830,091431,60.299232N,24.146507E,65,20.6,260
16596,T,220830,091432,60.299229N,24.146404E,66,21.2,266
16597,T,220830,091433,60.299229N,24.146301E,66,19.7,273
16598,T,220830,091434,60.299232N,24.146210E,66,18.2,279
16599,T,220830,091435,60.299240N,24.146122E,67,17.1,280
16600,T,220830,091436,60.299248N,24.146034E,67,17.5,279
16601,T,220830,091437,60.299259N,24.145952E,67,16.1,279
16602,T,220830,091438,60.299263N,24.145876E,68,15.6,279
16603,T,220830,091439,60.299271N,24.145798E,68,15.6,279
16604,T,220830,091440,60.299274N,24.145723E,68,14.2,272
16605,T,220830,091441,60.299274N,24.145655E,68,14.3,268
16606,T,220830,091442,60.299271N,24.145588E,69,12.4,261
16607,T,220830,091443,60.299267N,24.145515E,69,15.0,261
16608,T,220830,091444,60.299259N,24.145445E,70,14.3,258
16609,T,220830,091445,60.299248N,24.145365E,70,15.9,257
16610,T,220830,091446,60.299240N,24.145288E,70,14.7,255
16611,T,220830,091447,60.299232N,24.145214E,70,14.2,254
16612,T,220830,091448,60.299217N,24.145134E,70,15.1,250
16613,T,220830,091449,60.299198N,24.145037E,71,14.8,247
16614,T,220830,091450,60.299179N,24.144936E,71,16.3,238
16615,T,220830,091451,60.299152N,24.144850E,71,15.3,234
16616,T,220830,091452,60.299126N,24.144781E,72,14.9,226
16617,T,220830,091453,60.299088N,24.144714E,72,16.6,222
16618,T,220830,091454,60.299053N,24.144648E,72,17.3,219
16619,T,220830,091455,60.299011N,24.144588E,72,16.2,222
16620,T,220830,091456,60.298988N,24.144526E,72,13.6,224
16621,T,220830,091457,60.298981N,24.144468E,72,10.2,230
16622,T,220830,091458,60.298985N,24.144424E,72,7.8,236
16623,T,220830,091459,60.298985N,24.144398E,72,0.0,236
16624,T,220830,091500,60.298969N,24.144384E,72,0.0,236
16625,T,220830,091501,60.298962N,24.144381E,72,0.0,236
16626,T,220830,091502,60.298946N,24.144384E,72,0.0,236
16627,T,220830,091503,60.298935N,24.144386E,72,0.0,236
16628,T,220830,091504,60.298927N,24.144386E,73,0.0,236
16629,T,220830,091505,60.298923N,24.144384E,73,0.0,236
16630,T,220830,091506,60.298923N,24.144384E,72,0.0,236
16631,T,220830,091507,60.298923N,24.144381E,72,0.0,236
16632,T,220830,091508,60.298923N,24.144381E,72,0.0,236
16633,T,220830,091509,60.298923N,24.144381E,72,0.0,236
16634,T,220830,091510,60.298923N,24.144381E,72,0.0,236
16635,T,220830,091511,60.298923N,24.144381E,72,0.0,236
16636,T,220830,091512,60.298923N,24.144381E,72,0.0,236
16637,T,220830,091513,60.298923N,24.144381E,72,0.0,236
16638,T,220830,091514,60.298923N,24.144381E,72,0.0,236
16639,T,220830,091515,60.298920N,24.144381E,72,4.0,240
16640,T,220830,091516,60.298908N,24.144381E,73,5.7,189
16641,T,220830,091517,60.298893N,24.144367E,73,8.2,191
16642,T,220830,091518,60.298874N,24.144344E,73,11.1,193
16643,T,220830,091519,60.298840N,24.144310E,73,14.2,195
16644,T,220830,091520,60.298809N,24.144278E,72,14.2,196
16645,T,220830,091521,60.298771N,24.144239E,72,15.1,197
16646,T,220830,091522,60.298740N,24.144196E,72,15.7,199
16647,T,220830,091523,60.298698N,24.144159E,72,18.2,204
16648,T,220830,091524,60.298653N,24.144131E,72,18.8,196
16649,T,220830,091525,60.298603N,24.144102E,72,18.8,197
16650,T,220830,091526,60.298557N,24.144075E,72,19.7,196
16651,T,220830,091527,60.298500N,24.144047E,71,21.1,195
16652,T,220830,091528,60.298447N,24.144020E,71,21.2,194
16653,T,220830,091529,60.298401N,24.143997E,71,21.1,193
16654,T,220830,091530,60.298344N,24.143978E,71,21.5,193
16655,T,220830,091531,60.298298N,24.143946E,70,21.0,194
16656,T,220830,091532,60.298241N,24.143915E,70,21.8,195
16657,T,220830,091533,60.298191N,24.143875E,70,21.7,196
16658,T,220830,091534,60.298141N,24.143841E,70,21.8,197
16659,T,220830,091535,60.298092N,24.143789E,70,21.5,197
16660,T,220830,091536,60.298042N,24.143740E,70,20.5,198
16661,T,220830,091537,60.298000N,24.143688E,71,19.7,199
16662,T,220830,091538,60.297958N,24.143637E,71,20.4,200
16663,T,220830,091539,60.297916N,24.143576E,72,20.0,202
16664,T,220830,091540,60.297871N,24.143524E,72,20.1,203
16665,T,220830,091541,60.297825N,24.143473E,71,20.0,204
16666,T,220830,091542,60.297779N,24.143419E,72,19.6,205
16667,T,220830,091543,60.297741N,24.143366E,71,19.0,205
16668,T,220830,091544,60.297699N,24.143312E,71,18.8,206
16669,T,220830,091545,60.297661N,24.143251E,71,18.4,208
16670,T,220830,091546,60.297619N,24.143198E,72,17.8,209
16671,T,220830,091547,60.297585N,24.143145E,72,17.7,209
16672,T,220830,091548,60.297546N,24.143097E,72,17.6,210
16673,T,220830,091549,60.297508N,24.143047E,72,17.6,212
16674,T,220830,091550,60.297470N,24.143000E,72,17.5,213
16675,T,220830,091551,60.297436N,24.142952E,72,17.5,215
16676,T,220830,091552,60.297401N,24.142897E,72,16.6,215
16677,T,220830,091553,60.297367N,24.142841E,71,16.6,216
16678,T,220830,091554,60.297333N,24.142788E,71,16.1,216
16679,T,220830,091555,60.297295N,24.142736E,71,16.2,216
16680,T,220830,091556,60.297260N,24.142689E,72,16.3,215
16681,T,220830,091557,60.297230N,24.142645E,72,16.3,214
16682,T,220830,091558,60.297192N,24.142603E,71,16.2,212
16683,T,220830,091559,60.297161N,24.142559E,71,16.2,212
16684,T,220830,091600,60.297127N,24.142515E,71,16.2,212
16685,T,220830,091601,60.297092N,24.142467E,71,16.5,213
16686,T,220830,091602,60.297054N,24.142418E,71,17.1,214
16687,T,220830,091603,60.297020N,24.142368E,71,17.7,214
16688,T,220830,091604,60.296986N,24.142319E,71,17.4,213
16689,T,220830,091605,60.296944N,24.142275E,71,17.4,213
16690,T,220830,091606,60.296909N,24.142223E,72,17.5,212
16691,T,220830,091607,60.296871N,24.142176E,72,18.5,212
16692,T,220830,091608,60.296833N,24.142124E,72,19.3,208
16693,T,220830,091609,60.296791N,24.142076E,72,18.7,211
16694,T,220830,091610,60.296753N,24.142021E,72,18.6,213
16695,T,220830,091611,60.296711N,24.141964E,71,18.6,215
16696,T,220830,091612,60.296673N,24.141911E,71,18.7,215
16697,T,220830,091613,60.296631N,24.141855E,71,19.2,214
16698,T,220830,091614,60.296597N,24.141802E,71,20.0,214
16699,T,220830,091615,60.296555N,24.141748E,71,18.7,214
16700,T,220830,091616,60.296516N,24.141691E,71,18.6,215
16701,T,220830,091617,60.296478N,24.141636E,71,18.7,215
16702,T,220830,091618,60.296440N,24.141584E,72,18.6,215
16703,T,220830,091619,60.296398N,24.141527E,72,19.8,215
16704,T,220830,091620,60.296360N,24.141470E,72,19.8,214
16705,T,220830,091621,60.296314N,24.141415E,72,20.2,214
16706,T,220830,091622,60.296276N,24.141361E,72,19.5,214
16707,T,220830,091623,60.296242N,24.141308E,72,19.4,214
16708,T,220830,091624,60.296196N,24.141256E,72,19.0,212
16709,T,220830,091625,60.296158N,24.141207E,72,18.6,211
16710,T,220830,091626,60.296112N,24.141159E,72,18.2,209
16711,T,220830,091627,60.296066N,24.141117E,72,18.7,206
16712,T,220830,091628,60.296028N,24.141079E,72,17.6,205
16713,T,220830,091629,60.295986N,24.141033E,72,17.1,207
16714,T,220830,091630,60.295952N,24.140985E,73,17.1,207
16715,T,220830,091631,60.295918N,24.140932E,72,16.7,226
16716,T,220830,091632,60.295891N,24.140863E,72,16.7,240
16717,T,220830,091633,60.295879N,24.140783E,73,16.8,257
16718,T,220830,091634,60.295879N,24.140697E,74,17.2,271
16719,T,220830,091635,60.295883N,24.140615E,74,16.1,279
16720,T,220830,091636,60.295891N,24.140532E,74,16.7,278
16721,T,220830,091637,60.295898N,24.140450E,74,16.3,279
16722,T,220830,091638,60.295914N,24.140369E,74,15.9,290
16723,T,220830,091639,60.295925N,24.140293E,74,15.2,290
16724,T,220830,091640,60.295940N,24.140221E,74,15.2,290
16725,T,220830,091641,60.295952N,24.140148E,74,15.1,287
16726,T,220830,091642,60.295959N,24.140072E,74,15.1,286
16727,T,220830,091643,60.295971N,24.139994E,74,15.6,288
16728,T,220830,091644,60.295994N,24.139915E,74,16.8,288
16729,T,220830,091645,60.296013N,24.139839E,74,17.6,304
16730,T,220830,091646,60.296040N,24.139767E,74,18.4,307
16731,T,220830,091647,60.296070N,24.139696E,74,18.9,312
16732,T,220830,091648,60.296108N,24.139620E,74,20.8,310
16733,T,220830,091649,60.296139N,24.139542E,74,19.1,309
16734,T,220830,091650,60.296173N,24.139460E,74,21.8,309
16735,T,220830,091651,60.296207N,24.139372E,74,21.8,307
16736,T,220830,091652,60.296246N,24.139284E,73,21.1,309
16737,T,220830,091653,60.296284N,24.139187E,73,22.1,303
16738,T,220830,091654,60.296310N,24.139088E,73,22.0,301
16739,T,220830,091655,60.296341N,24.138987E,73,21.4,303
16740,T,220830,091656,60.296371N,24.138893E,73,21.2,300
16741,T,220830,091657,60.296406N,24.138800E,73,20.2,299
16742,T,220830,091658,60.296429N,24.138704E,73,20.2,296
16743,T,220830,091659,60.296452N,24.138615E,73,18.6,293
16744,T,220830,091700,60.296471N,24.138529E,73,17.7,292
16745,T,220830,091701,60.296490N,24.138439E,73,18.5,291
16746,T,220830,091702,60.296509N,24.138351E,73,18.5,291
16747,T,220830,091703,60.296528N,24.138268E,73,17.5,292
16748,T,220830,091704,60.296543N,24.138191E,73,17.0,294
16749,T,220830,091705,60.296558N,24.138117E,73,15.7,294
16750,T,220830,091706,60.296581N,24.138039E,73,16.8,294
16751,T,220830,091707,60.296593N,24.137960E,73,15.6,285
16752,T,220830,091708,60.296604N,24.137877E,73,18.6,286
16753,T,220830,091709,60.296623N,24.137787E,73,18.0,286
16754,T,220830,091710,60.296638N,24.137695E,72,18.5,289
16755,T,220830,091711,60.296658N,24.137604E,71,17.7,289
16756,T,220830,091712,60.296673N,24.137516E,71,17.1,289
16757,T,220830,091713,60.296684N,24.137428E,71,18.4,290
16758,T,220830,091714,60.296700N,24.137341E,71,17.8,289
16759,T,220830,091715,60.296719N,24.137243E,70,19.6,289
16760,T,220830,091716,60.296741N,24.137152E,69,18.9,289
16761,T,220830,091717,60.296757N,24.137056E,69,20.5,289
16762,T,220830,091718,60.296776N,24.136955E,68,21.1,291
16763,T,220830,091719,60.296799N,24.136860E,68,21.8,292
16764,T,220830,091720,60.296825N,24.136757E,68,23.5,293
16765,T,220830,091721,60.296852N,24.136652E,67,22.5,293
16766,T,220830,091722,60.296871N,24.136538E,67,22.0,291
16767,T,220830,091723,60.296883N,24.136427E,66,22.4,283
16768,T,220830,091724,60.296906N,24.136299E,66,21.7,285
16769,T,220830,091725,60.296921N,24.136189E,66,21.5,283
16770,T,220830,091726,60.296932N,24.136074E,66,20.7,276
16771,T,220830,091727,60.296940N,24.135963E,66,19.2,277
16772,T,220830,091728,60.296947N,24.135872E,66,18.5,277
16773,T,220830,091729,60.296959N,24.135780E,66,18.6,280
16774,T,220830,091730,60.296967N,24.135683E,66,19.0,280
16775,T,220830,091731,60.296982N,24.135590E,65,19.4,282
16776,T,220830,091732,60.296993N,24.135494E,65,20.0,282
16777,T,220830,091733,60.297001N,24.135391E,65,20.3,281
16778,T,220830,091734,60.297005N,24.135290E,64,19.9,279
16779,T,220830,091735,60.297012N,24.135189E,64,19.2,279
16780,T,220830,091736,60.297020N,24.135096E,64,18.7,280
16781,T,220830,091737,60.297031N,24.135006E,63,18.3,282
16782,T,220830,091738,60.297043N,24.134922E,63,18.3,290
16783,T,220830,091739,60.297066N,24.134844E,63,17.6,300
16784,T,220830,091740,60.297092N,24.134771E,63,18.8,314
16785,T,220830,091741,60.297127N,24.134716E,63,18.7,324
16786,T,220830,091742,60.297169N,24.134670E,63,17.9,330
16787,T,220830,091743,60.297207N,24.134630E,63,18.3,334
16788,T,220830,091744,60.297249N,24.134592E,64,18.7,334
16789,T,220830,091745,60.297291N,24.134563E,64,17.1,342
16790,T,220830,091746,60.297333N,24.134537E,64,16.4,342
16791,T,220830,091747,60.297367N,24.134504E,64,15.2,341
16792,T,220830,091748,60.297405N,24.134478E,64,14.2,340
16793,T,220830,091749,60.297436N,24.134462E,64,13.2,341
16794,T,220830,091750,60.297470N,24.134453E,64,15.3,343
16795,T,220830,091751,60.297512N,24.134445E,64,15.3,343
16796,T,220830,091752,60.297550N,24.134451E,63,16.0,3
16797,T,220830,091753,60.297600N,24.134453E,63,17.8,357
16798,T,220830,091754,60.297646N,24.134447E,64,19.0,356
16799,T,220830,091755,60.297695N,24.134447E,63,17.6,357
16800,T,220830,091756,60.297741N,24.134447E,63,17.7,0
16801,T,220830,091757,60.297783N,24.134443E,63,17.6,356
16802,T,220830,091758,60.297829N,24.134436E,63,17.6,347
16803,T,220830,091759,60.297874N,24.134422E,62,19.1,350
16804,T,220830,091800,60.297924N,24.134399E,62,19.4,350
16805,T,220830,091801,60.297970N,24.134377E,62,18.1,349
16806,T,220830,091802,60.298012N,24.134346E,62,18.2,348
16807,T,220830,091803,60.298058N,24.134310E,61,19.1,347
16808,T,220830,091804,60.298100N,24.134264E,61,18.8,346
16809,T,220830,091805,60.298145N,24.134224E,61,19.1,344
16810,T,220830,091806,60.298183N,24.134174E,61,17.5,322
16811,T,220830,091807,60.298222N,24.134125E,61,16.5,322
16812,T,220830,091808,60.298256N,24.134069E,60,17.5,324
16813,T,220830,091809,60.298298N,24.134012E,59,19.5,324
16814,T,220830,091810,60.298340N,24.133949E,59,20.2,324
16815,T,220830,091811,60.298386N,24.133881E,58,22.4,322
16816,T,220830,091812,60.298428N,24.133801E,58,24.0,316
16817,T,220830,091813,60.298473N,24.133705E,57,25.3,312
16818,T,220830,091814,60.298515N,24.133604E,57,27.3,308
16819,T,220830,091815,60.298561N,24.133488E,56,28.1,300
16820,T,220830,091816,60.298592N,24.133362E,57,28.7,293
16821,T,220830,091817,60.298618N,24.133232E,57,28.2,286
16822,T,220830,091818,60.298641N,24.133095E,57,27.6,281
16823,T,220830,091819,60.298649N,24.132959E,56,26.4,278
16824,T,220830,091820,60.298660N,24.132832E,56,25.0,277
16825,T,220830,091821,60.298672N,24.132713E,57,23.5,277
16826,T,220830,091822,60.298683N,24.132605E,57,21.9,279
16827,T,220830,091823,60.298695N,24.132500E,57,20.9,286
16828,T,220830,091824,60.298714N,24.132404E,57,19.8,288
16829,T,220830,091825,60.298729N,24.132317E,57,18.9,292
16830,T,220830,091826,60.298752N,24.132236E,57,18.2,297
16831,T,220830,091827,60.298771N,24.132164E,58,16.2,302
16832,T,220830,091828,60.298798N,24.132095E,58,15.8,302
16833,T,220830,091829,60.298820N,24.132036E,58,14.6,309
16834,T,220830,091830,60.298847N,24.131985E,59,14.0,315
16835,T,220830,091831,60.298878N,24.131935E,59,11.7,314
16836,T,220830,091832,60.298901N,24.131891E,59,11.0,313
16837,T,220830,091833,60.298920N,24.131849E,60,10.3,310
16838,T,220830,091834,60.298935N,24.131809E,61,10.7,315
16839,T,220830,091835,60.298958N,24.131775E,61,10.0,318
16840,T,220830,091836,60.298977N,24.131741E,61,9.5,321
16841,T,220830,091837,60.298996N,24.131706E,62,9.8,323
16842,T,220830,091838,60.299015N,24.131672E,62,8.7,317
16843,T,220830,091839,60.299030N,24.131639E,62,7.7,317
16844,T,220830,091840,60.299049N,24.131615E,62,7.7,320
16845,T,220830,091841,60.299068N,24.131588E,63,6.9,322
16846,T,220830,091842,60.299084N,24.131559E,63,8.2,321
16847,T,220830,091843,60.299099N,24.131531E,64,9.0,320
16848,T,220830,091844,60.299126N,24.131496E,64,10.7,328
16849,T,220830,091845,60.299149N,24.131458E,64,12.2,330
16850,T,220830,091846,60.299179N,24.131428E,65,12.2,334
16851,T,220830,091847,60.299213N,24.131401E,65,13.3,339
16852,T,220830,091848,60.299244N,24.131384E,65,13.2,346
16853,T,220830,091849,60.299278N,24.131374E,66,13.6,352
16854,T,220830,091850,60.299316N,24.131365E,67,13.6,357
16855,T,220830,091851,60.299347N,24.131365E,67,12.6,6
16856,T,220830,091852,60.299377N,24.131372E,68,12.7,10
16857,T,220830,091853,60.299404N,24.131388E,68,12.7,12
16858,T,220830,091854,60.299435N,24.131405E,68,12.8,11
16859,T,220830,091855,60.299465N,24.131416E,69,12.3,4
16860,T,220830,091856,60.299492N,24.131414E,69,11.5,349
16861,T,220830,091857,60.299515N,24.131393E,69,11.4,330
16862,T,220830,091858,60.299538N,24.131359E,69,10.7,320
16863,T,220830,091859,60.299561N,24.131323E,70,10.2,306
16864,T,220830,091900,60.299576N,24.131271E,71,10.8,300
16865,T,220830,091901,60.299583N,24.131218E,72,10.5,285
16866,T,220830,091902,60.299591N,24.131165E,72,10.5,275
16867,T,220830,091903,60.299591N,24.131104E,72,11.7,267
16868,T,220830,091904,60.299587N,24.131037E,72,12.6,264
16869,T,220830,091905,60.299587N,24.130976E,72,12.6,267
16870,T,220830,091906,60.299591N,24.130917E,73,12.2,271
16871,T,220830,091907,60.299591N,24.130856E,73,11.2,280
16872,T,220830,091908,60.299599N,24.130798E,73,10.9,284
16873,T,220830,091909,60.299606N,24.130745E,73,10.9,287
16874,T,220830,091910,60.299618N,24.130692E,73,10.2,286
16875,T,220830,091911,60.299625N,24.130642E,73,10.1,287
16876,T,220830,091912,60.299633N,24.130594E,74,8.9,288
16877,T,220830,091913,60.299641N,24.130550E,74,8.8,290
16878,T,220830,091914,60.299652N,24.130507E,75,7.3,299
16879,T,220830,091915,60.299660N,24.130465E,75,9.6,298
16880,T,220830,091916,60.299667N,24.130417E,76,9.6,298
16881,T,220830,091917,60.299679N,24.130363E,76,9.3,297
16882,T,220830,091918,60.299686N,24.130316E,76,8.7,295
16883,T,220830,091919,60.299702N,24.130274E,76,8.5,295
16884,T,220830,091920,60.299706N,24.130232E,77,7.8,286
16885,T,220830,091921,60.299713N,24.130188E,77,8.7,287
16886,T,220830,091922,60.299717N,24.130152E,78,6.8,285
16887,T,220830,091923,60.299725N,24.130114E,78,8.0,295
16888,T,220830,091924,60.299732N,24.130075E,78,7.4,297
16889,T,220830,091925,60.299740N,24.130037E,79,7.9,296
16890,T,220830,091926,60.299751N,24.129995E,79,9.1,296
16891,T,220830,091927,60.299759N,24.129953E,80,9.0,293
16892,T,220830,091928,60.299770N,24.129911E,80,8.1,293
16893,T,220830,091929,60.299789N,24.129864E,80,8.6,295
16894,T,220830,091930,60.299805N,24.129820E,80,8.6,293
16895,T,220830,091931,60.299820N,24.129782E,80,8.9,301
16896,T,220830,091932,60.299831N,24.129740E,79,7.5,300
16897,T,220830,091933,60.299839N,24.129700E,79,8.5,299
16898,T,220830,091934,60.299847N,24.129660E,79,8.5,296
16899,T,220830,091935,60.299850N,24.129616E,80,9.4,287
16900,T,220830,091936,60.299866N,24.129568E,80,10.2,287
16901,T,220830,091937,60.299873N,24.129517E,80,9.6,289
16902,T,220830,091938,60.299885N,24.129475E,80,10.7,289
16903,T,220830,091939,60.299889N,24.129421E,80,10.0,281
16904,T,220830,091940,60.299896N,24.129374E,81,9.3,283
16905,T,220830,091941,60.299908N,24.129324E,81,9.4,285
16906,T,220830,091942,60.299919N,24.129278E,81,9.5,286
16907,T,220830,091943,60.299923N,24.129230E,81,8.5,286
16908,T,220830,091944,60.299931N,24.129185E,81,8.6,286
16909,T,220830,091945,60.299938N,24.129145E,82,8.3,287
16910,T,220830,091946,60.299953N,24.129099E,82,9.4,288
16911,T,220830,091947,60.299965N,24.129057E,82,10.6,289
16912,T,220830,091948,60.299976N,24.129004E,82,9.4,290
16913,T,220830,091949,60.299984N,24.128956E,82,8.7,291
16914,T,220830,091950,60.299995N,24.128916E,82,6.6,304
16915,T,220830,091951,60.299999N,24.128876E,82,6.9,303
16916,T,220830,091952,60.300007N,24.128838E,82,7.0,302
16917,T,220830,091953,60.300011N,24.128796E,81,7.9,301
16918,T,220830,091954,60.300018N,24.128742E,81,10.1,300
16919,T,220830,091955,60.300030N,24.128691E,81,10.6,299
16920,T,220830,091956,60.300041N,24.128635E,80,11.0,298
16921,T,220830,091957,60.300049N,24.128584E,80,11.8,297
16922,T,220830,091958,60.300056N,24.128525E,80,11.8,296
16923,T,220830,091959,60.300068N,24.128448E,79,11.4,295
16924,T,220830,092000,60.300076N,24.128389E,78,12.5,294
16925,T,220830,092001,60.300083N,24.128321E,78,12.6,293
16926,T,220830,092002,60.300091N,24.128256E,78,12.6,292
16927,T,220830,092003,60.300098N,24.128193E,78,12.6,295
16928,T,220830,092004,60.300121N,24.128128E,78,13.5,299
16929,T,220830,092005,60.300137N,24.128075E,77,12.9,301
16930,T,220830,092006,60.300152N,24.128017E,77,13.0,304
16931,T,220830,092007,60.300171N,24.127964E,76,13.5,309
16932,T,220830,092008,60.300198N,24.127916E,76,13.5,318
16933,T,220830,092009,60.300220N,24.127869E,75,12.4,317
16934,T,220830,092010,60.300243N,24.127825E,76,12.0,317
16935,T,220830,092011,60.300266N,24.127792E,76,11.0,317
16936,T,220830,092012,60.300289N,24.127754E,75,11.3,318
16937,T,220830,092013,60.300312N,24.127714E,75,12.4,321
16938,T,220830,092014,60.300339N,24.127670E,74,13.6,317
16939,T,220830,092015,60.300369N,24.127621E,74,14.0,320
16940,T,220830,092016,60.300392N,24.127563E,73,16.2,320
16941,T,220830,092017,60.300423N,24.127502E,73,18.1,318
16942,T,220830,092018,60.300461N,24.127436E,72,19.7,315
16943,T,220830,092019,60.300495N,24.127361E,72,19.8,314
16944,T,220830,092020,60.300529N,24.127277E,71,22.0,309
16945,T,220830,092021,60.300568N,24.127197E,71,22.0,309
16946,T,220830,092022,60.300613N,24.127119E,70,23.6,310
16947,T,220830,092023,60.300655N,24.127037E,69,23.5,311
16948,T,220830,092024,60.300701N,24.126963E,69,23.6,311
16949,T,220830,092025,60.300747N,24.126884E,69,22.9,312
16950,T,220830,092026,60.300793N,24.126810E,68,22.0,313
16951,T,220830,092027,60.300838N,24.126743E,68,21.4,314
16952,T,220830,092028,60.300880N,24.126678E,68,19.9,315
16953,T,220830,092029,60.300915N,24.126614E,67,18.5,315
16954,T,220830,092030,60.300949N,24.126545E,66,17.3,309
16955,T,220830,092031,60.300972N,24.126476E,66,16.8,301
16956,T,220830,092032,60.300991N,24.126396E,66,16.8,299
16957,T,220830,092033,60.301006N,24.126322E,65,16.3,300
16958,T,220830,092034,60.301037N,24.126257E,66,15.2,312
16959,T,220830,092035,60.301060N,24.126209E,65,14.1,326
16960,T,220830,092036,60.301090N,24.126167E,65,14.1,329
16961,T,220830,092037,60.301121N,24.126125E,65,13.5,336
16962,T,220830,092038,60.301155N,24.126108E,65,14.6,345
16963,T,220830,092039,60.301193N,24.126095E,65,15.5,351
16964,T,220830,092040,60.301231N,24.126083E,65,13.8,355
16965,T,220830,092041,60.301270N,24.126076E,64,15.9,355
16966,T,220830,092042,60.301304N,24.126068E,64,14.6,354
16967,T,220830,092043,60.301338N,24.126064E,63,15.6,0
16968,T,220830,092044,60.301380N,24.126066E,63,16.0,3
16969,T,220830,092045,60.301418N,24.126074E,62,16.1,3
16970,T,220830,092046,60.301460N,24.126081E,62,16.5,8
16971,T,220830,092047,60.301498N,24.126095E,62,15.8,5
16972,T,220830,092048,60.301540N,24.126104E,61,15.0,7
16973,T,220830,092049,60.301575N,24.126114E,61,14.7,7
16974,T,220830,092050,60.301613N,24.126122E,61,14.7,8
16975,T,220830,092051,60.301647N,24.126131E,60,13.6,6
16976,T,220830,092052,60.301685N,24.126144E,60,15.2,8
16977,T,220830,092053,60.301720N,24.126158E,59,14.2,8
16978,T,220830,092054,60.301758N,24.126171E,58,15.2,9
16979,T,220830,092055,60.301792N,24.126186E,58,14.7,9
16980,T,220830,092056,60.301826N,24.126202E,58,14.2,10
16981,T,220830,092057,60.301865N,24.126217E,57,14.2,10
16982,T,220830,092058,60.301899N,24.126232E,57,14.0,9
16983,T,220830,092059,60.301937N,24.126242E,56,12.9,7
16984,T,220830,092100,60.301968N,24.126247E,56,11.5,6
16985,T,220830,092101,60.301994N,24.126247E,55,10.7,5
16986,T,220830,092102,60.302025N,24.126242E,55,10.2,357
16987,T,220830,092103,60.302048N,24.126236E,55,9.6,351
16988,T,220830,092104,60.302071N,24.126225E,55,8.8,344
16989,T,220830,092105,60.302097N,24.126209E,55,7.5,330
16990,T,220830,092106,60.302116N,24.126184E,55,8.1,308
16991,T,220830,092107,60.302128N,24.126143E,55,9.5,286
16992,T,220830,092108,60.302132N,24.126085E,55,10.7,276
16993,T,220830,092109,60.302128N,24.126026E,55,11.9,265
16994,T,220830,092110,60.302124N,24.125963E,55,12.3,258
16995,T,220830,092111,60.302116N,24.125902E,54,13.4,251
16996,T,220830,092112,60.302105N,24.125835E,54,15.0,249
16997,T,220830,092113,60.302094N,24.125765E,53,15.1,252
16998,T,220830,092114,60.302078N,24.125689E,52,15.7,251
16999,T,220830,092115,60.302067N,24.125616E,51,15.6,251
17000,T,220830,092116,60.302052N,24.125544E,51,14.0,250
17001,T,220830,092117,60.302040N,24.125481E,51,13.2,244
17002,T,220830,092118,60.302029N,24.125418E,50,12.9,246
17003,T,220830,092119,60.302017N,24.125362E,50,12.2,245
17004,T,220830,092120,60.301998N,24.125307E,50,11.5,245
17005,T,220830,092121,60.301987N,24.125256E,50,10.6,247
17006,T,220830,092122,60.301979N,24.125206E,50,10.2,247
17007,T,220830,092123,60.301968N,24.125160E,50,9.4,246
17008,T,220830,092124,60.301956N,24.125118E,49,9.1,245
17009,T,220830,092125,60.301945N,24.125076E,49,10.2,243
17010,T,220830,092126,60.301929N,24.125031E,49,10.1,240
17011,T,220830,092127,60.301914N,24.124985E,49,9.8,240
17012,T,220830,092128,60.301903N,24.124943E,49,9.7,239
17013,T,220830,092129,60.301891N,24.124901E,49,9.6,239
17014,T,220830,092130,60.301880N,24.124861E,49,8.9,239
17015,T,220830,092131,60.301868N,24.124823E,49,8.5,240
17016,T,220830,092132,60.301861N,24.124794E,48,7.4,239
17017,T,220830,092133,60.301849N,24.124769E,48,6.5,247
17018,T,220830,092134,60.301842N,24.124750E,48,5.1,247
17019,T,220830,092135,60.301834N,24.124735E,47,4.1,247
17020,T,220830,092136,60.301834N,24.124716E,47,3.6,247
17021,T,220830,092137,60.301830N,24.124704E,47,0.0,247
17022,T,220830,092138,60.301826N,24.124697E,47,0.0,247
17023,T,220830,092139,60.301826N,24.124695E,47,0.0,247
17024,T,220830,092140,60.301823N,24.124697E,46,0.0,247
17025,T,220830,092141,60.301823N,24.124697E,46,0.0,247
17026,T,220830,092142,60.301823N,24.124697E,46,0.0,247
17027,T,220830,092143,60.301823N,24.124697E,46,0.0,247
17028,T,220830,092144,60.301823N,24.124697E,46,0.0,247
17029,T,220830,092145,60.301823N,24.124693E,46,0.0,247
17030,T,220830,092146,60.301826N,24.124680E,46,6.9,304
17031,T,220830,092147,60.301846N,24.124653E,46,7.6,335
17032,T,220830,092148,60.301872N,24.124640E,46,11.5,359
17033,T,220830,092149,60.301903N,24.124640E,45,12.7,10
17034,T,220830,092150,60.301941N,24.124649E,45,15.7,11
17035,T,220830,092151,60.301983N,24.124662E,44,17.1,11
17036,T,220830,092152,60.302029N,24.124676E,44,18.0,13
17037,T,220830,092153,60.302071N,24.124697E,43,18.5,13
17038,T,220830,092154,60.302120N,24.124716E,42,19.2,15
17039,T,220830,092155,60.302170N,24.124741E,42,19.8,15
17040,T,220830,092156,60.302216N,24.124763E,41,20.1,14
17041,T,220830,092157,60.302269N,24.124790E,41,20.3,14
17042,T,220830,092158,60.302315N,24.124817E,41,20.6,15
17043,T,220830,092159,60.302368N,24.124844E,40,20.7,16
17044,T,220830,092200,60.302422N,24.124874E,39,21.0,16
17045,T,220830,092201,60.302471N,24.124905E,39,21.2,16
17046,T,220830,092202,60.302525N,24.124933E,38,21.5,17
17047,T,220830,092203,60.302582N,24.124958E,38,22.2,16
17048,T,220830,092204,60.302631N,24.124987E,38,22.5,16
17049,T,220830,092205,60.302689N,24.125015E,37,22.0,16
17050,T,220830,092206,60.302738N,24.125046E,37,21.7,16
17051,T,220830,092207,60.302799N,24.125080E,37,21.7,15
17052,T,220830,092208,60.302853N,24.125107E,37,21.1,13
17053,T,220830,092209,60.302910N,24.125124E,37,21.0,4
17054,T,220830,092210,60.302959N,24.125114E,37,21.0,349
17055,T,220830,092211,60.303017N,24.125092E,37,20.6,343
17056,T,220830,092212,60.303066N,24.125048E,37,22.4,328
17057,T,220830,092213,60.303116N,24.124981E,37,23.3,322
17058,T,220830,092214,60.303165N,24.124905E,37,24.2,321
17059,T,220830,092215,60.303211N,24.124826E,38,24.8,321
17060,T,220830,092216,60.303265N,24.124746E,38,24.6,321
17061,T,220830,092217,60.303310N,24.124668E,38,24.7,321
17062,T,220830,092218,60.303364N,24.124584E,38,25.3,321
17063,T,220830,092219,60.303417N,24.124504E,39,25.2,320
17064,T,220830,092220,60.303467N,24.124422E,39,24.9,320
17065,T,220830,092221,60.303516N,24.124344E,39,24.0,320
17066,T,220830,092222,60.303562N,24.124266E,40,23.5,321
17067,T,220830,092223,60.303612N,24.124191E,40,23.5,321
17068,T,220830,092224,60.303661N,24.124119E,40,23.0,322
17069,T,220830,092225,60.303703N,24.124044E,41,22.1,322
17070,T,220830,092226,60.303749N,24.123974E,41,21.7,321
17071,T,220830,092227,60.303787N,24.123903E,41,21.4,320
17072,T,220830,092228,60.303829N,24.123837E,41,20.3,320
17073,T,220830,092229,60.303867N,24.123772E,41,19.6,320
17074,T,220830,092230,60.303909N,24.123713E,41,19.0,321
17075,T,220830,092231,60.303944N,24.123655E,41,18.9,322
17076,T,220830,092232,60.303982N,24.123596E,40,19.0,321
17077,T,220830,092233,60.304016N,24.123535E,40,18.1,320
17078,T,220830,092234,60.304054N,24.123487E,40,17.8,321
17079,T,220830,092235,60.304092N,24.123438E,40,17.0,321
17080,T,220830,092236,60.304123N,24.123386E,40,17.0,322
17081,T,220830,092237,60.304161N,24.123335E,40,16.9,323
17082,T,220830,092238,60.304192N,24.123283E,40,14.6,323
17083,T,220830,092239,60.304218N,24.123243E,40,13.8,323
17084,T,220830,092240,60.304245N,24.123207E,40,10.0,332
17085,T,220830,092241,60.304260N,24.123184E,40,8.1,331
17086,T,220830,092242,60.304272N,24.123158E,41,6.4,327
17087,T,220830,092243,60.304268N,24.123137E,41,4.6,327
17088,T,220830,092244,60.304256N,24.123137E,41,5.1,327
17089,T,220830,092245,60.304241N,24.123146E,41,6.3,149
17090,T,220830,092246,60.304218N,24.123177E,42,10.5,147
17091,T,220830,092247,60.304195N,24.123219E,42,14.2,147
17092,T,220830,092248,60.304169N,24.123268E,42,14.2,146
17093,T,220830,092249,60.304138N,24.123318E,42,16.3,145
17094,T,220830,092250,60.304104N,24.123375E,42,18.5,145
17095,T,220830,092251,60.304066N,24.123428E,42,19.1,144
17096,T,220830,092252,60.304024N,24.123491E,41,20.1,142
17097,T,220830,092253,60.303986N,24.123560E,41,21.8,141
17098,T,220830,092254,60.303940N,24.123632E,42,21.9,140
17099,T,220830,092255,60.303898N,24.123699E,42,23.0,140
17100,T,220830,092256,60.303852N,24.123768E,42,22.2,140
17101,T,220830,092257,60.303806N,24.123838E,42,22.8,141
17102,T,220830,092258,60.303764N,24.123907E,42,22.1,141
17103,T,220830,092259,60.303719N,24.123976E,42,21.5,141
17104,T,220830,092300,60.303677N,24.124041E,42,21.4,142
17105,T,220830,092301,60.303631N,24.124104E,42,21.4,142
17106,T,220830,092302,60.303593N,24.124168E,42,21.0,142
17107,T,220830,092303,60.303547N,24.124233E,42,21.0,142
17108,T,220830,092304,60.303509N,24.124298E,42,20.3,141
17109,T,220830,092305,60.303467N,24.124367E,42,20.2,141
17110,T,220830,092306,60.303429N,24.124426E,42,19.6,141
17111,T,220830,092307,60.303391N,24.124487E,42,18.0,139
17112,T,220830,092308,60.303352N,24.124544E,43,18.9,143
17113,T,220830,092309,60.303310N,24.124603E,43,19.0,141
17114,T,220830,092310,60.303276N,24.124664E,43,19.0,142
17115,T,220830,092311,60.303242N,24.124722E,43,18.5,141
17116,T,220830,092312,60.303200N,24.124781E,44,18.5,140
17117,T,220830,092313,60.303165N,24.124836E,43,17.8,143
17118,T,220830,092314,60.303127N,24.124887E,43,16.6,142
17119,T,220830,092315,60.303097N,24.124935E,43,16.6,144
17120,T,220830,092316,60.303059N,24.124983E,43,15.7,146
17121,T,220830,092317,60.303028N,24.125017E,43,14.2,154
17122,T,220830,092318,60.302994N,24.125040E,43,14.6,163
17123,T,220830,092319,60.302959N,24.125055E,43,13.9,168
17124,T,220830,092320,60.302925N,24.125057E,44,14.5,183
17125,T,220830,092321,60.302887N,24.125051E,44,14.6,185
17126,T,220830,092322,60.302849N,24.125038E,44,15.8,192
17127,T,220830,092323,60.302807N,24.125017E,44,14.7,195
17128,T,220830,092324,60.302776N,24.125002E,44,14.1,193
17129,T,220830,092325,60.302738N,24.124985E,44,14.2,196
17130,T,220830,092326,60.302704N,24.124962E,44,15.8,195
17131,T,220830,092327,60.302670N,24.124945E,44,14.7,195
17132,T,220830,092328,60.302631N,24.124924E,44,14.7,194
17133,T,220830,092329,60.302593N,24.124903E,45,15.2,195
17134,T,220830,092330,60.302555N,24.124878E,45,15.6,196
17135,T,220830,092331,60.302521N,24.124851E,46,14.7,197
17136,T,220830,092332,60.302483N,24.124828E,46,15.4,198
17137,T,220830,092333,60.302448N,24.124804E,46,16.3,198
17138,T,220830,092334,60.302406N,24.124784E,46,16.2,197
17139,T,220830,092335,60.302368N,24.124762E,46,16.2,196
17140,T,220830,092336,60.302334N,24.124743E,46,16.2,195
17141,T,220830,092337,60.302292N,24.124720E,46,15.8,195
17142,T,220830,092338,60.302258N,24.124697E,46,15.8,195
17143,T,220830,092339,60.302216N,24.124674E,46,15.8,195
17144,T,220830,092340,60.302177N,24.124655E,47,15.4,195
17145,T,220830,092341,60.302139N,24.124634E,47,15.4,194
17146,T,220830,092342,60.302105N,24.124615E,47,15.9,194
17147,T,220830,092343,60.302067N,24.124596E,47,14.8,193
17148,T,220830,092344,60.302032N,24.124580E,47,14.3,193
17149,T,220830,092345,60.301998N,24.124565E,47,14.2,192
17150,T,220830,092346,60.301964N,24.124557E,48,12.9,190
17151,T,220830,092347,60.301933N,24.124548E,48,14.1,188
17152,T,220830,092348,60.301899N,24.124544E,48,13.1,177
17153,T,220830,092349,60.301868N,24.124556E,49,12.2,162
17154,T,220830,092350,60.301846N,24.124582E,49,10.9,141
17155,T,220830,092351,60.301830N,24.124615E,49,7.0,122
17156,T,220830,092352,60.301823N,24.124649E,50,7.7,92
17157,T,220830,092353,60.301823N,24.124693E,50,8.5,80
17158,T,220830,092354,60.301830N,24.124739E,50,10.3,71
17159,T,220830,092355,60.301846N,24.124790E,51,12.2,64
17160,T,220830,092356,60.301857N,24.124844E,51,11.2,52
17161,T,220830,092357,60.301872N,24.124889E,51,10.4,52
17162,T,220830,092358,60.301888N,24.124937E,51,11.5,55
17163,T,220830,092359,60.301899N,24.124987E,51,10.2,67
17164,T,220830,092400,60.301910N,24.125036E,52,9.8,66
17165,T,220830,092401,60.301922N,24.125084E,52,10.7,66
17166,T,220830,092402,60.301937N,24.125130E,52,9.9,63
17167,T,220830,092403,60.301945N,24.125177E,52,10.6,65
17168,T,220830,092404,60.301956N,24.125225E,53,10.5,65
17169,T,220830,092405,60.301968N,24.125277E,53,10.6,65
17170,T,220830,092406,60.301979N,24.125332E,53,11.9,66
17171,T,220830,092407,60.301987N,24.125381E,53,10.4,66
17172,T,220830,092408,60.301998N,24.125429E,53,10.5,67
17173,T,220830,092409,60.302006N,24.125477E,53,9.9,66
17174,T,220830,092410,60.302017N,24.125525E,54,10.0,67
17175,T,220830,092411,60.302029N,24.125576E,54,10.0,68
17176,T,220830,092412,60.302036N,24.125626E,54,10.5,70
17177,T,220830,092413,60.302044N,24.125675E,55,9.6,72
17178,T,220830,092414,60.302052N,24.125723E,55,9.2,73
17179,T,220830,092415,60.302059N,24.125769E,55,9.3,70
17180,T,220830,092416,60.302071N,24.125816E,56,9.7,67
17181,T,220830,092417,60.302078N,24.125860E,56,9.3,65
17182,T,220830,092418,60.302090N,24.125896E,56,7.7,66
17183,T,220830,092419,60.302097N,24.125929E,56,6.3,72
17184,T,220830,092420,60.302101N,24.125957E,57,6.0,81
17185,T,220830,092421,60.302105N,24.125990E,57,6.5,80
17186,T,220830,092422,60.302113N,24.126024E,57,7.8,78
17187,T,220830,092423,60.302124N,24.126059E,57,9.2,74
17188,T,220830,092424,60.302135N,24.126093E,57,8.4,72
17189,T,220830,092425,60.302151N,24.126123E,58,8.3,70
17190,T,220830,092426,60.302170N,24.126156E,58,8.4,67
17191,T,220830,092427,60.302181N,24.126188E,58,8.9,65
17192,T,220830,092428,60.302200N,24.126223E,58,9.6,39
17193,T,220830,092429,60.302219N,24.126253E,58,11.2,32
17194,T,220830,092430,60.302246N,24.126284E,58,13.1,25
17195,T,220830,092431,60.302277N,24.126314E,58,13.2,26
17196,T,220830,092432,60.302307N,24.126341E,58,14.5,23
17197,T,220830,092433,60.302341N,24.126364E,57,15.7,20
17198,T,220830,092434,60.302380N,24.126392E,57,15.8,18
17199,T,220830,092435,60.302425N,24.126415E,57,19.3,11
17200,T,220830,092436,60.302471N,24.126432E,57,19.4,8
17201,T,220830,092437,60.302525N,24.126450E,57,20.5,10
17202,T,220830,092438,60.302570N,24.126465E,57,19.9,9
17203,T,220830,092439,60.302628N,24.126478E,56,22.0,8
17204,T,220830,092440,60.302685N,24.126497E,56,23.3,9
17205,T,220830,092441,60.302738N,24.126516E,56,22.5,11
17206,T,220830,092442,60.302792N,24.126545E,55,23.8,12
17207,T,220830,092443,60.302845N,24.126575E,54,24.5,13
17208,T,220830,092444,60.302898N,24.126614E,54,24.9,14
17209,T,220830,092445,60.302959N,24.126656E,54,24.9,15
17210,T,220830,092446,60.303020N,24.126703E,54,25.0,16
17211,T,220830,092447,60.303074N,24.126764E,53,25.0,30
17212,T,220830,092448,60.303127N,24.126839E,53,25.2,36
17213,T,220830,092449,60.303177N,24.126917E,53,25.2,39
17214,T,220830,092450,60.303219N,24.127001E,52,24.3,45
17215,T,220830,092451,60.303265N,24.127094E,52,25.1,49
17216,T,220830,092452,60.303303N,24.127193E,52,25.4,49
17217,T,220830,092453,60.303345N,24.127298E,52,24.7,50
17218,T,220830,092454,60.303383N,24.127396E,52,25.1,50
17219,T,220830,092455,60.303425N,24.127493E,52,25.0,45
17220,T,220830,092456,60.303471N,24.127577E,52,24.9,41
17221,T,220830,092457,60.303520N,24.127657E,52,23.4,36
17222,T,220830,092458,60.303562N,24.127724E,52,22.7,33
17223,T,220830,092459,60.303612N,24.127787E,51,23.1,29
17224,T,220830,092500,60.303661N,24.127848E,51,24.0,31
17225,T,220830,092501,60.303715N,24.127911E,50,24.9,29
17226,T,220830,092502,60.303768N,24.127968E,49,24.3,27
17227,T,220830,092503,60.303825N,24.128023E,49,25.0,26
17228,T,220830,092504,60.303879N,24.128080E,48,25.0,25
17229,T,220830,092505,60.303936N,24.128136E,48,25.0,24
17230,T,220830,092506,60.303997N,24.128183E,48,24.5,23
17231,T,220830,092507,60.304050N,24.128235E,47,24.1,23
17232,T,220830,092508,60.304104N,24.128281E,47,23.7,21
17233,T,220830,092509,60.304161N,24.128332E,47,22.6,21
17234,T,220830,092510,60.304207N,24.128376E,47,20.6,21
17235,T,220830,092511,60.304256N,24.128416E,47,17.8,21
17236,T,220830,092512,60.304295N,24.128452E,46,16.3,21
17237,T,220830,092513,60.304333N,24.128477E,46,15.6,20
17238,T,220830,092514,60.304367N,24.128504E,46,15.5,19
17239,T,220830,092515,60.304409N,24.128525E,45,15.0,11
17240,T,220830,092516,60.304443N,24.128536E,45,13.5,8
17241,T,220830,092517,60.304478N,24.128544E,45,12.5,1
17242,T,220830,092518,60.304512N,24.128553E,45,15.6,2
17243,T,220830,092519,60.304550N,24.128576E,45,16.9,3
17244,T,220830,092520,60.304596N,24.128597E,44,18.2,4
17245,T,220830,092521,60.304642N,24.128622E,44,18.9,5
17246,T,220830,092522,60.304688N,24.128645E,44,20.1,6
17247,T,220830,092523,60.304737N,24.128668E,43,20.2,7
17248,T,220830,092524,60.304787N,24.128693E,43,20.8,8
17249,T,220830,092525,60.304840N,24.128717E,43,21.1,9
17250,T,220830,092526,60.304890N,24.128746E,43,21.2,9
17251,T,220830,092527,60.304939N,24.128777E,43,21.8,10
17252,T,220830,092528,60.304993N,24.128807E,43,22.5,11
17253,T,220830,092529,60.305050N,24.128847E,42,23.1,12
17254,T,220830,092530,60.305099N,24.128883E,42,22.6,14
17255,T,220830,092531,60.305157N,24.128918E,42,22.6,15
17256,T,220830,092532,60.305206N,24.128950E,41,22.0,17
17257,T,220830,092533,60.305264N,24.128984E,41,23.0,18
17258,T,220830,092534,60.305321N,24.129017E,41,23.3,18
17259,T,220830,092535,60.305374N,24.129051E,40,24.0,17
17260,T,220830,092536,60.305431N,24.129089E,40,24.5,18
17261,T,220830,092537,60.305492N,24.129131E,39,25.2,18
17262,T,220830,092538,60.305553N,24.129175E,39,25.5,19
17263,T,220830,092539,60.305611N,24.129225E,39,25.7,20
17264,T,220830,092540,60.305672N,24.129272E,38,25.7,21
17265,T,220830,092541,60.305737N,24.129322E,38,25.6,22
17266,T,220830,092542,60.305794N,24.129375E,38,24.9,23
17267,T,220830,092543,60.305847N,24.129433E,37,24.2,24
17268,T,220830,092544,60.305904N,24.129484E,37,23.3,25
17269,T,220830,092545,60.305958N,24.129536E,37,23.2,26
17270,T,220830,092546,60.306007N,24.129583E,37,21.7,26
17271,T,220830,092547,60.306057N,24.129633E,37,21.8,26
17272,T,220830,092548,60.306103N,24.129677E,37,20.3,25
17273,T,220830,092549,60.306149N,24.129721E,36,20.4,25
17274,T,220830,092550,60.306190N,24.129765E,36,20.3,25
17275,T,220830,092551,60.306236N,24.129808E,36,20.0,25
17276,T,220830,092552,60.306278N,24.129850E,36,19.9,25
17277,T,220830,092553,60.306324N,24.129890E,36,19.8,25
17278,T,220830,092554,60.306370N,24.129932E,36,19.8,25
17279,T,220830,092555,60.306412N,24.129972E,36,19.2,25
17280,T,220830,092556,60.306458N,24.130014E,36,19.6,25
17281,T,220830,092557,60.306499N,24.130058E,36,19.3,30
17282,T,220830,092558,60.306541N,24.130108E,36,19.6,29
17283,T,220830,092559,60.306583N,24.130154E,36,19.6,27
17284,T,220830,092600,60.306633N,24.130192E,36,20.0,24
17285,T,220830,092601,60.306675N,24.130228E,36,19.6,24
17286,T,220830,092602,60.306725N,24.130272E,36,21.9,24
17287,T,220830,092603,60.306770N,24.130316E,36,21.6,23
17288,T,220830,092604,60.306824N,24.130360E,36,21.1,23
17289,T,220830,092605,60.306873N,24.130404E,36,20.3,24
17290,T,220830,092606,60.306915N,24.130447E,36,20.0,24
17291,T,220830,092607,60.306961N,24.130489E,36,19.1,25
17292,T,220830,092608,60.306999N,24.130535E,36,19.4,27
17293,T,220830,092609,60.307049N,24.130577E,36,18.8,26
17294,T,220830,092610,60.307087N,24.130615E,36,18.3,25
17295,T,220830,092611,60.307137N,24.130653E,36,19.1,25
17296,T,220830,092612,60.307186N,24.130695E,36,19.6,23
17297,T,220830,092613,60.307232N,24.130733E,36,19.5,22
17298,T,220830,092614,60.307281N,24.130772E,36,20.0,22
17299,T,220830,092615,60.307323N,24.130816E,36,20.1,23
17300,T,220830,092616,60.307369N,24.130852E,36,18.9,23
17301,T,220830,092617,60.307415N,24.130884E,37,18.5,22
17302,T,220830,092618,60.307461N,24.130917E,37,20.3,20
17303,T,220830,092619,60.307507N,24.130943E,37,17.6,18
17304,T,220830,092620,60.307549N,24.130966E,37,16.9,16
17305,T,220830,092621,60.307587N,24.130987E,38,16.0,14
17306,T,220830,092622,60.307625N,24.131008E,38,15.1,13
17307,T,220830,092623,60.307659N,24.131023E,38,14.4,12
17308,T,220830,092624,60.307690N,24.131037E,38,12.7,11
17309,T,220830,092625,60.307720N,24.131050E,37,13.6,10
17310,T,220830,092626,60.307755N,24.131056E,38,14.1,4
17311,T,220830,092627,60.307793N,24.131060E,38,14.7,3
17312,T,220830,092628,60.307827N,24.131063E,38,15.6,3
17313,T,220830,092629,60.307869N,24.131069E,38,16.2,4
17314,T,220830,092630,60.307907N,24.131077E,37,17.2,6
17315,T,220830,092631,60.307953N,24.131086E,37,18.7,5
17316,T,220830,092632,60.307999N,24.131090E,37,19.7,3
17317,T,220830,092633,60.308048N,24.131096E,36,20.5,4
17318,T,220830,092634,60.308102N,24.131104E,36,21.3,4
17319,T,220830,092635,60.308155N,24.131117E,36,21.4,4
17320,T,220830,092636,60.308208N,24.131130E,36,21.4,5
17321,T,220830,092637,60.308262N,24.131140E,35,20.9,5
17322,T,220830,092638,60.308311N,24.131157E,35,20.2,7
17323,T,220830,092639,60.308361N,24.131172E,35,20.4,8
17324,T,220830,092640,60.308411N,24.131189E,35,21.1,9
17325,T,220830,092641,60.308464N,24.131210E,34,20.6,10
17326,T,220830,092642,60.308517N,24.131229E,34,20.6,11
17327,T,220830,092643,60.308567N,24.131254E,35,20.4,11
17328,T,220830,092644,60.308613N,24.131262E,35,19.8,10
17329,T,220830,092645,60.308659N,24.131283E,35,19.5,11
17330,T,220830,092646,60.308704N,24.131302E,35,19.5,11
17331,T,220830,092647,60.308750N,24.131325E,35,19.6,11
17332,T,220830,092648,60.308800N,24.131344E,35,19.9,10
17333,T,220830,092649,60.308849N,24.131357E,35,19.3,11
17334,T,220830,092650,60.308895N,24.131376E,35,19.4,10
17335,T,220830,092651,60.308945N,24.131395E,35,19.9,10
17336,T,220830,092652,60.308990N,24.131416E,35,19.6,10
17337,T,220830,092653,60.309040N,24.131435E,34,20.7,11
17338,T,220830,092654,60.309093N,24.131458E,34,21.4,11
17339,T,220830,092655,60.309147N,24.131477E,34,21.5,10
17340,T,220830,092656,60.309200N,24.131496E,34,21.6,10
17341,T,220830,092657,60.309258N,24.131516E,34,21.7,9
17342,T,220830,092658,60.309307N,24.131533E,33,21.5,9
17343,T,220830,092659,60.309361N,24.131550E,33,21.0,9
17344,T,220830,092700,60.309410N,24.131575E,33,20.7,10
17345,T,220830,092701,60.309460N,24.131598E,34,20.3,12
17346,T,220830,092702,60.309513N,24.131620E,34,20.2,12
17347,T,220830,092703,60.309559N,24.131638E,34,20.3,11
17348,T,220830,092704,60.309612N,24.131657E,34,20.8,10
17349,T,220830,092705,60.309666N,24.131676E,34,20.7,9
17350,T,220830,092706,60.309711N,24.131695E,34,19.8,9
17351,T,220830,092707,60.309761N,24.131714E,34,19.7,11
17352,T,220830,092708,60.309807N,24.131737E,34,19.6,11
17353,T,220830,092709,60.309856N,24.131754E,34,19.5,11
17354,T,220830,092710,60.309902N,24.131775E,34,19.5,12
17355,T,220830,092711,60.309952N,24.131794E,34,19.6,12
17356,T,220830,092712,60.310001N,24.131813E,34,19.5,11
17357,T,220830,092713,60.310047N,24.131836E,34,20.0,11
17358,T,220830,092714,60.310097N,24.131853E,34,20.0,11
17359,T,220830,092715,60.310143N,24.131870E,35,19.9,10
17360,T,220830,092716,60.310192N,24.131884E,35,19.6,9
17361,T,220830,092717,60.310242N,24.131901E,35,19.7,9
17362,T,220830,092718,60.310291N,24.131918E,35,19.2,9
17363,T,220830,092719,60.310341N,24.131931E,35,19.7,8
17364,T,220830,092720,60.310390N,24.131950E,35,19.7,9
17365,T,220830,092721,60.310440N,24.131964E,35,19.8,9
17366,T,220830,092722,60.310490N,24.131981E,35,19.7,9
17367,T,220830,092723,60.310535N,24.132002E,35,19.6,10
17368,T,220830,092724,60.310585N,24.132025E,35,19.8,10
17369,T,220830,092725,60.310635N,24.132044E,35,20.1,11
17370,T,220830,092726,60.310684N,24.132065E,35,20.1,12
17371,T,220830,092727,60.310734N,24.132082E,35,20.0,11
17372,T,220830,092728,60.310780N,24.132095E,35,20.0,10
17373,T,220830,092729,60.310833N,24.132109E,35,19.9,9
17374,T,220830,092730,60.310879N,24.132124E,35,20.0,8
17375,T,220830,092731,60.310932N,24.132133E,35,20.9,6
17376,T,220830,092732,60.310986N,24.132139E,35,21.6,0
17377,T,220830,092733,60.311039N,24.132137E,35,23.4,359
17378,T,220830,092734,60.311100N,24.132135E,34,24.6,359
17379,T,220830,092735,60.311165N,24.132130E,34,25.3,358
17380,T,220830,092736,60.311230N,24.132128E,33,26.1,356
17381,T,220830,092737,60.311291N,24.132124E,33,26.5,357
17382,T,220830,092738,60.311359N,24.132126E,32,26.4,1
17383,T,220830,092739,60.311424N,24.132135E,32,25.7,3
17384,T,220830,092740,60.311485N,24.132151E,32,24.5,6
17385,T,220830,092741,60.311543N,24.132170E,32,23.1,12
17386,T,220830,092742,60.311600N,24.132196E,32,22.2,12
17387,T,220830,092743,60.311653N,24.132219E,32,21.2,11
17388,T,220830,092744,60.311699N,24.132244E,32,20.1,13
17389,T,220830,092745,60.311749N,24.132273E,32,19.2,11
17390,T,220830,092746,60.311790N,24.132290E,32,18.5,12
17391,T,220830,092747,60.311836N,24.132317E,32,18.4,13
17392,T,220830,092748,60.311874N,24.132336E,32,17.8,14
17393,T,220830,092749,60.311920N,24.132357E,32,17.7,13
17394,T,220830,092750,60.311958N,24.132376E,32,16.6,14
17395,T,220830,092751,60.312000N,24.132402E,32,16.5,15
17396,T,220830,092752,60.312035N,24.132427E,32,16.7,17
17397,T,220830,092753,60.312077N,24.132456E,32,16.5,19
17398,T,220830,092754,60.312111N,24.132484E,32,16.4,20
17399,T,220830,092755,60.312153N,24.132511E,32,16.1,20
17400,T,220830,092756,60.312187N,24.132536E,32,15.7,19
17401,T,220830,092757,60.312225N,24.132563E,33,15.5,19
17402,T,220830,092758,60.312260N,24.132586E,33,15.2,19
17403,T,220830,092759,60.312298N,24.132612E,33,14.7,19
17404,T,220830,092800,60.312328N,24.132635E,33,13.4,19
17405,T,220830,092801,60.312359N,24.132654E,33,12.6,13
17406,T,220830,092802,60.312393N,24.132669E,33,12.7,16
17407,T,220830,092803,60.312420N,24.132690E,33,12.6,18
17408,T,220830,092804,60.312447N,24.132713E,33,12.5,19
17409,T,220830,092805,60.312481N,24.132736E,33,12.5,20
17410,T,220830,092806,60.312508N,24.132755E,34,12.6,19
17411,T,220830,092807,60.312538N,24.132780E,34,12.6,21
17412,T,220830,092808,60.312569N,24.132805E,34,13.1,21
17413,T,220830,092809,60.312599N,24.132828E,34,13.1,21
17414,T,220830,092810,60.312634N,24.132853E,35,13.1,21
17415,T,220830,092811,60.312660N,24.132875E,35,13.1,21
17416,T,220830,092812,60.312687N,24.132898E,35,13.1,20
17417,T,220830,092813,60.312721N,24.132919E,35,13.0,20
17418,T,220830,092814,60.312752N,24.132944E,35,12.9,20
17419,T,220830,092815,60.312778N,24.132963E,36,12.6,19
17420,T,220830,092816,60.312809N,24.132988E,36,12.5,19
17421,T,220830,092817,60.312840N,24.133007E,36,12.1,19
17422,T,220830,092818,60.312862N,24.133030E,36,12.1,20
17423,T,220830,092819,60.312897N,24.133055E,37,11.7,20
17424,T,220830,092820,60.312920N,24.133074E,37,11.6,20
17425,T,220830,092821,60.312943N,24.133097E,37,11.1,20
17426,T,220830,092822,60.312969N,24.133116E,37,11.1,21
17427,T,220830,092823,60.312996N,24.133137E,38,10.6,20
17428,T,220830,092824,60.313019N,24.133154E,38,10.5,20
17429,T,220830,092825,60.313046N,24.133171E,38,10.5,20
17430,T,220830,092826,60.313068N,24.133190E,38,10.1,20
17431,T,220830,092827,60.313091N,24.133204E,39,10.1,19
17432,T,220830,092828,60.313114N,24.133224E,39,10.0,19
17433,T,220830,092829,60.313141N,24.133238E,39,10.1,19
17434,T,220830,092830,60.313164N,24.133257E,39,10.2,20
17435,T,220830,092831,60.313190N,24.133276E,40,10.7,19
17436,T,220830,092832,60.313217N,24.133289E,40,10.2,18
17437,T,220830,092833,60.313240N,24.133307E,40,10.4,18
17438,T,220830,092834,60.313267N,24.133326E,40,10.7,20
17439,T,220830,092835,60.313293N,24.133345E,41,11.1,20
17440,T,220830,092836,60.313320N,24.133364E,41,11.0,20
17441,T,220830,092837,60.313347N,24.133381E,41,11.5,19
17442,T,220830,092838,60.313377N,24.133398E,41,11.6,18
17443,T,220830,092839,60.313404N,24.133417E,41,11.6,18
17444,T,220830,092840,60.313431N,24.133438E,41,12.3,18
17445,T,220830,092841,60.313461N,24.133457E,42,11.8,19
17446,T,220830,092842,60.313488N,24.133482E,42,11.7,26
17447,T,220830,092843,60.313515N,24.133509E,42,12.1,22
17448,T,220830,092844,60.313545N,24.133528E,42,12.0,20
17449,T,220830,092845,60.313572N,24.133545E,43,12.1,17
17450,T,220830,092846,60.313606N,24.133560E,43,13.1,14
17451,T,220830,092847,60.313641N,24.133579E,43,12.3,15
17452,T,220830,092848,60.313667N,24.133596E,43,12.7,14
17453,T,220830,092849,60.313702N,24.133615E,43,12.3,15
17454,T,220830,092850,60.313728N,24.133636E,43,12.9,16
17455,T,220830,092851,60.313759N,24.133654E,43,12.8,16
17456,T,220830,092852,60.313793N,24.133673E,44,12.7,15
17457,T,220830,092853,60.313820N,24.133690E,44,12.7,15
17458,T,220830,092854,60.313850N,24.133705E,44,12.7,15
17459,T,220830,092855,60.313885N,24.133724E,44,12.8,15
17460,T,220830,092856,60.313911N,24.133741E,45,12.7,16
17461,T,220830,092857,60.313946N,24.133759E,45,12.1,15
17462,T,220830,092858,60.313972N,24.133776E,45,12.0,15
17463,T,220830,092859,60.313999N,24.133789E,45,11.6,14
17464,T,220830,092900,60.314030N,24.133804E,46,11.2,14
17465,T,220830,092901,60.314056N,24.133818E,46,11.2,12
17466,T,220830,092902,60.314079N,24.133829E,46,11.1,13
17467,T,220830,092903,60.314110N,24.133844E,46,10.8,14
17468,T,220830,092904,60.314133N,24.133863E,46,11.6,16
17469,T,220830,092905,60.314159N,24.133883E,47,12.5,17
17470,T,220830,092906,60.314194N,24.133902E,47,12.8,18
17471,T,220830,092907,60.314224N,24.133923E,47,12.9,18
17472,T,220830,092908,60.314255N,24.133944E,47,13.6,18
17473,T,220830,092909,60.314289N,24.133965E,47,14.4,18
17474,T,220830,092910,60.314323N,24.133987E,47,14.5,17
17475,T,220830,092911,60.314362N,24.134016E,47,15.4,23
17476,T,220830,092912,60.314396N,24.134047E,47,16.1,22
17477,T,220830,092913,60.314438N,24.134077E,47,16.1,22
17478,T,220830,092914,60.314472N,24.134111E,47,15.4,24
17479,T,220830,092915,60.314507N,24.134144E,47,14.8,23
17480,T,220830,092916,60.314541N,24.134172E,47,14.7,22
17481,T,220830,092917,60.314579N,24.134195E,47,14.6,23
17482,T,220830,092918,60.314617N,24.134224E,47,14.7,22
17483,T,220830,092919,60.314651N,24.134258E,47,15.5,22
17484,T,220830,092920,60.314693N,24.134283E,47,16.6,22
17485,T,220830,092921,60.314732N,24.134319E,47,17.2,22
17486,T,220830,092922,60.314777N,24.134354E,47,18.4,20
17487,T,220830,092923,60.314819N,24.134388E,47,19.0,21
17488,T,220830,092924,60.314865N,24.134424E,47,18.3,21
17489,T,220830,092925,60.314911N,24.134464E,46,18.8,22
17490,T,220830,092926,60.314953N,24.134502E,46,16.9,23
17491,T,220830,092927,60.314987N,24.134537E,46,16.9,24
17492,T,220830,092928,60.315029N,24.134577E,46,17.3,26
17493,T,220830,092929,60.315063N,24.134619E,46,17.3,26
17494,T,220830,092930,60.315105N,24.134659E,46,17.0,26
17495,T,220830,092931,60.315140N,24.134701E,46,17.1,28
17496,T,220830,092932,60.315174N,24.134745E,46,17.6,29
17497,T,220830,092933,60.315212N,24.134794E,46,17.0,31
17498,T,220830,092934,60.315247N,24.134842E,46,17.0,32
17499,T,220830,092935,60.315281N,24.134892E,46,17.0,34
17500,T,220830,092936,60.315311N,24.134947E,47,16.5,35
17501,T,220830,092937,60.315346N,24.134996E,47,15.6,37
17502,T,220830,092938,60.315376N,24.135044E,48,15.6,39
17503,T,220830,092939,60.315407N,24.135096E,48,16.2,39
17504,T,220830,092940,60.315437N,24.135143E,48,14.9,40
17505,T,220830,092941,60.315460N,24.135187E,48,12.9,41
17506,T,220830,092942,60.315487N,24.135223E,48,13.5,34
17507,T,220830,092943,60.315514N,24.135267E,48,14.0,34
17508,T,220830,092944,60.315540N,24.135309E,49,14.0,36
17509,T,220830,092945,60.315567N,24.135345E,49,14.2,32
17510,T,220830,092946,60.315598N,24.135387E,49,14.1,33
17511,T,220830,092947,60.315624N,24.135431E,49,14.1,36
17512,T,220830,092948,60.315651N,24.135469E,49,15.0,36
17513,T,220830,092949,60.315685N,24.135513E,49,15.0,36
17514,T,220830,092950,60.315716N,24.135559E,49,16.5,36
17515,T,220830,092951,60.315746N,24.135609E,49,15.3,36
17516,T,220830,092952,60.315781N,24.135654E,49,15.5,35
17517,T,220830,092953,60.315811N,24.135700E,49,15.5,35
17518,T,220830,092954,60.315845N,24.135750E,49,16.5,36
17519,T,220830,092955,60.315880N,24.135803E,48,16.7,36
17520,T,220830,092956,60.315910N,24.135855E,48,16.8,35
17521,T,220830,092957,60.315945N,24.135900E,48,16.7,35
17522,T,220830,092958,60.315975N,24.135954E,48,16.6,37
17523,T,220830,092959,60.316010N,24.136007E,47,18.0,38
17524,T,220830,093000,60.316040N,24.136068E,47,18.9,40
17525,T,220830,093001,60.316074N,24.136143E,46,19.5,49
17526,T,220830,093002,60.316105N,24.136225E,46,21.1,56
17527,T,220830,093003,60.316135N,24.136318E,45,22.2,63
17528,T,220830,093004,60.316158N,24.136419E,45,23.1,68
17529,T,220830,093005,60.316185N,24.136528E,44,23.8,66
17530,T,220830,093006,60.316208N,24.136644E,44,24.9,65
17531,T,220830,093007,60.316238N,24.136761E,44,25.5,64
17532,T,220830,093008,60.316273N,24.136875E,43,26.2,61
17533,T,220830,093009,60.316307N,24.136990E,42,26.9,61
17534,T,220830,093010,60.316349N,24.137102E,42,27.5,60
17535,T,220830,093011,60.316391N,24.137211E,41,28.0,59
17536,T,220830,093012,60.316441N,24.137310E,41,28.1,57
17537,T,220830,093013,60.316498N,24.137403E,41,28.0,56
17538,T,220830,093014,60.316551N,24.137487E,41,27.3,54
17539,T,220830,093015,60.316608N,24.137564E,40,26.6,52
17540,T,220830,093016,60.316669N,24.137627E,40,25.9,50
17541,T,220830,093017,60.316723N,24.137686E,40,24.8,48
17542,T,220830,093018,60.316776N,24.137745E,40,24.0,46
17543,T,220830,093019,60.316833N,24.137802E,40,24.0,44
17544,T,220830,093020,60.316887N,24.137854E,40,23.9,42
17545,T,220830,093021,60.316940N,24.137905E,40,23.9,40
17546,T,220830,093022,60.316994N,24.137962E,40,23.8,39
17547,T,220830,093023,60.317043N,24.138020E,40,23.5,37
17548,T,220830,093024,60.317097N,24.138077E,39,23.4,36
17549,T,220830,093025,60.317146N,24.138126E,39,22.7,35
17550,T,220830,093026,60.317200N,24.138180E,39,22.4,34
17551,T,220830,093027,60.317249N,24.138235E,39,22.2,33
17552,T,220830,093028,60.317295N,24.138288E,39,22.1,33
17553,T,220830,093029,60.317341N,24.138340E,39,22.0,31
17554,T,220830,093030,60.317390N,24.138391E,39,21.9,29
17555,T,220830,093031,60.317440N,24.138445E,39,21.8,28
17556,T,220830,093032,60.317486N,24.138494E,39,21.7,27
17557,T,220830,093033,60.317532N,24.138544E,39,21.6,26
17558,T,220830,093034,60.317581N,24.138590E,39,21.2,26
17559,T,220830,093035,60.317631N,24.138636E,39,21.3,26
17560,T,220830,093036,60.317680N,24.138683E,39,21.7,26
17561,T,220830,093037,60.317726N,24.138729E,39,21.8,25
17562,T,220830,093038,60.317780N,24.138781E,39,21.8,25
17563,T,220830,093039,60.317829N,24.138826E,39,21.4,26
17564,T,220830,093040,60.317875N,24.138874E,39,21.2,26
17565,T,220830,093041,60.317924N,24.138920E,38,21.1,27
17566,T,220830,093042,60.317966N,24.138969E,39,21.1,27
17567,T,220830,093043,60.318020N,24.139015E,38,21.1,26
17568,T,220830,093044,60.318066N,24.139069E,38,20.5,31
17569,T,220830,093045,60.318104N,24.139126E,38,19.6,39
17570,T,220830,093046,60.318146N,24.139191E,38,20.3,39
17571,T,220830,093047,60.318180N,24.139254E,38,19.4,39
17572,T,220830,093048,60.318214N,24.139318E,39,19.3,41
17573,T,220830,093049,60.318253N,24.139381E,39,18.7,41
17574,T,220830,093050,60.318287N,24.139446E,39,18.2,40
17575,T,220830,093051,60.318321N,24.139503E,39,18.2,40
17576,T,220830,093052,60.318352N,24.139561E,39,16.7,40
17577,T,220830,093053,60.318382N,24.139616E,39,16.6,40
17578,T,220830,093054,60.318413N,24.139671E,40,15.1,41
17579,T,220830,093055,60.318439N,24.139725E,40,15.1,40
17580,T,220830,093056,60.318474N,24.139774E,40,15.1,40
17581,T,220830,093057,60.318501N,24.139818E,40,15.1,39
17582,T,220830,093058,60.318527N,24.139864E,40,15.2,38
17583,T,220830,093059,60.318562N,24.139912E,40,15.6,37
17584,T,220830,093100,60.318592N,24.139961E,40,15.7,37
17585,T,220830,093101,60.318619N,24.140015E,40,16.1,37
17586,T,220830,093102,60.318653N,24.140064E,40,16.1,36
17587,T,220830,093103,60.318684N,24.140110E,41,15.4,35
17588,T,220830,093104,60.318714N,24.140154E,41,15.5,35
17589,T,220830,093105,60.318748N,24.140196E,40,15.5,33
17590,T,220830,093106,60.318779N,24.140236E,40,15.4,32
17591,T,220830,093107,60.318813N,24.140274E,40,15.0,27
17592,T,220830,093108,60.318844N,24.140306E,40,14.9,23
17593,T,220830,093109,60.318878N,24.140333E,40,14.8,17
17594,T,220830,093110,60.318913N,24.140354E,40,14.5,15
17595,T,220830,093111,60.318947N,24.140368E,40,14.5,12
17596,T,220830,093112,60.318985N,24.140383E,40,14.0,11
17597,T,220830,093113,60.319019N,24.140390E,39,14.2,6
17598,T,220830,093114,60.319057N,24.140396E,39,14.2,2
17599,T,220830,093115,60.319088N,24.140396E,40,14.1,359
17600,T,220830,093116,60.319126N,24.140396E,40,13.4,3
17601,T,220830,093117,60.319160N,24.140404E,40,13.5,8
17602,T,220830,093118,60.319191N,24.140423E,40,13.1,19
17603,T,220830,093119,60.319221N,24.140451E,40,12.3,33
17604,T,220830,093120,60.319244N,24.140495E,40,13.1,56
17605,T,220830,093121,60.319256N,24.140556E,39,14.6,76
17606,T,220830,093122,60.319260N,24.140623E,39,15.3,88
17607,T,220830,093123,60.319260N,24.140701E,39,16.2,92
17608,T,220830,093124,60.319256N,24.140781E,39,15.8,95
17609,T,220830,093125,60.319252N,24.140863E,39,15.9,95
17610,T,220830,093126,60.319248N,24.140947E,39,15.4,93
17611,T,220830,093127,60.319244N,24.141026E,40,14.6,95
17612,T,220830,093128,60.319241N,24.141096E,40,13.5,93
17613,T,220830,093129,60.319241N,24.141163E,40,12.5,92
17614,T,220830,093130,60.319237N,24.141222E,40,12.4,99
17615,T,220830,093131,60.319237N,24.141277E,41,10.6,98
17616,T,220830,093132,60.319237N,24.141327E,41,9.0,97
17617,T,220830,093133,60.319241N,24.141375E,41,9.1,95
17618,T,220830,093134,60.319244N,24.141420E,41,8.1,92
17619,T,220830,093135,60.319252N,24.141462E,42,8.0,90
17620,T,220830,093136,60.319256N,24.141504E,42,8.5,89
17621,T,220830,093137,60.319263N,24.141548E,42,9.7,86
17622,T,220830,093138,60.319275N,24.141592E,42,10.3,84
17623,T,220830,093139,60.319286N,24.141636E,42,10.7,81
17624,T,220830,093140,60.319309N,24.141676E,42,11.8,78
17625,T,220830,093141,60.319332N,24.141722E,42,12.7,75
17626,T,220830,093142,60.319359N,24.141764E,42,13.9,72
17627,T,220830,093143,60.319389N,24.141813E,42,14.9,69
17628,T,220830,093144,60.319416N,24.141859E,42,14.8,35
17629,T,220830,093145,60.319447N,24.141911E,41,17.6,34
17630,T,220830,093146,60.319485N,24.141964E,41,17.7,34
17631,T,220830,093147,60.319519N,24.142019E,41,19.6,35
17632,T,220830,093148,60.319561N,24.142075E,41,17.6,30
17633,T,220830,093149,60.319595N,24.142118E,41,16.4,31
17634,T,220830,093150,60.319633N,24.142160E,42,14.7,31
17635,T,220830,093151,60.319660N,24.142199E,43,14.6,32
17636,T,220830,093152,60.319687N,24.142223E,43,13.8,34
17637,T,220830,093153,60.319721N,24.142256E,43,13.7,34
17638,T,220830,093154,60.319748N,24.142296E,43,13.7,33
17639,T,220830,093155,60.319771N,24.142324E,43,11.5,37
17640,T,220830,093156,60.319794N,24.142357E,42,12.2,36
17641,T,220830,093157,60.319820N,24.142385E,42,11.5,36
17642,T,220830,093158,60.319839N,24.142418E,43,12.2,33
17643,T,220830,093159,60.319862N,24.142452E,43,11.3,32
17644,T,220830,093200,60.319885N,24.142488E,43,11.3,41
17645,T,220830,093201,60.319904N,24.142525E,43,10.1,40
17646,T,220830,093202,60.319927N,24.142565E,44,10.7,37
17647,T,220830,093203,60.319950N,24.142597E,44,10.0,37
17648,T,220830,093204,60.319977N,24.142641E,45,11.0,45
17649,T,220830,093205,60.320000N,24.142691E,45,11.0,50
17650,T,220830,093206,60.320015N,24.142744E,46,10.5,53
17651,T,220830,093207,60.320030N,24.142784E,46,7.7,56
17652,T,220830,093208,60.320049N,24.142824E,47,8.9,55
17653,T,220830,093209,60.320061N,24.142864E,47,7.5,56
17654,T,220830,093210,60.320072N,24.142897E,47,6.4,51
17655,T,220830,093211,60.320087N,24.142925E,47,7.6,51
17656,T,220830,093212,60.320103N,24.142962E,47,8.1,50
17657,T,220830,093213,60.320114N,24.142996E,47,7.2,56
17658,T,220830,093214,60.320129N,24.143032E,46,8.0,62
17659,T,220830,093215,60.320141N,24.143072E,46,9.7,61
17660,T,220830,093216,60.320156N,24.143112E,45,10.2,60
17661,T,220830,093217,60.320179N,24.143156E,45,11.4,59
17662,T,220830,093218,60.320202N,24.143202E,44,11.4,58
17663,T,220830,093219,60.320225N,24.143248E,44,11.4,57
17664,T,220830,093220,60.320248N,24.143295E,44,11.9,56
17665,T,220830,093221,60.320274N,24.143345E,45,12.7,55
17666,T,220830,093222,60.320301N,24.143393E,45,13.1,54
17667,T,220830,093223,60.320324N,24.143436E,45,11.9,54
17668,T,220830,093224,60.320339N,24.143484E,45,10.6,55
17669,T,220830,093225,60.320366N,24.143543E,45,13.7,54
17670,T,220830,093226,60.320389N,24.143595E,45,12.2,54
17671,T,220830,093227,60.320408N,24.143642E,45,12.2,53
17672,T,220830,093228,60.320431N,24.143690E,45,11.7,51
17673,T,220830,093229,60.320454N,24.143732E,46,9.1,51
17674,T,220830,093230,60.320473N,24.143768E,46,8.4,49
17675,T,220830,093231,60.320492N,24.143810E,47,11.1,48
17676,T,220830,093232,60.320515N,24.143864E,47,12.7,49
17677,T,220830,093233,60.320545N,24.143927E,47,14.7,48
17678,T,220830,093234,60.320576N,24.143988E,47,14.7,49
17679,T,220830,093235,60.320599N,24.144047E,46,14.3,51
17680,T,220830,093236,60.320621N,24.144104E,46,13.5,51
17681,T,220830,093237,60.320641N,24.144159E,47,11.9,58
17682,T,220830,093238,60.320660N,24.144217E,47,13.6,58
17683,T,220830,093239,60.320686N,24.144274E,46,13.7,57
17684,T,220830,093240,60.320713N,24.144337E,46,15.2,56
17685,T,220830,093241,60.320740N,24.144400E,46,16.8,48
17686,T,220830,093242,60.320766N,24.144474E,46,18.6,49
17687,T,220830,093243,60.320805N,24.144550E,45,20.9,47
17688,T,220830,093244,60.320839N,24.144625E,45,20.2,45
17689,T,220830,093245,60.320881N,24.144688E,45,20.4,45
17690,T,220830,093246,60.320919N,24.144751E,46,19.8,33
17691,T,220830,093247,60.320969N,24.144808E,46,20.9,31
17692,T,220830,093248,60.321026N,24.144861E,46,20.8,25
17693,T,220830,093249,60.321072N,24.144911E,46,18.6,24
17694,T,220830,093250,60.321121N,24.144951E,46,17.5,20
17695,T,220830,093251,60.321167N,24.144991E,47,17.4,19
17696,T,220830,093252,60.321213N,24.145023E,47,16.8,17
17697,T,220830,093253,60.321259N,24.145063E,47,17.8,18
17698,T,220830,093254,60.321320N,24.145121E,47,17.8,17
17699,T,220830,093255,60.321373N,24.145170E,48,17.4,18
17700,T,220830,093256,60.321415N,24.145216E,49,16.0,17
17701,T,220830,093257,60.321457N,24.145254E,49,16.9,17
17702,T,220830,093258,60.321499N,24.145285E,48,18.7,17
17703,T,220830,093259,60.321548N,24.145317E,48,18.7,16
17704,T,220830,093300,60.321602N,24.145355E,48,18.7,17
17705,T,220830,093301,60.321648N,24.145395E,48,20.1,17
17706,T,220830,093302,60.321701N,24.145430E,48,20.2,18
17707,T,220830,093303,60.321751N,24.145464E,47,22.6,17
17708,T,220830,093304,60.321812N,24.145493E,47,23.7,15
17709,T,220830,093305,60.321873N,24.145519E,46,24.4,14
17710,T,220830,093306,60.321938N,24.145552E,45,26.5,13
17711,T,220830,093307,60.321999N,24.145576E,45,25.4,7
17712,T,220830,093308,60.322060N,24.145586E,45,21.9,1
17713,T,220830,093309,60.322113N,24.145582E,45,20.9,353
17714,T,220830,093310,60.322163N,24.145569E,44,20.9,347
17715,T,220830,093311,60.322216N,24.145546E,44,21.5,346
17716,T,220830,093312,60.322269N,24.145512E,43,20.5,333
17717,T,220830,093313,60.322311N,24.145462E,43,20.8,329
17718,T,220830,093314,60.322369N,24.145412E,43,23.0,332
17719,T,220830,093315,60.322414N,24.145357E,42,21.8,331
17720,T,220830,093316,60.322464N,24.145306E,42,22.4,332
17721,T,220830,093317,60.322521N,24.145256E,40,23.9,335
17722,T,220830,093318,60.322578N,24.145216E,39,22.8,344
17723,T,220830,093319,60.322636N,24.145201E,39,22.8,353
17724,T,220830,093320,60.322701N,24.145197E,38,24.5,359
17725,T,220830,093321,60.322769N,24.145212E,38,25.4,10
17726,T,220830,093322,60.322845N,24.145243E,37,27.6,15
17727,T,220830,093323,60.322914N,24.145283E,37,27.2,21
17728,T,220830,093324,60.322983N,24.145332E,36,27.9,21
17729,T,220830,093325,60.323051N,24.145382E,35,25.6,22
17730,T,220830,093326,60.323120N,24.145441E,35,26.6,25
17731,T,220830,093327,60.323181N,24.145502E,34,24.1,24
17732,T,220830,093328,60.323250N,24.145552E,35,24.9,16
17733,T,220830,093329,60.323307N,24.145594E,35,25.5,17
17734,T,220830,093330,60.323368N,24.145634E,34,24.9,17
17735,T,220830,093331,60.323433N,24.145664E,34,23.6,8
17736,T,220830,093332,60.323486N,24.145683E,34,22.6,10
17737,T,220830,093333,60.323540N,24.145700E,33,22.5,10
17738,T,220830,093334,60.323597N,24.145714E,34,22.6,7
17739,T,220830,093335,60.323650N,24.145727E,35,23.2,7
17740,T,220830,093336,60.323708N,24.145737E,35,20.7,6
17741,T,220830,093337,60.323753N,24.145741E,35,17.8,4
17742,T,220830,093338,60.323795N,24.145752E,36,17.7,3
17743,T,220830,093339,60.323841N,24.145756E,36,18.4,3
17744,T,220830,093340,60.323883N,24.145754E,36,16.5,358
17745,T,220830,093341,60.323925N,24.145754E,35,15.6,3
17746,T,220830,093342,60.323967N,24.145756E,35,16.9,1
17747,T,220830,093343,60.324009N,24.145763E,36,15.7,5
17748,T,220830,093344,60.324047N,24.145779E,36,15.4,7
17749,T,220830,093345,60.324085N,24.145788E,37,12.4,9
17750,T,220830,093346,60.324120N,24.145798E,38,12.3,12
17751,T,220830,093347,60.324154N,24.145811E,38,10.5,13
17752,T,220830,093348,60.324181N,24.145828E,38,11.8,15
17753,T,220830,093349,60.324207N,24.145832E,39,11.6,6
17754,T,220830,093350,60.324245N,24.145847E,40,11.7,7
17755,T,220830,093351,60.324272N,24.145870E,40,9.5,9
17756,T,220830,093352,60.324303N,24.145891E,40,11.7,10
17757,T,220830,093353,60.324337N,24.145914E,41,12.3,11
17758,T,220830,093354,60.324368N,24.145929E,41,11.1,11
17759,T,220830,093355,60.324394N,24.145956E,42,11.2,30
17760,T,220830,093356,60.324429N,24.145983E,42,8.4,31
17761,T,220830,093357,60.324459N,24.146015E,41,9.9,28
17762,T,220830,093358,60.324490N,24.146042E,41,9.1,32
17763,T,220830,093359,60.324512N,24.146067E,41,10.1,30
17764,T,220830,093400,60.324539N,24.146093E,41,11.3,27
17765,T,220830,093401,60.324574N,24.146126E,40,12.3,33
17766,T,220830,093402,60.324600N,24.146162E,40,11.0,39
17767,T,220830,093403,60.324627N,24.146200E,40,13.0,38
17768,T,220830,093404,60.324657N,24.146244E,40,13.7,36
17769,T,220830,093405,60.324688N,24.146288E,41,14.1,35
17770,T,220830,093406,60.324718N,24.146336E,41,14.7,35
17771,T,220830,093407,60.324760N,24.146381E,43,14.4,32
17772,T,220830,093408,60.324799N,24.146421E,43,15.7,30
17773,T,220830,093409,60.324837N,24.146458E,43,16.6,28
17774,T,220830,093410,60.324875N,24.146496E,43,16.7,26
17775,T,220830,093411,60.324917N,24.146534E,43,14.5,32
17776,T,220830,093412,60.324959N,24.146574E,43,17.1,30
17777,T,220830,093413,60.324997N,24.146608E,42,16.2,27
17778,T,220830,093414,60.325035N,24.146643E,42,15.4,28
17779,T,220830,093415,60.325073N,24.146685E,41,15.0,31
17780,T,220830,093416,60.325104N,24.146732E,41,16.7,33
17781,T,220830,093417,60.325146N,24.146780E,41,17.3,31
17782,T,220830,093418,60.325184N,24.146824E,40,16.4,32
17783,T,220830,093419,60.325218N,24.146879E,40,17.3,37
17784,T,220830,093420,60.325256N,24.146942E,40,17.2,44
17785,T,220830,093421,60.325291N,24.147003E,40,17.3,43
17786,T,220830,093422,60.325325N,24.147064E,40,16.4,43
17787,T,220830,093423,60.325352N,24.147123E,41,15.2,44
17788,T,220830,093424,60.325371N,24.147186E,41,13.3,45
17789,T,220830,093425,60.325394N,24.147238E,41,11.5,46
17790,T,220830,093426,60.325413N,24.147291E,41,11.9,47
17791,T,220830,093427,60.325439N,24.147354E,42,11.5,62
17792,T,220830,093428,60.325462N,24.147409E,42,10.1,61
17793,T,220830,093429,60.325485N,24.147455E,42,8.5,60
17794,T,220830,093430,60.325500N,24.147488E,43,5.2,60
17795,T,220830,093431,60.325508N,24.147518E,42,4.2,60
17796,T,220830,093432,60.325516N,24.147532E,43,0.0,60
17797,T,220830,093433,60.325516N,24.147528E,43,0.0,60
17798,T,220830,093434,60.325516N,24.147524E,43,0.0,60
17799,T,220830,093435,60.325516N,24.147524E,43,0.0,60
17800,T,220830,093436,60.325516N,24.147524E,43,0.0,60
17801,T,220830,093437,60.325516N,24.147524E,43,0.0,60
17802,T,220830,093438,60.325516N,24.147524E,43,0.0,60
17803,T,220830,093439,60.325516N,24.147524E,43,0.0,60
17804,T,220830,093440,60.325516N,24.147524E,43,0.0,60
17805,T,220830,093441,60.325516N,24.147524E,43,0.0,60
17806,T,220830,093442,60.325516N,24.147524E,43,0.0,60
17807,T,220830,093443,60.325520N,24.147533E,43,4.2,60
17808,T,220830,093444,60.325535N,24.147566E,43,6.5,56
17809,T,220830,093445,60.325546N,24.147604E,43,6.5,63
17810,T,220830,093446,60.325558N,24.147642E,43,6.5,73
17811,T,220830,093447,60.325565N,24.147676E,43,5.8,73
17812,T,220830,093448,60.325573N,24.147703E,43,6.1,71
17813,T,220830,093449,60.325581N,24.147734E,43,5.2,68
17814,T,220830,093450,60.325592N,24.147764E,43,6.6,67
17815,T,220830,093451,60.325600N,24.147795E,43,6.5,66
17816,T,220830,093452,60.325603N,24.147823E,43,5.8,65
17817,T,220830,093453,60.325611N,24.147848E,43,4.7,64
17818,T,220830,093454,60.325619N,24.147867E,43,3.7,63
17819,T,220830,093455,60.325623N,24.147888E,43,5.4,63
17820,T,220830,093456,60.325630N,24.147915E,43,6.1,61
17821,T,220830,093457,60.325642N,24.147940E,43,5.5,59
17822,T,220830,093458,60.325657N,24.147976E,43,6.2,58
17823,T,220830,093459,60.325665N,24.148001E,43,6.6,59
17824,T,220830,093500,60.325676N,24.148027E,43,6.1,57
17825,T,220830,093501,60.325687N,24.148060E,43,7.3,57
17826,T,220830,093502,60.325699N,24.148094E,43,7.2,56
17827,T,220830,093503,60.325722N,24.148121E,43,7.6,56
17828,T,220830,093504,60.325733N,24.148148E,42,7.2,54
17829,T,220830,093505,60.325741N,24.148180E,43,5.1,55
17830,T,220830,093506,60.325756N,24.148207E,43,7.2,56
17831,T,220830,093507,60.325760N,24.148237E,43,7.3,57
17832,T,220830,093508,60.325768N,24.148272E,43,6.4,59
17833,T,220830,093509,60.325783N,24.148312E,43,8.0,60
17834,T,220830,093510,60.325802N,24.148350E,43,7.2,60
17835,T,220830,093511,60.325817N,24.148382E,43,8.4,59
17836,T,220830,093512,60.325832N,24.148422E,43,8.3,58
17837,T,220830,093513,60.325848N,24.148457E,43,7.0,57
17838,T,220830,093514,60.325859N,24.148487E,43,6.9,55
17839,T,220830,093515,60.325871N,24.148523E,43,9.4,54
17840,T,220830,093516,60.325886N,24.148556E,43,4.4,51
17841,T,220830,093517,60.325893N,24.148577E,44,4.5,53
17842,T,220830,093518,60.325901N,24.148596E,44,4.2,43
17843,T,220830,093519,60.325912N,24.148617E,44,5.4,43
17844,T,220830,093520,60.325920N,24.148638E,44,5.5,42
17845,T,220830,093521,60.325928N,24.148664E,44,5.5,44
17846,T,220830,093522,60.325935N,24.148682E,45,4.4,46
17847,T,220830,093523,60.325947N,24.148708E,44,7.6,47
17848,T,220830,093524,60.325966N,24.148739E,45,7.7,48
17849,T,220830,093525,60.325981N,24.148769E,45,7.7,50
17850,T,220830,093526,60.325993N,24.148796E,45,6.3,46
17851,T,220830,093527,60.326004N,24.148823E,46,6.8,46
17852,T,220830,093528,60.326012N,24.148844E,46,6.1,47
17853,T,220830,093529,60.326035N,24.148857E,46,6.5,41
17854,T,220830,093530,60.326050N,24.148874E,46,6.1,39
17855,T,220830,093531,60.326061N,24.148888E,46,5.4,42
17856,T,220830,093532,60.326073N,24.148907E,46,5.5,37
17857,T,220830,093533,60.326084N,24.148924E,46,5.2,33
17858,T,220830,093534,60.326092N,24.148939E,46,5.6,34
17859,T,220830,093535,60.326107N,24.148954E,46,6.8,31
17860,T,220830,093536,60.326126N,24.148973E,46,6.5,32
17861,T,220830,093537,60.326141N,24.148993E,46,5.6,30
17862,T,220830,093538,60.326153N,24.149010E,46,5.6,35
17863,T,220830,093539,60.326168N,24.149019E,46,4.5,356
17864,T,220830,093540,60.326180N,24.149015E,46,3.6,353
17865,T,220830,093541,60.326191N,24.149002E,46,4.5,344
17866,T,220830,093542,60.326187N,24.148979E,46,5.7,237
17867,T,220830,093543,60.326176N,24.148964E,46,6.5,233
17868,T,220830,093544,60.326164N,24.148964E,46,5.5,228
17869,T,220830,093545,60.326153N,24.148964E,46,6.1,224
17870,T,220830,093546,60.326138N,24.148958E,46,6.1,222
17871,T,220830,093547,60.326118N,24.148945E,46,7.7,221
17872,T,220830,093548,60.326099N,24.148922E,46,10.9,218
17873,T,220830,093549,60.326073N,24.148884E,45,11.7,218
17874,T,220830,093550,60.326054N,24.148849E,45,10.0,218
17875,T,220830,093551,60.326023N,24.148804E,45,15.0,218
17876,T,220830,093552,60.326000N,24.148750E,45,15.3,218
17877,T,220830,093553,60.325970N,24.148693E,44,17.2,218
17878,T,220830,093554,60.325935N,24.148636E,44,16.0,219
17879,T,220830,093555,60.325909N,24.148588E,44,15.6,219
17880,T,220830,093556,60.325878N,24.148535E,44,15.7,220
17881,T,220830,093557,60.325851N,24.148476E,44,16.1,221
17882,T,220830,093558,60.325825N,24.148424E,44,14.3,224
17883,T,220830,093559,60.325802N,24.148371E,44,13.6,225
17884,T,220830,093600,60.325779N,24.148319E,44,11.7,226
17885,T,220830,093601,60.325760N,24.148266E,44,11.6,227
17886,T,220830,093602,60.325748N,24.148214E,44,9.7,228
17887,T,220830,093603,60.325737N,24.148176E,44,6.6,229
17888,T,220830,093604,60.325722N,24.148136E,44,7.7,229
17889,T,220830,093605,60.325699N,24.148088E,44,11.3,230
17890,T,220830,093606,60.325684N,24.148035E,44,12.2,230
17891,T,220830,093607,60.325661N,24.147970E,43,13.9,231
17892,T,220830,093608,60.325642N,24.147905E,43,14.9,232
17893,T,220830,093609,60.325619N,24.147844E,43,13.5,234
17894,T,220830,093610,60.325600N,24.147791E,43,11.0,235
17895,T,220830,093611,60.325584N,24.147745E,43,8.6,236
17896,T,220830,093612,60.325573N,24.147715E,43,6.0,236
17897,T,220830,093613,60.325565N,24.147686E,43,3.7,236
17898,T,220830,093614,60.325562N,24.147663E,43,0.0,236
17899,T,220830,093615,60.325554N,24.147646E,43,3.7,236
17900,T,220830,093616,60.325539N,24.147631E,43,4.7,236
17901,T,220830,093617,60.325527N,24.147623E,43,3.8,236
17902,T,220830,093618,60.325520N,24.147621E,43,4.7,236
17903,T,220830,093619,60.325508N,24.147633E,43,6.9,232
17904,T,220830,093620,60.325497N,24.147650E,43,6.4,142
17905,T,220830,093621,60.325493N,24.147671E,44,4.7,142
17906,T,220830,093622,60.325489N,24.147682E,44,0.0,142
17907,T,220830,093623,60.325489N,24.147684E,44,0.0,142
17908,T,220830,093624,60.325489N,24.147686E,44,0.0,142
17909,T,220830,093625,60.325489N,24.147694E,44,0.0,142
17910,T,220830,093626,60.325489N,24.147697E,44,0.0,142
17911,T,220830,093627,60.325489N,24.147705E,44,0.0,142
17912,T,220830,093628,60.325485N,24.147730E,44,0.0,142
17913,T,220830,093629,60.325481N,24.147749E,44,0.0,142
17914,T,220830,093630,60.325481N,24.147764E,44,0.0,142
17915,T,220830,093631,60.325474N,24.147779E,45,0.0,142
17916,T,220830,093632,60.325459N,24.147797E,45,0.0,142
17917,T,220830,093633,60.325455N,24.147816E,45,0.0,142
17918,T,220830,093634,60.325447N,24.147829E,45,0.0,142
17919,T,220830,093635,60.325443N,24.147844E,45,0.0,142
17920,T,220830,093636,60.325439N,24.147858E,45,0.0,142
17921,T,220830,093637,60.325436N,24.147879E,45,0.0,142
17922,T,220830,093638,60.325432N,24.147896E,45,0.0,142
17923,T,220830,093639,60.325432N,24.147915E,45,0.0,142
17924,T,220830,093640,60.325428N,24.147928E,46,0.0,142
17925,T,220830,093641,60.325424N,24.147947E,46,0.0,142
17926,T,220830,093642,60.325420N,24.147974E,46,4.2,103
17927,T,220830,093643,60.325417N,24.147997E,46,4.1,104
17928,T,220830,093644,60.325409N,24.148026E,46,4.2,101
17929,T,220830,093645,60.325401N,24.148052E,46,0.0,101
17930,T,220830,093646,60.325401N,24.148064E,46,0.0,101
17931,T,220830,093647,60.325397N,24.148083E,46,0.0,101
17932,T,220830,093648,60.325394N,24.148100E,46,0.0,101
17933,T,220830,093649,60.325394N,24.148125E,46,0.0,101
17934,T,220830,093650,60.325390N,24.148146E,46,0.0,101
17935,T,220830,093651,60.325382N,24.148176E,46,3.8,92
17936,T,220830,093652,60.325382N,24.148195E,46,3.7,93
17937,T,220830,093653,60.325378N,24.148218E,46,0.0,93
17938,T,220830,093654,60.325378N,24.148235E,46,0.0,93
17939,T,220830,093655,60.325378N,24.148249E,47,0.0,93
17940,T,220830,093656,60.325378N,24.148266E,47,3.9,94
17941,T,220830,093657,60.325375N,24.148287E,47,0.0,94
17942,T,220830,093658,60.325371N,24.148310E,47,0.0,94
17943,T,220830,093659,60.325371N,24.148336E,47,3.9,91
17944,T,220830,093700,60.325367N,24.148354E,47,0.0,91
17945,T,220830,093701,60.325367N,24.148373E,47,0.0,91
17946,T,220830,093702,60.325367N,24.148390E,47,0.0,91
17947,T,220830,093703,60.325363N,24.148411E,47,3.6,87
17948,T,220830,093704,60.325359N,24.148432E,48,3.6,89
17949,T,220830,093705,60.325352N,24.148455E,48,3.6,91
17950,T,220830,093706,60.325352N,24.148474E,48,0.0,91
17951,T,220830,093707,60.325352N,24.148493E,48,0.0,91
17952,T,220830,093708,60.325348N,24.148510E,48,3.9,95
17953,T,220830,093709,60.325348N,24.148529E,48,3.8,95
17954,T,220830,093710,60.325348N,24.148554E,48,0.0,95
17955,T,220830,093711,60.325348N,24.148575E,48,0.0,95
17956,T,220830,093712,60.325348N,24.148596E,48,0.0,95
17957,T,220830,093713,60.325344N,24.148615E,48,3.6,95
17958,T,220830,093714,60.325348N,24.148636E,49,0.0,95
17959,T,220830,093715,60.325348N,24.148657E,49,0.0,95
17960,T,220830,093716,60.325340N,24.148689E,49,0.0,95
17961,T,220830,093717,60.325340N,24.148716E,49,0.0,95
17962,T,220830,093718,60.325336N,24.148735E,49,0.0,95
17963,T,220830,093719,60.325336N,24.148745E,50,0.0,95
17964,T,220830,093720,60.325340N,24.148762E,50,0.0,95
17965,T,220830,093721,60.325340N,24.148781E,50,0.0,95
17966,T,220830,093722,60.325340N,24.148800E,51,0.0,95
17967,T,220830,093723,60.325336N,24.148823E,51,0.0,95
17968,T,220830,093724,60.325336N,24.148846E,51,3.9,90
17969,T,220830,093725,60.325336N,24.148865E,52,0.0,90
17970,T,220830,093726,60.325336N,24.148876E,52,0.0,90
17971,T,220830,093727,60.325340N,24.148895E,52,0.0,90
17972,T,220830,093728,60.325340N,24.148914E,52,3.9,86
17973,T,220830,093729,60.325336N,24.148935E,52,3.8,86
17974,T,220830,093730,60.325336N,24.148964E,52,4.2,85
17975,T,220830,093731,60.325336N,24.148987E,52,3.7,84
17976,T,220830,093732,60.325336N,24.149006E,53,0.0,84
17977,T,220830,093733,60.325340N,24.149023E,53,0.0,84
17978,T,220830,093734,60.325344N,24.149040E,53,0.0,84
17979,T,220830,093735,60.325344N,24.149055E,53,0.0,84
17980,T,220830,093736,60.325348N,24.149071E,54,0.0,84
17981,T,220830,093737,60.325352N,24.149090E,54,3.8,79
17982,T,220830,093738,60.325352N,24.149105E,54,0.0,79
17983,T,220830,093739,60.325352N,24.149117E,55,3.7,78
17984,T,220830,093740,60.325352N,24.149136E,55,3.7,78
17985,T,220830,093741,60.325352N,24.149157E,55,3.7,78
17986,T,220830,093742,60.325352N,24.149174E,55,3.6,78
17987,T,220830,093743,60.325352N,24.149193E,56,4.0,77
17988,T,220830,093744,60.325356N,24.149210E,56,0.0,77
17989,T,220830,093745,60.325352N,24.149223E,56,4.0,76
17990,T,220830,093746,60.325356N,24.149244E,56,4.3,76
17991,T,220830,093747,60.325359N,24.149275E,56,4.2,75
17992,T,220830,093748,60.325359N,24.149300E,57,3.6,74
17993,T,220830,093749,60.325363N,24.149321E,57,0.0,74
17994,T,220830,093750,60.325367N,24.149342E,57,0.0,74
17995,T,220830,093751,60.325371N,24.149359E,57,0.0,74
17996,T,220830,093752,60.325378N,24.149382E,58,3.6,79
17997,T,220830,093753,60.325382N,24.149399E,58,3.6,78
17998,T,220830,093754,60.325390N,24.149424E,58,3.9,72
17999,T,220830,093755,60.325397N,24.149441E,58,0.0,72
18000,T,220830,093756,60.325401N,24.149450E,59,0.0,72
18001,T,220830,093757,60.325409N,24.149466E,59,3.9,68
18002,T,220830,093758,60.325413N,24.149487E,59,3.9,68
18003,T,220830,093759,60.325417N,24.149504E,60,3.6,65
18004,T,220830,093800,60.325424N,24.149521E,60,0.0,65
18005,T,220830,093801,60.325428N,24.149530E,60,0.0,65
18006,T,220830,093802,60.325436N,24.149540E,60,0.0,65
18007,T,220830,093803,60.325443N,24.149555E,60,0.0,65
18008,T,220830,093804,60.325447N,24.149574E,60,3.8,58
18009,T,220830,093805,60.325455N,24.149590E,61,3.8,59
18010,T,220830,093806,60.325462N,24.149609E,61,4.7,58
18011,T,220830,093807,60.325474N,24.149624E,61,0.0,58
18012,T,220830,093808,60.325474N,24.149633E,61,3.7,59
18013,T,220830,093809,60.325481N,24.149652E,61,4.1,58
18014,T,220830,093810,60.325489N,24.149668E,61,4.2,58
18015,T,220830,093811,60.325497N,24.149687E,61,3.7,58
18016,T,220830,093812,60.325500N,24.149704E,61,3.7,57
18017,T,220830,093813,60.325504N,24.149715E,61,0.0,57
18018,T,220830,093814,60.325512N,24.149731E,61,3.9,56
18019,T,220830,093815,60.325520N,24.149744E,61,0.0,56
18020,T,220830,093816,60.325523N,24.149761E,61,0.0,56
18021,T,220830,093817,60.325527N,24.149784E,61,3.7,67
18022,T,220830,093818,60.325535N,24.149799E,61,3.7,51
18023,T,220830,093819,60.325546N,24.149824E,61,0.0,51
18024,T,220830,093820,60.325554N,24.149843E,60,0.0,51
18025,T,220830,093821,60.325562N,24.149864E,60,0.0,51
18026,T,220830,093822,60.325565N,24.149879E,60,0.0,51
18027,T,220830,093823,60.325569N,24.149897E,60,0.0,51
18028,T,220830,093824,60.325573N,24.149908E,60,0.0,51
18029,T,220830,093825,60.325577N,24.149920E,60,0.0,51
18030,T,220830,093826,60.325581N,24.149937E,60,0.0,51
18031,T,220830,093827,60.325588N,24.149956E,60,0.0,51
18032,T,220830,093828,60.325592N,24.149973E,60,0.0,51
18033,T,220830,093829,60.325596N,24.149986E,59,0.0,51
18034,T,220830,093830,60.325600N,24.150000E,59,0.0,51
18035,T,220830,093831,60.325603N,24.150011E,59,0.0,51
18036,T,220830,093832,60.325607N,24.150028E,59,0.0,51
18037,T,220830,093833,60.325611N,24.150040E,59,0.0,51
18038,T,220830,093834,60.325619N,24.150049E,59,0.0,51
18039,T,220830,093835,60.325623N,24.150063E,58,0.0,51
18040,T,220830,093836,60.325623N,24.150072E,58,0.0,51
18041,T,220830,093837,60.325638N,24.150084E,58,0.0,51
18042,T,220830,093838,60.325645N,24.150097E,58,3.7,54
18043,T,220830,093839,60.325649N,24.150108E,58,0.0,54
18044,T,220830,093840,60.325657N,24.150118E,58,0.0,54
18045,T,220830,093841,60.325661N,24.150129E,58,0.0,54
18046,T,220830,093842,60.325665N,24.150145E,58,0.0,54
18047,T,220830,093843,60.325672N,24.150164E,59,5.1,54
18048,T,220830,093844,60.325676N,24.150183E,59,3.7,54
18049,T,220830,093845,60.325680N,24.150198E,59,0.0,54
18050,T,220830,093846,60.325684N,24.150217E,59,0.0,54
18051,T,220830,093847,60.325684N,24.150236E,59,0.0,54
18052,T,220830,093848,60.325684N,24.150255E,59,0.0,54
18053,T,220830,093849,60.325687N,24.150265E,59,0.0,54
18054,T,220830,093850,60.325687N,24.150267E,59,0.0,54
18055,T,220830,093851,60.325687N,24.150272E,59,0.0,54
18056,T,220830,093852,60.325691N,24.150276E,59,0.0,54
18057,T,220830,093853,60.325695N,24.150290E,60,4.0,84
18058,T,220830,093854,60.325699N,24.150312E,60,5.2,83
18059,T,220830,093855,60.325710N,24.150330E,60,5.2,82
18060,T,220830,093856,60.325714N,24.150356E,61,4.7,83
18061,T,220830,093857,60.325710N,24.150379E,61,4.8,85
18062,T,220830,093858,60.325714N,24.150408E,61,6.3,85
18063,T,220830,093859,60.325710N,24.150431E,61,3.9,87
18064,T,220830,093900,60.325706N,24.150452E,61,4.6,89
18065,T,220830,093901,60.325699N,24.150471E,61,0.0,89
18066,T,220830,093902,60.325699N,24.150476E,61,0.0,89
18067,T,220830,093903,60.325703N,24.150475E,61,0.0,89
18068,T,220830,093904,60.325699N,24.150476E,61,0.0,89
18069,T,220830,093905,60.325703N,24.150482E,61,0.0,89
18070,T,220830,093906,60.325699N,24.150484E,61,0.0,89
18071,T,220830,093907,60.325699N,24.150484E,61,0.0,89
18072,T,220830,093908,60.325695N,24.150503E,61,4.3,114
18073,T,220830,093909,60.325691N,24.150522E,61,3.7,115
18074,T,220830,093910,60.325687N,24.150539E,62,3.6,115
18075,T,220830,093911,60.325684N,24.150562E,62,3.7,114
18076,T,220830,093912,60.325680N,24.150583E,62,4.4,115
18077,T,220830,093913,60.325672N,24.150604E,62,3.8,116
18078,T,220830,093914,60.325668N,24.150621E,62,3.8,115
18079,T,220830,093915,60.325665N,24.150642E,62,4.4,116
18080,T,220830,093916,60.325661N,24.150658E,63,3.6,117
18081,T,220830,093917,60.325653N,24.150677E,63,3.7,118
18082,T,220830,093918,60.325649N,24.150696E,63,4.3,121
18083,T,220830,093919,60.325642N,24.150717E,63,4.2,121
18084,T,220830,093920,60.325642N,24.150736E,63,3.8,122
18085,T,220830,093921,60.325630N,24.150751E,63,3.8,133
18086,T,220830,093922,60.325626N,24.150766E,63,0.0,133
18087,T,220830,093923,60.325623N,24.150780E,63,0.0,133
18088,T,220830,093924,60.325619N,24.150793E,63,0.0,133
18089,T,220830,093925,60.325615N,24.150808E,63,3.7,127
18090,T,220830,093926,60.325607N,24.150824E,64,3.7,127
18091,T,220830,093927,60.325600N,24.150848E,63,0.0,127
18092,T,220830,093928,60.325596N,24.150866E,64,0.0,127
18093,T,220830,093929,60.325592N,24.150887E,64,3.9,112
18094,T,220830,093930,60.325588N,24.150902E,64,0.0,112
18095,T,220830,093931,60.325581N,24.150921E,64,4.7,114
18096,T,220830,093932,60.325581N,24.150940E,64,3.8,115
18097,T,220830,093933,60.325573N,24.150955E,64,3.7,114
18098,T,220830,093934,60.325565N,24.150972E,65,0.0,114
18099,T,220830,093935,60.325562N,24.150986E,65,0.0,114
18100,T,220830,093936,60.325558N,24.151003E,65,0.0,114
18101,T,220830,093937,60.325554N,24.151016E,65,4.0,117
18102,T,220830,093938,60.325542N,24.151035E,65,4.3,117
18103,T,220830,093939,60.325539N,24.151052E,65,0.0,117
18104,T,220830,093940,60.325535N,24.151064E,65,3.6,116
18105,T,220830,093941,60.325527N,24.151079E,66,4.3,117
18106,T,220830,093942,60.325520N,24.151096E,66,4.3,119
18107,T,220830,093943,60.325512N,24.151112E,66,3.7,119
18108,T,220830,093944,60.325512N,24.151131E,66,3.8,119
18109,T,220830,093945,60.325504N,24.151150E,66,4.6,121
18110,T,220830,093946,60.325500N,24.151169E,66,0.0,121
18111,T,220830,093947,60.325497N,24.151184E,66,0.0,121
18112,T,220830,093948,60.325493N,24.151197E,66,0.0,121
18113,T,220830,093949,60.325489N,24.151211E,66,0.0,121
18114,T,220830,093950,60.325485N,24.151220E,66,0.0,121
18115,T,220830,093951,60.325485N,24.151232E,67,0.0,121
18116,T,220830,093952,60.325481N,24.151236E,66,0.0,121
18117,T,220830,093953,60.325481N,24.151239E,66,0.0,121
18118,T,220830,093954,60.325481N,24.151241E,67,0.0,121
18119,T,220830,093955,60.325481N,24.151241E,67,0.0,121
18120,T,220830,093956,60.325481N,24.151241E,66,0.0,121
18121,T,220830,093957,60.325481N,24.151241E,66,0.0,121
18122,T,220830,093958,60.325481N,24.151241E,66,0.0,121
18123,T,220830,093959,60.325481N,24.151241E,66,0.0,121
18124,T,220830,094000,60.325474N,24.151257E,66,0.0,121
18125,T,220830,094001,60.325474N,24.151268E,67,0.0,121
18126,T,220830,094002,60.325466N,24.151278E,67,0.0,121
18127,T,220830,094003,60.325462N,24.151283E,67,0.0,121
18128,T,220830,094004,60.325462N,24.151283E,66,0.0,121
18129,T,220830,094005,60.325459N,24.151285E,66,0.0,121
18130,T,220830,094006,60.325459N,24.151283E,66,0.0,121
18131,T,220830,094007,60.325459N,24.151283E,66,0.0,121
18132,T,220830,094008,60.325459N,24.151287E,66,0.0,121
18133,T,220830,094009,60.325459N,24.151297E,66,0.0,121
18134,T,220830,094010,60.325451N,24.151304E,66,0.0,121
18135,T,220830,094011,60.325447N,24.151314E,66,0.0,121
18136,T,220830,094012,60.325443N,24.151323E,66,0.0,121
18137,T,220830,094013,60.325439N,24.151337E,66,0.0,121
18138,T,220830,094014,60.325439N,24.151342E,66,0.0,121
18139,T,220830,094015,60.325439N,24.151342E,66,0.0,121
18140,T,220830,094016,60.325439N,24.151344E,66,0.0,121
18141,T,220830,094017,60.325439N,24.151344E,66,0.0,121
18142,T,220830,094018,60.325439N,24.151344E,66,0.0,121
18143,T,220830,094019,60.325439N,24.151344E,66,0.0,121
18144,T,220830,094020,60.325439N,24.151344E,66,0.0,121
18145,T,220830,094021,60.325436N,24.151348E,66,0.0,121
18146,T,220830,094022,60.325436N,24.151348E,66,0.0,121
18147,T,220830,094023,60.325436N,24.151350E,66,0.0,121
18148,T,220830,094024,60.325436N,24.151350E,66,0.0,121
18149,T,220830,094025,60.325436N,24.151350E,66,0.0,121
18150,T,220830,094026,60.325432N,24.151361E,66,4.1,136
18151,T,220830,094027,60.325424N,24.151377E,66,3.7,126
18152,T,220830,094028,60.325413N,24.151390E,66,3.7,117
18153,T,220830,094029,60.325409N,24.151403E,66,3.6,118
18154,T,220830,094030,60.325401N,24.151421E,66,0.0,118
18155,T,220830,094031,60.325394N,24.151434E,66,0.0,118
18156,T,220830,094032,60.325394N,24.151443E,66,0.0,118
18157,T,220830,094033,60.325394N,24.151445E,66,0.0,118
18158,T,220830,094034,60.325397N,24.151445E,66,0.0,118
18159,T,220830,094035,60.325397N,24.151449E,66,0.0,118
18160,T,220830,094036,60.325397N,24.151455E,66,0.0,118
18161,T,220830,094037,60.325397N,24.151455E,66,0.0,118
18162,T,220830,094038,60.325397N,24.151457E,66,0.0,118
18163,T,220830,094039,60.325394N,24.151457E,66,0.0,118
18164,T,220830,094040,60.325390N,24.151466E,66,4.0,132
18165,T,220830,094041,60.325378N,24.151480E,66,4.4,143
18166,T,220830,094042,60.325371N,24.151497E,66,5.2,142
18167,T,220830,094043,60.325363N,24.151516E,66,4.4,141
18168,T,220830,094044,60.325359N,24.151531E,66,4.0,139
18169,T,220830,094045,60.325352N,24.151546E,67,0.0,139
18170,T,220830,094046,60.325348N,24.151562E,67,5.2,139
18171,T,220830,094047,60.325336N,24.151583E,67,5.8,138
18172,T,220830,094048,60.325329N,24.151608E,67,6.9,136
18173,T,220830,094049,60.325321N,24.151636E,67,5.9,136
18174,T,220830,094050,60.325310N,24.151657E,67,6.5,134
18175,T,220830,094051,60.325294N,24.151684E,67,7.4,132
18176,T,220830,094052,60.325283N,24.151714E,67,7.2,131
18177,T,220830,094053,60.325272N,24.151743E,67,7.2,130
18178,T,220830,094054,60.325264N,24.151773E,67,8.9,122
18179,T,220830,094055,60.325253N,24.151808E,67,7.9,123
18180,T,220830,094056,60.325241N,24.151840E,67,7.9,124
18181,T,220830,094057,60.325230N,24.151867E,67,6.5,124
18182,T,220830,094058,60.325218N,24.151892E,68,5.7,126
18183,T,220830,094059,60.325214N,24.151924E,68,5.6,135
18184,T,220830,094100,60.325203N,24.151951E,68,4.8,139
18185,T,220830,094101,60.325199N,24.151972E,68,4.9,137
18186,T,220830,094102,60.325188N,24.151995E,68,4.9,135
18187,T,220830,094103,60.325180N,24.152016E,68,4.9,134
18188,T,220830,094104,60.325180N,24.152037E,68,4.8,138
18189,T,220830,094105,60.325169N,24.152050E,68,4.7,137
18190,T,220830,094106,60.325161N,24.152075E,68,4.7,135
18191,T,220830,094107,60.325157N,24.152100E,69,4.7,133
18192,T,220830,094108,60.325153N,24.152122E,69,5.1,133
18193,T,220830,094109,60.325146N,24.152142E,69,4.4,134
18194,T,220830,094110,60.325134N,24.152159E,69,5.4,134
18195,T,220830,094111,60.325127N,24.152174E,70,4.1,134
18196,T,220830,094112,60.325119N,24.152182E,69,0.0,134
18197,T,220830,094113,60.325119N,24.152184E,69,0.0,134
18198,T,220830,094114,60.325119N,24.152187E,69,0.0,134
18199,T,220830,094115,60.325115N,24.152189E,70,0.0,134
18200,T,220830,094116,60.325115N,24.152191E,70,0.0,134
18201,T,220830,094117,60.325115N,24.152191E,70,0.0,134
18202,T,220830,094118,60.325111N,24.152206E,70,3.7,124
18203,T,220830,094119,60.325104N,24.152224E,70,4.5,118
18204,T,220830,094120,60.325096N,24.152245E,70,5.5,120
18205,T,220830,094121,60.325089N,24.152264E,70,6.1,123
18206,T,220830,094122,60.325081N,24.152288E,70,6.2,126
18207,T,220830,094123,60.325066N,24.152313E,70,7.0,127
18208,T,220830,094124,60.325050N,24.152342E,70,8.6,123
18209,T,220830,094125,60.325035N,24.152378E,70,9.5,125
18210,T,220830,094126,60.325016N,24.152416E,70,10.7,125
18211,T,220830,094127,60.324997N,24.152458E,70,11.7,125
18212,T,220830,094128,60.324978N,24.152500E,71,11.7,125
18213,T,220830,094129,60.324959N,24.152544E,71,11.3,127
18214,T,220830,094130,60.324940N,24.152596E,71,11.0,129
18215,T,220830,094131,60.324917N,24.152653E,71,12.0,129
18216,T,220830,094132,60.324886N,24.152704E,71,12.5,128
18217,T,220830,094133,60.324871N,24.152760E,71,12.7,127
18218,T,220830,094134,60.324852N,24.152819E,71,13.8,127
18219,T,220830,094135,60.324829N,24.152876E,72,14.3,127
18220,T,220830,094136,60.324806N,24.152933E,72,14.3,128
18221,T,220830,094137,60.324780N,24.152992E,72,14.2,127
18222,T,220830,094138,60.324760N,24.153046E,72,13.6,127
18223,T,220830,094139,60.324738N,24.153103E,71,13.5,127
18224,T,220830,094140,60.324718N,24.153156E,72,13.0,126
18225,T,220830,094141,60.324696N,24.153210E,72,12.9,127
18226,T,220830,094142,60.324677N,24.153255E,72,12.0,128
18227,T,220830,094143,60.324657N,24.153301E,72,11.6,129
18228,T,220830,094144,60.324638N,24.153341E,72,9.2,137
18229,T,220830,094145,60.324619N,24.153376E,72,10.8,152
18230,T,220830,094146,60.324596N,24.153408E,72,11.3,150
18231,T,220830,094147,60.324577N,24.153448E,72,10.2,149
18232,T,220830,094148,60.324551N,24.153481E,72,11.5,149
18233,T,220830,094149,60.324528N,24.153517E,72,12.0,148
18234,T,220830,094150,60.324501N,24.153561E,72,14.3,147
18235,T,220830,094151,60.324467N,24.153605E,73,18.2,148
18236,T,220830,094152,60.324432N,24.153652E,72,17.3,147
18237,T,220830,094153,60.324390N,24.153704E,72,17.4,147
18238,T,220830,094154,60.324356N,24.153765E,71,20.9,145
18239,T,220830,094155,60.324310N,24.153835E,71,23.5,145
18240,T,220830,094156,60.324265N,24.153904E,71,22.6,146
18241,T,220830,094157,60.324215N,24.153971E,71,24.5,143
18242,T,220830,094158,60.324169N,24.154037E,71,22.8,143
18243,T,220830,094159,60.324116N,24.154106E,71,24.2,144
18244,T,220830,094200,60.324066N,24.154177E,71,23.4,146
18245,T,220830,094201,60.324017N,24.154236E,70,22.4,146
18246,T,220830,094202,60.323967N,24.154301E,70,21.1,145
18247,T,220830,094203,60.323925N,24.154360E,70,20.0,145
18248,T,220830,094204,60.323887N,24.154415E,70,16.7,143
18249,T,220830,094205,60.323856N,24.154465E,70,15.4,144
18250,T,220830,094206,60.323830N,24.154510E,70,13.8,141
18251,T,220830,094207,60.323799N,24.154556E,70,13.8,141
18252,T,220830,094208,60.323776N,24.154604E,69,13.1,138
18253,T,220830,094209,60.323757N,24.154650E,70,13.2,124
18254,T,220830,094210,60.323734N,24.154697E,71,12.6,125
18255,T,220830,094211,60.323715N,24.154737E,71,11.3,126
18256,T,220830,094212,60.323696N,24.154783E,71,11.3,124
18257,T,220830,094213,60.323681N,24.154833E,71,12.0,125
18258,T,220830,094214,60.323654N,24.154886E,71,14.9,124
18259,T,220830,094215,60.323631N,24.154957E,70,17.5,124
18260,T,220830,094216,60.323605N,24.155029E,70,18.5,124
18261,T,220830,094217,60.323578N,24.155115E,69,20.1,124
18262,T,220830,094218,60.323544N,24.155207E,69,22.1,124
18263,T,220830,094219,60.323509N,24.155304E,68,23.5,125
18264,T,220830,094220,60.323471N,24.155407E,68,25.3,124
18265,T,220830,094221,60.323433N,24.155521E,67,27.2,123
18266,T,220830,094222,60.323391N,24.155643E,67,28.9,123
18267,T,220830,094223,60.323353N,24.155766E,66,28.8,123
18268,T,220830,094224,60.323307N,24.155890E,65,29.6,123
18269,T,220830,094225,60.323261N,24.156015E,65,30.6,124
18270,T,220830,094226,60.323215N,24.156149E,64,32.0,125
18271,T,220830,094227,60.323170N,24.156281E,64,31.6,125
18272,T,220830,094228,60.323124N,24.156408E,63,31.0,125
18273,T,220830,094229,60.323078N,24.156528E,63,27.6,125
18274,T,220830,094230,60.323044N,24.156631E,62,23.2,125
18275,T,220830,094231,60.323013N,24.156729E,62,22.3,124
18276,T,220830,094232,60.322979N,24.156822E,62,21.9,124
18277,T,220830,094233,60.322945N,24.156914E,61,22.0,123
18278,T,220830,094234,60.322914N,24.157003E,61,21.4,122
18279,T,220830,094235,60.322884N,24.157099E,61,20.6,121
18280,T,220830,094236,60.322853N,24.157185E,61,20.0,122
18281,T,220830,094237,60.322819N,24.157265E,61,19.9,123
18282,T,220830,094238,60.322800N,24.157351E,61,19.8,124
18283,T,220830,094239,60.322769N,24.157429E,61,19.7,126
18284,T,220830,094240,60.322735N,24.157503E,60,19.0,128
18285,T,220830,094241,60.322704N,24.157578E,60,19.4,130
18286,T,220830,094242,60.322674N,24.157654E,60,19.5,131
18287,T,220830,094243,60.322636N,24.157726E,60,19.8,132
18288,T,220830,094244,60.322601N,24.157806E,60,20.8,133
18289,T,220830,094245,60.322559N,24.157883E,60,21.4,134
18290,T,220830,094246,60.322521N,24.157946E,59,21.0,135
18291,T,220830,094247,60.322475N,24.158016E,59,20.7,137
18292,T,220830,094248,60.322441N,24.158087E,59,19.9,135
18293,T,220830,094249,60.322403N,24.158157E,59,19.5,132
18294,T,220830,094250,60.322372N,24.158234E,59,18.8,131
18295,T,220830,094251,60.322338N,24.158306E,59,18.8,131
18296,T,220830,094252,60.322304N,24.158373E,59,17.8,138
18297,T,220830,094253,60.322273N,24.158438E,59,17.9,134
18298,T,220830,094254,60.322243N,24.158508E,59,17.9,132
18299,T,220830,094255,60.322216N,24.158575E,59,18.3,132
18300,T,220830,094256,60.322186N,24.158644E,59,18.9,133
18301,T,220830,094257,60.322151N,24.158716E,59,17.7,132
18302,T,220830,094258,60.322124N,24.158785E,59,18.4,131
18303,T,220830,094259,60.322090N,24.158850E,59,17.8,131
18304,T,220830,094300,60.322060N,24.158920E,59,19.2,132
18305,T,220830,094301,60.322029N,24.158993E,58,18.8,132
18306,T,220830,094302,60.321995N,24.159063E,58,19.6,132
18307,T,220830,094303,60.321957N,24.159143E,58,19.2,132
18308,T,220830,094304,60.321918N,24.159218E,58,19.4,132
18309,T,220830,094305,60.321884N,24.159292E,57,19.7,132
18310,T,220830,094306,60.321850N,24.159365E,57,19.7,133
18311,T,220830,094307,60.321808N,24.159435E,57,20.3,134
18312,T,220830,094308,60.321777N,24.159510E,57,20.2,135
18313,T,220830,094309,60.321739N,24.159582E,56,19.7,131
18314,T,220830,094310,60.321709N,24.159660E,56,20.1,133
18315,T,220830,094311,60.321671N,24.159733E,55,20.2,136
18316,T,220830,094312,60.321632N,24.159803E,55,20.3,132
18317,T,220830,094313,60.321590N,24.159883E,54,21.0,133
18318,T,220830,094314,60.321556N,24.159967E,54,21.0,131
18319,T,220830,094315,60.321522N,24.160049E,53,20.9,130
18320,T,220830,094316,60.321487N,24.160135E,53,21.4,129
18321,T,220830,094317,60.321453N,24.160225E,52,22.4,128
18322,T,220830,094318,60.321419N,24.160316E,52,23.2,126
18323,T,220830,094319,60.321388N,24.160412E,51,22.6,125
18324,T,220830,094320,60.321362N,24.160507E,51,21.3,125
18325,T,220830,094321,60.321331N,24.160597E,50,18.8,123
18326,T,220830,094322,60.321304N,24.160675E,50,17.8,123
18327,T,220830,094323,60.321278N,24.160749E,50,16.7,124
18328,T,220830,094324,60.321247N,24.160812E,49,15.6,124
18329,T,220830,094325,60.321220N,24.160868E,48,15.0,135
18330,T,220830,094326,60.321194N,24.160917E,48,14.3,136
18331,T,220830,094327,60.321167N,24.160969E,47,13.7,135
18332,T,220830,094328,60.321140N,24.161016E,47,13.6,136
18333,T,220830,094329,60.321117N,24.161060E,46,13.1,138
18334,T,220830,094330,60.321087N,24.161100E,46,12.7,139
18335,T,220830,094331,60.321064N,24.161144E,45,12.3,137
18336,T,220830,094332,60.321041N,24.161184E,45,11.6,138
18337,T,220830,094333,60.321018N,24.161226E,44,12.1,137
18338,T,220830,094334,60.320992N,24.161268E,43,11.8,136
18339,T,220830,094335,60.320969N,24.161312E,43,13.0,136
18340,T,220830,094336,60.320938N,24.161358E,42,13.4,135
18341,T,220830,094337,60.320915N,24.161404E,42,14.2,136
18342,T,220830,094338,60.320885N,24.161448E,41,15.0,137
18343,T,220830,094339,60.320854N,24.161495E,41,16.6,138
18344,T,220830,094340,60.320820N,24.161552E,40,17.8,139
18345,T,220830,094341,60.320789N,24.161613E,39,18.5,139
18346,T,220830,094342,60.320751N,24.161676E,39,19.2,139
18347,T,220830,094343,60.320717N,24.161743E,38,20.6,139
18348,T,220830,094344,60.320671N,24.161816E,38,22.4,139
18349,T,220830,094345,60.320629N,24.161894E,37,23.7,139
18350,T,220830,094346,60.320583N,24.161978E,37,24.6,138
18351,T,220830,094347,60.320541N,24.162066E,36,25.0,137
18352,T,220830,094348,60.320499N,24.162157E,36,25.4,136
18353,T,220830,094349,60.320454N,24.162245E,35,25.0,135
18354,T,220830,094350,60.320412N,24.162331E,35,24.4,135
18355,T,220830,094351,60.320370N,24.162413E,35,23.2,136
18356,T,220830,094352,60.320328N,24.162481E,35,21.6,138
18357,T,220830,094353,60.320290N,24.162544E,35,19.9,145
18358,T,220830,094354,60.320248N,24.162594E,35,16.2,146
18359,T,220830,094355,60.320217N,24.162634E,35,15.5,148
18360,T,220830,094356,60.320183N,24.162672E,35,15.6,149
18361,T,220830,094357,60.320152N,24.162710E,35,14.9,151
18362,T,220830,094358,60.320122N,24.162739E,35,12.5,158
18363,T,220830,094359,60.320087N,24.162760E,35,15.2,162
18364,T,220830,094400,60.320053N,24.162781E,35,14.5,159
18365,T,220830,094401,60.320019N,24.162804E,35,14.4,157
18366,T,220830,094402,60.319981N,24.162830E,35,16.2,161
18367,T,220830,094403,60.319942N,24.162851E,35,15.1,163
18368,T,220830,094404,60.319908N,24.162870E,35,14.3,169
18369,T,220830,094405,60.319874N,24.162876E,35,14.2,167
18370,T,220830,094406,60.319832N,24.162888E,35,14.3,167
18371,T,220830,094407,60.319801N,24.162895E,36,13.7,170
18372,T,220830,094408,60.319763N,24.162905E,36,13.2,169
18373,T,220830,094409,60.319733N,24.162916E,36,13.3,169
18374,T,220830,094410,60.319698N,24.162926E,36,12.4,170
18375,T,220830,094411,60.319668N,24.162935E,36,12.4,170
18376,T,220830,094412,60.319637N,24.162945E,36,12.4,169
18377,T,220830,094413,60.319607N,24.162956E,36,11.9,167
18378,T,220830,094414,60.319580N,24.162970E,36,11.2,168
18379,T,220830,094415,60.319553N,24.162977E,36,11.3,169
18380,T,220830,094416,60.319519N,24.162989E,36,11.2,169
18381,T,220830,094417,60.319496N,24.162996E,36,10.6,171
18382,T,220830,094418,60.319466N,24.163004E,35,11.2,171
18383,T,220830,094419,60.319439N,24.163010E,36,9.7,165
18384,T,220830,094420,60.319412N,24.163021E,36,9.8,167
18385,T,220830,094421,60.319389N,24.163034E,36,9.9,167
18386,T,220830,094422,60.319359N,24.163044E,36,9.5,174
18387,T,220830,094423,60.319336N,24.163050E,36,8.5,171
18388,T,220830,094424,60.319313N,24.163059E,36,9.9,170
18389,T,220830,094425,60.319283N,24.163067E,36,9.4,170
18390,T,220830,094426,60.319260N,24.163074E,36,9.3,169
18391,T,220830,094427,60.319233N,24.163082E,36,9.2,168
18392,T,220830,094428,60.319214N,24.163094E,36,9.0,168
18393,T,220830,094429,60.319191N,24.163103E,37,8.9,168
18394,T,220830,094430,60.319168N,24.163111E,37,9.5,168
18395,T,220830,094431,60.319141N,24.163116E,37,10.4,170
18396,T,220830,094432,60.319111N,24.163120E,37,10.0,171
18397,T,220830,094433,60.319084N,24.163126E,37,8.6,166
18398,T,220830,094434,60.319061N,24.163136E,37,9.2,167
18399,T,220830,094435,60.319031N,24.163137E,37,10.2,168
18400,T,220830,094436,60.318993N,24.163158E,37,10.6,171
18401,T,220830,094437,60.318958N,24.163168E,37,11.2,173
18402,T,220830,094438,60.318916N,24.163183E,37,11.8,173
18403,T,220830,094439,60.318886N,24.163193E,38,11.7,174
18404,T,220830,094440,60.318840N,24.163197E,38,11.7,174
18405,T,220830,094441,60.318810N,24.163206E,38,12.6,173
18406,T,220830,094442,60.318771N,24.163216E,38,12.5,173
18407,T,220830,094443,60.318741N,24.163231E,38,11.7,162
18408,T,220830,094444,60.318707N,24.163244E,38,12.8,163
18409,T,220830,094445,60.318672N,24.163256E,38,12.8,165
18410,T,220830,094446,60.318642N,24.163265E,39,12.8,166
18411,T,220830,094447,60.318607N,24.163275E,39,13.3,167
18412,T,220830,094448,60.318573N,24.163280E,39,13.6,168
18413,T,220830,094449,60.318535N,24.163288E,39,14.4,170
18414,T,220830,094450,60.318501N,24.163301E,39,15.1,163
18415,T,220830,094451,60.318462N,24.163321E,39,15.1,164
18416,T,220830,094452,60.318428N,24.163326E,39,13.1,165
18417,T,220830,094453,60.318394N,24.163336E,39,13.4,165
18418,T,220830,094454,60.318359N,24.163349E,39,14.5,167
18419,T,220830,094455,60.318321N,24.163364E,39,13.5,169
18420,T,220830,094456,60.318287N,24.163376E,39,12.9,169
18421,T,220830,094457,60.318256N,24.163383E,39,11.6,171
18422,T,220830,094458,60.318226N,24.163395E,39,11.7,171
18423,T,220830,094459,60.318192N,24.163406E,40,11.2,172
18424,T,220830,094500,60.318165N,24.163422E,40,10.9,171
18425,T,220830,094501,60.318130N,24.163433E,40,10.8,171
18426,T,220830,094502,60.318104N,24.163445E,40,11.2,171
18427,T,220830,094503,60.318077N,24.163456E,40,10.4,170
18428,T,220830,094504,60.318047N,24.163467E,40,9.0,163
18429,T,220830,094505,60.318031N,24.163485E,40,7.7,155
18430,T,220830,094506,60.318012N,24.163504E,41,6.8,152
18431,T,220830,094507,60.317989N,24.163525E,41,4.8,152
18432,T,220830,094508,60.317959N,24.163536E,41,6.2,154
18433,T,220830,094509,60.317928N,24.163557E,41,7.5,152
18434,T,220830,094510,60.317886N,24.163576E,41,7.9,153
18435,T,220830,094511,60.317871N,24.163609E,42,7.9,148
18436,T,220830,094512,60.317844N,24.163630E,42,8.1,148
18437,T,220830,094513,60.317822N,24.163654E,42,7.4,147
18438,T,220830,094514,60.317799N,24.163685E,43,8.1,148
18439,T,220830,094515,60.317783N,24.163712E,43,7.8,147
18440,T,220830,094516,60.317764N,24.163736E,43,7.8,144
18441,T,220830,094517,60.317745N,24.163761E,43,8.2,144
18442,T,220830,094518,60.317719N,24.163786E,44,8.7,143
18443,T,220830,094519,60.317699N,24.163811E,44,7.0,141
18444,T,220830,094520,60.317684N,24.163843E,44,8.3,140
18445,T,220830,094521,60.317665N,24.163874E,44,8.3,140
18446,T,220830,094522,60.317654N,24.163910E,45,8.3,128
18447,T,220830,094523,60.317631N,24.163944E,45,8.3,130
18448,T,220830,094524,60.317616N,24.163984E,45,8.7,130
18449,T,220830,094525,60.317600N,24.164019E,45,7.2,128
18450,T,220830,094526,60.317589N,24.164057E,46,8.0,126
18451,T,220830,094527,60.317577N,24.164097E,46,7.5,125
18452,T,220830,094528,60.317558N,24.164131E,46,7.5,124
18453,T,220830,094529,60.317543N,24.164167E,47,7.6,122
18454,T,220830,094530,60.317528N,24.164206E,47,8.3,120
18455,T,220830,094531,60.317520N,24.164248E,47,8.2,118
18456,T,220830,094532,60.317505N,24.164288E,47,7.9,117
18457,T,220830,094533,60.317497N,24.164331E,48,7.8,116
18458,T,220830,094534,60.317490N,24.164385E,48,6.9,103
18459,T,220830,094535,60.317490N,24.164425E,48,6.1,99
18460,T,220830,094536,60.317486N,24.164457E,49,5.8,99
18461,T,220830,094537,60.317474N,24.164492E,49,5.9,101
18462,T,220830,094538,60.317459N,24.164536E,49,5.1,101
18463,T,220830,094539,60.317451N,24.164562E,50,5.2,101
18464,T,220830,094540,60.317448N,24.164597E,50,6.6,101
18465,T,220830,094541,60.317448N,24.164631E,50,6.6,104
18466,T,220830,094542,60.317444N,24.164661E,50,6.5,102
18467,T,220830,094543,60.317440N,24.164692E,51,5.5,101
18468,T,220830,094544,60.317440N,24.164719E,51,5.4,101
18469,T,220830,094545,60.317436N,24.164742E,51,4.7,101
18470,T,220830,094546,60.317432N,24.164762E,51,4.1,101
18471,T,220830,094547,60.317429N,24.164780E,51,4.7,101
18472,T,220830,094548,60.317429N,24.164804E,51,4.6,101
18473,T,220830,094549,60.317425N,24.164827E,51,5.0,101
18474,T,220830,094550,60.317421N,24.164852E,51,5.1,101
18475,T,220830,094551,60.317417N,24.164881E,52,6.1,100
18476,T,220830,094552,60.317413N,24.164911E,51,7.5,110
18477,T,220830,094553,60.317413N,24.164942E,52,5.4,107
18478,T,220830,094554,60.317413N,24.164955E,52,0.0,107
18479,T,220830,094555,60.317410N,24.164955E,52,0.0,107
18480,T,220830,094556,60.317410N,24.164955E,52,0.0,107
18481,T,220830,094557,60.317410N,24.164953E,52,0.0,107
18482,T,220830,094558,60.317410N,24.164953E,52,0.0,107
18483,T,220830,094559,60.317410N,24.164953E,52,0.0,107
18484,T,220830,094600,60.317410N,24.164953E,52,0.0,107
18485,T,220830,094601,60.317410N,24.164953E,52,0.0,107
18486,T,220830,094602,60.317410N,24.164953E,52,0.0,107
18487,T,220830,094603,60.317410N,24.164953E,52,0.0,107
18488,T,220830,094604,60.317410N,24.164953E,52,0.0,107
18489,T,220830,094605,60.317410N,24.164953E,52,0.0,107
18490,T,220830,094606,60.317410N,24.164953E,52,0.0,107
18491,T,220830,094607,60.317410N,24.164953E,52,0.0,107
18492,T,220830,094608,60.317410N,24.164953E,52,0.0,107
18493,T,220830,094609,60.317410N,24.164953E,52,0.0,107
18494,T,220830,094610,60.317413N,24.164953E,52,0.0,107
18495,T,220830,094611,60.317413N,24.164955E,52,0.0,107
18496,T,220830,094612,60.317413N,24.164963E,52,0.0,107
18497,T,220830,094613,60.317413N,24.164982E,52,4.6,103
18498,T,220830,094614,60.317417N,24.165009E,52,6.2,101
18499,T,220830,094615,60.317421N,24.165049E,52,8.3,100
18500,T,220830,094616,60.317429N,24.165092E,52,8.7,97
18501,T,220830,094617,60.317440N,24.165133E,52,10.5,93
18502,T,220830,094618,60.317459N,24.165169E,52,11.8,89
18503,T,220830,094619,60.317490N,24.165201E,52,11.9,83
18504,T,220830,094620,60.317516N,24.165226E,52,11.7,77
18505,T,220830,094621,60.317543N,24.165245E,52,13.7,71
18506,T,220830,094622,60.317581N,24.165266E,52,15.0,66
18507,T,220830,094623,60.317619N,24.165285E,52,16.3,60
18508,T,220830,094624,60.317665N,24.165314E,52,17.1,56
18509,T,220830,094625,60.317711N,24.165339E,51,17.0,51
18510,T,220830,094626,60.317753N,24.165365E,51,17.7,47
18511,T,220830,094627,60.317795N,24.165394E,51,16.5,43
18512,T,220830,094628,60.317841N,24.165422E,51,17.7,40
18513,T,220830,094629,60.317883N,24.165447E,51,17.9,37
18514,T,220830,094630,60.317928N,24.165476E,50,17.8,34
18515,T,220830,094631,60.317970N,24.165491E,51,17.5,32
18516,T,220830,094632,60.318016N,24.165516E,50,17.1,30
18517,T,220830,094633,60.318054N,24.165541E,50,16.1,28
18518,T,220830,094634,60.318096N,24.165564E,50,16.2,26
18519,T,220830,094635,60.318130N,24.165588E,51,15.8,25
18520,T,220830,094636,60.318172N,24.165615E,51,15.8,24
18521,T,220830,094637,60.318207N,24.165644E,51,15.8,23
18522,T,220830,094638,60.318249N,24.165678E,51,15.7,22
18523,T,220830,094639,60.318283N,24.165705E,52,15.2,16
18524,T,220830,094640,60.318321N,24.165726E,52,14.8,17
18525,T,220830,094641,60.318359N,24.165751E,52,14.8,17
18526,T,220830,094642,60.318394N,24.165775E,52,14.8,18
18527,T,220830,094643,60.318432N,24.165796E,53,14.8,17
18528,T,220830,094644,60.318462N,24.165813E,53,14.0,16
18529,T,220830,094645,60.318501N,24.165829E,53,13.4,15
18530,T,220830,094646,60.318535N,24.165842E,54,13.5,7
18531,T,220830,094647,60.318569N,24.165848E,54,13.4,10
18532,T,220830,094648,60.318604N,24.165867E,54,13.3,13
18533,T,220830,094649,60.318638N,24.165884E,54,12.7,21
18534,T,220830,094650,60.318661N,24.165909E,54,11.3,19
18535,T,220830,094651,60.318687N,24.165930E,54,12.2,19
18536,T,220830,094652,60.318714N,24.165956E,55,11.4,20
18537,T,220830,094653,60.318745N,24.165976E,55,11.7,19
18538,T,220830,094654,60.318768N,24.166000E,56,11.1,18
18539,T,220830,094655,60.318790N,24.166014E,56,10.8,17
18540,T,220830,094656,60.318821N,24.166033E,56,10.3,17
18541,T,220830,094657,60.318848N,24.166052E,57,9.9,24
18542,T,220830,094658,60.318871N,24.166077E,57,9.4,24
18543,T,220830,094659,60.318897N,24.166090E,57,10.2,23
18544,T,220830,094700,60.318920N,24.166103E,58,10.2,22
18545,T,220830,094701,60.318947N,24.166121E,58,10.7,21
18546,T,220830,094702,60.318974N,24.166142E,58,11.1,22
18547,T,220830,094703,60.319000N,24.166161E,58,11.3,21
18548,T,220830,094704,60.319027N,24.166183E,58,11.7,22
18549,T,220830,094705,60.319057N,24.166204E,58,11.4,22
18550,T,220830,094706,60.319080N,24.166224E,58,10.7,22
18551,T,220830,094707,60.319111N,24.166246E,58,12.3,22
18552,T,220830,094708,60.319141N,24.166269E,58,11.9,22
18553,T,220830,094709,60.319168N,24.166292E,58,12.7,21
18554,T,220830,094710,60.319199N,24.166315E,58,12.7,21
18555,T,220830,094711,60.319229N,24.166338E,58,12.8,22
18556,T,220830,094712,60.319260N,24.166367E,59,14.4,22
18557,T,220830,094713,60.319298N,24.166395E,59,13.9,23
18558,T,220830,094714,60.319328N,24.166422E,59,13.4,23
18559,T,220830,094715,60.319359N,24.166449E,60,13.3,23
18560,T,220830,094716,60.319389N,24.166473E,60,12.9,23
18561,T,220830,094717,60.319416N,24.166502E,59,12.8,25
18562,T,220830,094718,60.319447N,24.166521E,60,12.9,19
18563,T,220830,094719,60.319481N,24.166540E,60,13.2,18
18564,T,220830,094720,60.319511N,24.166565E,60,13.6,21
18565,T,220830,094721,60.319546N,24.166595E,60,14.3,23
18566,T,220830,094722,60.319576N,24.166628E,60,14.8,24
18567,T,220830,094723,60.319614N,24.166664E,60,15.7,24
18568,T,220830,094724,60.319653N,24.166697E,60,15.8,22
18569,T,220830,094725,60.319687N,24.166725E,59,16.2,23
18570,T,220830,094726,60.319729N,24.166756E,59,15.6,21
18571,T,220830,094727,60.319767N,24.166786E,59,16.7,21
18572,T,220830,094728,60.319809N,24.166817E,59,16.6,20
18573,T,220830,094729,60.319851N,24.166843E,59,18.6,19
18574,T,220830,094730,60.319897N,24.166874E,59,18.2,18
18575,T,220830,094731,60.319939N,24.166904E,59,18.9,18
18576,T,220830,094732,60.319984N,24.166931E,58,18.0,17
18577,T,220830,094733,60.320026N,24.166956E,58,17.2,15
18578,T,220830,094734,60.320072N,24.166983E,58,18.2,15
18579,T,220830,094735,60.320114N,24.167004E,58,16.2,15
18580,T,220830,094736,60.320152N,24.167030E,58,16.1,15
18581,T,220830,094737,60.320194N,24.167051E,58,17.1,15
18582,T,220830,094738,60.320232N,24.167070E,58,14.0,14
18583,T,220830,094739,60.320271N,24.167084E,58,16.2,14
18584,T,220830,094740,60.320313N,24.167105E,58,15.8,13
18585,T,220830,094741,60.320351N,24.167116E,58,16.5,11
18586,T,220830,094742,60.320393N,24.167126E,58,15.2,3
18587,T,220830,094743,60.320427N,24.167130E,58,14.8,1
18588,T,220830,094744,60.320465N,24.167133E,59,14.1,2
18589,T,220830,094745,60.320499N,24.167137E,59,14.7,5
18590,T,220830,094746,60.320541N,24.167145E,60,14.7,6
18591,T,220830,094747,60.320576N,24.167152E,60,15.5,4
18592,T,220830,094748,60.320618N,24.167156E,61,15.2,4
18593,T,220830,094749,60.320656N,24.167162E,61,15.5,5
18594,T,220830,094750,60.320698N,24.167170E,61,15.9,5
18595,T,220830,094751,60.320732N,24.167179E,61,15.2,6
18596,T,220830,094752,60.320766N,24.167191E,61,14.8,7
18597,T,220830,094753,60.320808N,24.167202E,60,15.2,8
18598,T,220830,094754,60.320843N,24.167215E,60,14.5,10
18599,T,220830,094755,60.320881N,24.167229E,60,14.2,11
18600,T,220830,094756,60.320919N,24.167244E,60,13.5,12
18601,T,220830,094757,60.320953N,24.167255E,60,13.5,12
18602,T,220830,094758,60.320984N,24.167273E,61,12.4,13
18603,T,220830,094759,60.321014N,24.167288E,61,12.4,14
18604,T,220830,094800,60.321049N,24.167303E,61,12.9,14
18605,T,220830,094801,60.321079N,24.167316E,61,13.2,14
18606,T,220830,094802,60.321114N,24.167324E,62,12.0,12
18607,T,220830,094803,60.321144N,24.167337E,62,10.7,15
18608,T,220830,094804,60.321171N,24.167353E,62,12.0,13
18609,T,220830,094805,60.321205N,24.167364E,62,11.3,13
18610,T,220830,094806,60.321232N,24.167376E,62,10.7,12
18611,T,220830,094807,60.321262N,24.167385E,62,12.2,9
18612,T,220830,094808,60.321297N,24.167397E,62,12.1,8
18613,T,220830,094809,60.321323N,24.167404E,63,12.2,7
18614,T,220830,094810,60.321362N,24.167416E,63,13.2,7
18615,T,220830,094811,60.321396N,24.167423E,64,13.2,8
18616,T,220830,094812,60.321426N,24.167437E,63,13.9,9
18617,T,220830,094813,60.321465N,24.167448E,63,15.5,9
18618,T,220830,094814,60.321503N,24.167465E,63,16.0,10
18619,T,220830,094815,60.321548N,24.167488E,63,16.1,12
18620,T,220830,094816,60.321590N,24.167509E,64,16.1,13
18621,T,220830,094817,60.321636N,24.167536E,64,16.7,14
18622,T,220830,094818,60.321678N,24.167566E,64,18.9,15
18623,T,220830,094819,60.321728N,24.167610E,64,16.2,31
18624,T,220830,094820,60.321770N,24.167656E,64,16.3,34
18625,T,220830,094821,60.321800N,24.167702E,64,16.4,40
18626,T,220830,094822,60.321835N,24.167761E,64,19.4,43
18627,T,220830,094823,60.321880N,24.167833E,64,19.9,48
18628,T,220830,094824,60.321915N,24.167912E,64,19.9,50
18629,T,220830,094825,60.321953N,24.167995E,64,22.1,50
18630,T,220830,094826,60.321987N,24.168083E,63,25.1,48
18631,T,220830,094827,60.322037N,24.168167E,63,25.4,39
18632,T,220830,094828,60.322086N,24.168245E,62,25.3,37
18633,T,220830,094829,60.322147N,24.168316E,62,26.5,29
18634,T,220830,094830,60.322231N,24.168348E,62,33.6,6
18635,T,220830,094831,60.322319N,24.168348E,61,36.4,356
18636,T,220830,094832,60.322411N,24.168327E,61,34.9,351
18637,T,220830,094833,60.322498N,24.168297E,61,35.8,346
18638,T,220830,094834,60.322590N,24.168253E,60,35.9,345
18639,T,220830,094835,60.322674N,24.168201E,60,35.6,343
18640,T,220830,094836,60.322762N,24.168156E,59,35.2,343
18641,T,220830,094837,60.322849N,24.168110E,59,34.7,344
18642,T,220830,094838,60.322933N,24.168072E,58,33.6,346
18643,T,220830,094839,60.323021N,24.168032E,58,35.1,347
18644,T,220830,094840,60.323105N,24.167984E,57,34.6,347
18645,T,220830,094841,60.323193N,24.167921E,56,36.0,346
18646,T,220830,094842,60.323280N,24.167870E,55,38.7,346
18647,T,220830,094843,60.323380N,24.167816E,54,40.8,345
18648,T,220830,094844,60.323483N,24.167767E,53,42.1,344
18649,T,220830,094845,60.323593N,24.167732E,51,41.0,346
18650,T,220830,094846,60.323696N,24.167704E,50,41.3,347
18651,T,220830,094847,60.323799N,24.167688E,49,41.2,348
18652,T,220830,094848,60.323902N,24.167685E,48,41.1,1
18653,T,220830,094849,60.324009N,24.167694E,48,39.8,3
18654,T,220830,094850,60.324104N,24.167713E,47,38.9,5
18655,T,220830,094851,60.324200N,24.167740E,47,37.1,7
18656,T,220830,094852,60.324287N,24.167776E,46,36.3,9
18657,T,220830,094853,60.324375N,24.167812E,46,35.0,11
18658,T,220830,094854,60.324459N,24.167854E,46,33.7,14
18659,T,220830,094855,60.324539N,24.167904E,47,32.2,15
18660,T,220830,094856,60.324612N,24.167965E,47,30.4,16
18661,T,220830,094857,60.324677N,24.168026E,47,27.8,17
18662,T,220830,094858,60.324741N,24.168083E,47,24.9,20
18663,T,220830,094859,60.324791N,24.168135E,47,21.9,22
18664,T,220830,094900,60.324837N,24.168180E,48,19.9,23
18665,T,220830,094901,60.324879N,24.168219E,48,18.3,24
18666,T,220830,094902,60.324917N,24.168257E,48,16.4,24
18667,T,220830,094903,60.324951N,24.168283E,48,14.8,23
18668,T,220830,094904,60.324982N,24.168316E,49,13.2,23
18669,T,220830,094905,60.325008N,24.168343E,49,11.9,22
18670,T,220830,094906,60.325031N,24.168364E,49,11.2,21
18671,T,220830,094907,60.325062N,24.168385E,49,11.2,20
18672,T,220830,094908,60.325085N,24.168404E,49,11.2,18
18673,T,220830,094909,60.325111N,24.168419E,48,11.5,16
18674,T,220830,094910,60.325134N,24.168436E,48,11.2,15
18675,T,220830,094911,60.325165N,24.168447E,49,12.9,13
18676,T,220830,094912,60.325199N,24.168463E,49,14.5,11
18677,T,220830,094913,60.325237N,24.168478E,48,16.9,11
18678,T,220830,094914,60.325279N,24.168497E,48,18.3,11
18679,T,220830,094915,60.325329N,24.168518E,48,20.2,10
18680,T,220830,094916,60.325378N,24.168537E,48,20.9,10
18681,T,220830,094917,60.325432N,24.168560E,47,21.4,11
18682,T,220830,094918,60.325489N,24.168585E,47,21.1,12
18683,T,220830,094919,60.325535N,24.168604E,47,20.1,12
18684,T,220830,094920,60.325588N,24.168627E,47,19.2,13
18685,T,220830,094921,60.325630N,24.168652E,47,19.2,15
18686,T,220830,094922,60.325680N,24.168676E,47,18.8,15
18687,T,220830,094923,60.325726N,24.168697E,47,18.4,15
18688,T,220830,094924,60.325768N,24.168730E,47,18.5,20
18689,T,220830,094925,60.325813N,24.168762E,47,18.5,20
18690,T,220830,094926,60.325855N,24.168793E,47,18.5,18
18691,T,220830,094927,60.325901N,24.168816E,47,17.9,17
18692,T,220830,094928,60.325932N,24.168850E,47,16.7,25
18693,T,220830,094929,60.325970N,24.168880E,47,17.2,23
18694,T,220830,094930,60.326012N,24.168907E,48,17.6,22
18695,T,220830,094931,60.326054N,24.168930E,49,16.6,22
18696,T,220830,094932,60.326092N,24.168959E,48,16.6,20
18697,T,220830,094933,60.326134N,24.168987E,48,17.3,22
18698,T,220830,094934,60.326172N,24.169022E,48,17.2,21
18699,T,220830,094935,60.326214N,24.169058E,48,16.9,23
18700,T,220830,094936,60.326252N,24.169098E,48,17.3,25
18701,T,220830,094937,60.326286N,24.169138E,48,17.0,26
18702,T,220830,094938,60.326332N,24.169176E,49,17.0,25
18703,T,220830,094939,60.326370N,24.169209E,49,16.7,24
18704,T,220830,094940,60.326412N,24.169245E,49,16.6,25
18705,T,220830,094941,60.326447N,24.169283E,50,16.4,25
18706,T,220830,094942,60.326488N,24.169317E,50,16.1,25
18707,T,220830,094943,60.326523N,24.169350E,50,16.1,25
18708,T,220830,094944,60.326561N,24.169384E,50,16.0,25
18709,T,220830,094945,60.326595N,24.169420E,51,15.7,25
18710,T,220830,094946,60.326633N,24.169455E,51,15.6,25
18711,T,220830,094947,60.326668N,24.169485E,51,15.2,25
18712,T,220830,094948,60.326698N,24.169521E,51,15.2,25
18713,T,220830,094949,60.326736N,24.169554E,51,15.1,24
18714,T,220830,094950,60.326767N,24.169586E,51,15.8,25
18715,T,220830,094951,60.326805N,24.169622E,52,14.7,26
18716,T,220830,094952,60.326839N,24.169657E,52,15.5,26
18717,T,220830,094953,60.326874N,24.169685E,52,15.4,25
18718,T,220830,094954,60.326908N,24.169718E,52,15.4,25
18719,T,220830,094955,60.326942N,24.169756E,52,16.0,25
18720,T,220830,094956,60.326981N,24.169790E,52,16.5,25
18721,T,220830,094957,60.327019N,24.169825E,52,17.1,25
18722,T,220830,094958,60.327057N,24.169863E,52,17.1,24
18723,T,220830,094959,60.327099N,24.169901E,52,19.3,23
18724,T,220830,095000,60.327145N,24.169943E,52,19.2,22
18725,T,220830,095001,60.327187N,24.169975E,52,18.5,22
18726,T,220830,095002,60.327229N,24.170013E,51,17.3,23
18727,T,220830,095003,60.327267N,24.170048E,51,17.9,23
18728,T,220830,095004,60.327312N,24.170071E,51,18.1,10
18729,T,220830,095005,60.327358N,24.170086E,51,19.2,10
18730,T,220830,095006,60.327408N,24.170111E,50,19.7,11
18731,T,220830,095007,60.327457N,24.170134E,50,19.8,12
18732,T,220830,095008,60.327507N,24.170156E,50,19.9,10
18733,T,220830,095009,60.327560N,24.170174E,50,21.0,9
18734,T,220830,095010,60.327614N,24.170185E,50,21.1,8
18735,T,220830,095011,60.327663N,24.170202E,50,19.1,8
18736,T,220830,095012,60.327713N,24.170223E,50,19.5,9
18737,T,220830,095013,60.327759N,24.170244E,51,19.4,11
18738,T,220830,095014,60.327812N,24.170263E,51,20.8,7
18739,T,220830,095015,60.327862N,24.170277E,51,19.2,7
18740,T,220830,095016,60.327911N,24.170282E,52,19.2,0
18741,T,220830,095017,60.327957N,24.170280E,52,17.9,354
18742,T,220830,095018,60.327999N,24.170267E,52,16.5,351
18743,T,220830,095019,60.328041N,24.170248E,52,17.4,344
18744,T,220830,095020,60.328083N,24.170223E,52,18.1,345
18745,T,220830,095021,60.328133N,24.170204E,52,20.4,346
18746,T,220830,095022,60.328182N,24.170181E,52,21.6,348
18747,T,220830,095023,60.328239N,24.170164E,52,20.7,348
18748,T,220830,095024,60.328289N,24.170143E,52,20.6,347
18749,T,220830,095025,60.328339N,24.170118E,52,21.4,347
18750,T,220830,095026,60.328396N,24.170094E,52,21.8,345
18751,T,220830,095027,60.328449N,24.170067E,51,21.7,345
18752,T,220830,095028,60.328506N,24.170046E,51,23.3,345
18753,T,220830,095029,60.328568N,24.170019E,50,23.6,345
18754,T,220830,095030,60.328640N,24.169996E,50,25.5,345
18755,T,220830,095031,60.328709N,24.169968E,49,26.4,346
18756,T,220830,095032,60.328777N,24.169945E,48,28.1,346
18757,T,220830,095033,60.328850N,24.169914E,47,29.6,346
18758,T,220830,095034,60.328922N,24.169884E,47,29.7,347
18759,T,220830,095035,60.328999N,24.169849E,46,30.5,346
18760,T,220830,095036,60.329071N,24.169813E,46,30.2,346
18761,T,220830,095037,60.329144N,24.169777E,46,29.1,345
18762,T,220830,095038,60.329220N,24.169746E,46,29.7,346
18763,T,220830,095039,60.329288N,24.169718E,46,28.4,346
18764,T,220830,095040,60.329361N,24.169697E,46,28.0,347
18765,T,220830,095041,60.329426N,24.169674E,46,27.1,348
18766,T,220830,095042,60.329491N,24.169647E,45,26.7,347
18767,T,220830,095043,60.329556N,24.169619E,45,25.7,347
18768,T,220830,095044,60.329620N,24.169592E,45,25.2,347
18769,T,220830,095045,60.329681N,24.169563E,45,24.5,347
18770,T,220830,095046,60.329739N,24.169537E,45,24.2,346
18771,T,220830,095047,60.329800N,24.169508E,45,24.2,347
18772,T,220830,095048,60.329861N,24.169481E,44,23.8,347
18773,T,220830,095049,60.329914N,24.169456E,44,23.7,346
18774,T,220830,095050,60.329971N,24.169428E,44,23.3,346
18775,T,220830,095051,60.330032N,24.169401E,44,23.2,346
18776,T,220830,095052,60.330090N,24.169376E,44,23.2,346
18777,T,220830,095053,60.330143N,24.169346E,44,23.2,346
18778,T,220830,095054,60.330200N,24.169319E,43,23.2,346
18779,T,220830,095055,60.330257N,24.169294E,43,23.1,346
18780,T,220830,095056,60.330311N,24.169264E,43,23.1,346
18781,T,220830,095057,60.330368N,24.169235E,43,23.1,346
18782,T,220830,095058,60.330421N,24.169210E,43,22.0,346
18783,T,220830,095059,60.330475N,24.169184E,43,21.4,347
18784,T,220830,095100,60.330528N,24.169165E,43,21.5,347
18785,T,220830,095101,60.330582N,24.169136E,44,20.4,346
18786,T,220830,095102,60.330627N,24.169109E,43,20.5,345
18787,T,220830,095103,60.330681N,24.169085E,44,20.6,345
18788,T,220830,095104,60.330727N,24.169062E,44,20.6,345
18789,T,220830,095105,60.330780N,24.169041E,43,20.7,346
18790,T,220830,095106,60.330830N,24.169018E,43,20.8,347
18791,T,220830,095107,60.330875N,24.168995E,43,21.2,347
18792,T,220830,095108,60.330929N,24.168970E,43,21.6,347
18793,T,220830,095109,60.330978N,24.168943E,43,21.6,346
18794,T,220830,095110,60.331032N,24.168924E,42,21.7,346
18795,T,220830,095111,60.331081N,24.168901E,42,21.4,346
18796,T,220830,095112,60.331131N,24.168880E,42,20.2,346
18797,T,220830,095113,60.331181N,24.168856E,42,20.2,346
18798,T,220830,095114,60.331223N,24.168835E,42,16.9,346
18799,T,220830,095115,60.331264N,24.168812E,43,17.4,349
18800,T,220830,095116,60.331306N,24.168793E,43,17.5,347
18801,T,220830,095117,60.331345N,24.168770E,43,14.3,344
18802,T,220830,095118,60.331379N,24.168747E,43,15.3,344
18803,T,220830,095119,60.331417N,24.168724E,44,16.3,345
18804,T,220830,095120,60.331448N,24.168703E,44,14.0,344
18805,T,220830,095121,60.331478N,24.168684E,44,13.8,344
18806,T,220830,095122,60.331512N,24.168665E,44,13.8,344
18807,T,220830,095123,60.331547N,24.168644E,44,16.0,345
18808,T,220830,095124,60.331585N,24.168619E,45,15.5,344
18809,T,220830,095125,60.331627N,24.168596E,46,18.0,345
18810,T,220830,095126,60.331676N,24.168570E,46,18.7,345
18811,T,220830,095127,60.331722N,24.168545E,46,20.3,346
18812,T,220830,095128,60.331772N,24.168520E,46,20.2,345
18813,T,220830,095129,60.331825N,24.168493E,46,21.7,346
18814,T,220830,095130,60.331875N,24.168465E,46,23.1,345
18815,T,220830,095131,60.331932N,24.168432E,46,22.9,345
18816,T,220830,095132,60.331997N,24.168400E,46,24.2,345
18817,T,220830,095133,60.332062N,24.168371E,45,24.2,345
18818,T,220830,095134,60.332119N,24.168344E,45,24.2,346
18819,T,220830,095135,60.332180N,24.168314E,45,23.7,346
18820,T,220830,095136,60.332241N,24.168283E,46,23.7,345
18821,T,220830,095137,60.332294N,24.168253E,46,21.9,345
18822,T,220830,095138,60.332348N,24.168221E,45,21.9,344
18823,T,220830,095139,60.332401N,24.168190E,46,20.4,343
18824,T,220830,095140,60.332443N,24.168165E,46,17.4,343
18825,T,220830,095141,60.332485N,24.168144E,46,16.3,342
18826,T,220830,095142,60.332523N,24.168123E,46,16.4,343
18827,T,220830,095143,60.332561N,24.168106E,47,15.1,345
18828,T,220830,095144,60.332596N,24.168095E,48,15.0,346
18829,T,220830,095145,60.332626N,24.168077E,48,12.9,348
18830,T,220830,095146,60.332664N,24.168070E,48,15.1,350
18831,T,220830,095147,60.332699N,24.168056E,48,15.7,350
18832,T,220830,095148,60.332741N,24.168036E,49,15.7,349
18833,T,220830,095149,60.332775N,24.168022E,49,15.0,352
18834,T,220830,095150,60.332813N,24.168007E,50,14.1,349
18835,T,220830,095151,60.332844N,24.167988E,50,12.5,348
18836,T,220830,095152,60.332878N,24.167971E,50,15.3,347
18837,T,220830,095153,60.332920N,24.167955E,49,18.3,346
18838,T,220830,095154,60.332970N,24.167936E,49,19.8,347
18839,T,220830,095155,60.333019N,24.167919E,49,19.2,348
18840,T,220830,095156,60.333069N,24.167904E,49,19.1,348
18841,T,220830,095157,60.333122N,24.167877E,48,22.9,348
18842,T,220830,095158,60.333187N,24.167856E,47,25.4,349
18843,T,220830,095159,60.333252N,24.167831E,47,26.2,349
18844,T,220830,095200,60.333321N,24.167812E,46,26.6,350
18845,T,220830,095201,60.333393N,24.167786E,46,28.3,350
18846,T,220830,095202,60.333466N,24.167759E,46,27.3,350
18847,T,220830,095203,60.333542N,24.167736E,45,27.2,350
18848,T,220830,095204,60.333614N,24.167707E,46,28.6,350
18849,T,220830,095205,60.333687N,24.167688E,45,27.7,351
18850,T,220830,095206,60.333759N,24.167669E,45,27.8,352
18851,T,220830,095207,60.333824N,24.167650E,45,24.3,351
18852,T,220830,095208,60.333893N,24.167629E,45,26.3,352
18853,T,220830,095209,60.333961N,24.167610E,45,24.8,351
18854,T,220830,095210,60.334019N,24.167587E,45,23.5,350
18855,T,220830,095211,60.334080N,24.167564E,45,23.6,350
18856,T,220830,095212,60.334141N,24.167540E,45,24.6,349
18857,T,220830,095213,60.334202N,24.167517E,44,25.2,348
18858,T,220830,095214,60.334263N,24.167496E,44,24.8,349
18859,T,220830,095215,60.334328N,24.167477E,44,24.9,350
18860,T,220830,095216,60.334393N,24.167456E,44,25.4,350
18861,T,220830,095217,60.334454N,24.167437E,44,24.7,350
18862,T,220830,095218,60.334511N,24.167414E,43,24.7,350
18863,T,220830,095219,60.334572N,24.167395E,43,24.4,349
18864,T,220830,095220,60.334633N,24.167374E,43,24.1,349
18865,T,220830,095221,60.334690N,24.167353E,43,24.1,349
18866,T,220830,095222,60.334751N,24.167332E,42,24.0,349
18867,T,220830,095223,60.334808N,24.167315E,42,23.6,350
18868,T,220830,095224,60.334869N,24.167295E,43,23.0,350
18869,T,220830,095225,60.334923N,24.167276E,43,22.7,350
18870,T,220830,095226,60.334980N,24.167255E,43,22.3,350
18871,T,220830,095227,60.335033N,24.167238E,43,21.8,350
18872,T,220830,095228,60.335083N,24.167225E,43,21.5,351
18873,T,220830,095229,60.335136N,24.167206E,43,21.4,350
18874,T,220830,095230,60.335194N,24.167189E,43,21.0,350
18875,T,220830,095231,60.335239N,24.167170E,43,20.8,349
18876,T,220830,095232,60.335293N,24.167154E,43,20.4,349
18877,T,220830,095233,60.335339N,24.167135E,43,20.1,349
18878,T,220830,095234,60.335392N,24.167118E,43,19.7,349
18879,T,220830,095235,60.335438N,24.167101E,43,19.6,349
18880,T,220830,095236,60.335484N,24.167082E,43,19.5,348
18881,T,220830,095237,60.335529N,24.167061E,43,19.1,347
18882,T,220830,095238,60.335575N,24.167034E,43,19.0,345
18883,T,220830,095239,60.335625N,24.167002E,43,18.9,344
18884,T,220830,095240,60.335663N,24.166964E,43,18.0,334
18885,T,220830,095241,60.335705N,24.166918E,43,18.1,328
18886,T,220830,095242,60.335739N,24.166866E,43,18.1,322
18887,T,220830,095243,60.335773N,24.166807E,43,17.6,316
18888,T,220830,095244,60.335804N,24.166744E,43,18.2,313
18889,T,220830,095245,60.335831N,24.166676E,43,18.1,309
18890,T,220830,095246,60.335861N,24.166603E,43,17.7,306
18891,T,220830,095247,60.335884N,24.166531E,43,17.7,305
18892,T,220830,095248,60.335907N,24.166456E,43,17.6,304
18893,T,220830,095249,60.335934N,24.166384E,43,18.4,306
18894,T,220830,095250,60.335960N,24.166306E,43,19.0,306
18895,T,220830,095251,60.335987N,24.166237E,42,16.4,304
18896,T,220830,095252,60.336014N,24.166164E,43,18.9,306
18897,T,220830,095253,60.336040N,24.166094E,43,18.3,309
18898,T,220830,095254,60.336071N,24.166016E,43,18.9,308
18899,T,220830,095255,60.336105N,24.165937E,43,20.0,310
18900,T,220830,095256,60.336136N,24.165854E,43,20.0,310
18901,T,220830,095257,60.336163N,24.165770E,43,19.2,309
18902,T,220830,095258,60.336193N,24.165686E,43,19.4,307
18903,T,220830,095259,60.336224N,24.165600E,43,20.0,307
18904,T,220830,095300,60.336254N,24.165512E,42,20.4,306
18905,T,220830,095301,60.336288N,24.165426E,42,21.1,308
18906,T,220830,095302,60.336323N,24.165344E,42,21.9,309
18907,T,220830,095303,60.336365N,24.165264E,42,22.5,310
18908,T,220830,095304,60.336407N,24.165186E,42,22.1,311
18909,T,220830,095305,60.336456N,24.165110E,41,22.2,312
18910,T,220830,095306,60.336498N,24.165047E,41,21.4,313
18911,T,220830,095307,60.336552N,24.164989E,40,21.7,332
18912,T,220830,095308,60.336601N,24.164944E,40,21.1,338
18913,T,220830,095309,60.336643N,24.164904E,40,18.8,338
18914,T,220830,095310,60.336693N,24.164865E,41,21.1,341
18915,T,220830,095311,60.336742N,24.164839E,41,21.1,344
18916,T,220830,095312,60.336796N,24.164818E,41,20.2,352
18917,T,220830,095313,60.336842N,24.164804E,40,17.6,352
18918,T,220830,095314,60.336884N,24.164795E,40,16.8,353
18919,T,220830,095315,60.336929N,24.164785E,40,18.1,1
18920,T,220830,095316,60.336971N,24.164787E,40,17.3,4
18921,T,220830,095317,60.337017N,24.164797E,39,18.5,9
18922,T,220830,095318,60.337059N,24.164816E,39,18.4,14
18923,T,220830,095319,60.337109N,24.164839E,39,18.5,14
18924,T,220830,095320,60.337154N,24.164862E,39,19.9,15
18925,T,220830,095321,60.337204N,24.164890E,39,18.5,16
18926,T,220830,095322,60.337250N,24.164915E,38,19.3,16
18927,T,220830,095323,60.337296N,24.164944E,39,18.2,19
18928,T,220830,095324,60.337341N,24.164974E,39,18.8,19
18929,T,220830,095325,60.337379N,24.165005E,39,16.6,20
18930,T,220830,095326,60.337421N,24.165030E,39,16.7,20
18931,T,220830,095327,60.337460N,24.165060E,39,16.0,21
18932,T,220830,095328,60.337498N,24.165089E,39,16.1,19
18933,T,220830,095329,60.337532N,24.165115E,39,16.2,18
18934,T,220830,095330,60.337566N,24.165138E,39,12.2,16
18935,T,220830,095331,60.337601N,24.165157E,39,13.6,15
18936,T,220830,095332,60.337631N,24.165184E,39,15.2,15
18937,T,220830,095333,60.337673N,24.165209E,38,15.0,15
18938,T,220830,095334,60.337704N,24.165230E,39,13.5,17
18939,T,220830,095335,60.337742N,24.165253E,39,12.2,18
18940,T,220830,095336,60.337776N,24.165276E,40,12.9,18
18941,T,220830,095337,60.337807N,24.165306E,40,13.3,27
18942,T,220830,095338,60.337841N,24.165340E,40,14.9,26
18943,T,220830,095339,60.337875N,24.165373E,39,16.6,23
18944,T,220830,095340,60.337917N,24.165401E,39,15.2,20
18945,T,220830,095341,60.337959N,24.165430E,40,16.4,19
18946,T,220830,095342,60.338001N,24.165459E,40,17.2,17
18947,T,220830,095343,60.338043N,24.165483E,40,15.8,15
18948,T,220830,095344,60.338085N,24.165508E,39,15.9,15
18949,T,220830,095345,60.338127N,24.165537E,39,17.4,16
18950,T,220830,095346,60.338169N,24.165564E,39,17.0,17
18951,T,220830,095347,60.338211N,24.165594E,39,18.2,17
18952,T,220830,095348,60.338257N,24.165621E,39,18.6,17
18953,T,220830,095349,60.338299N,24.165648E,39,18.0,19
18954,T,220830,095350,60.338348N,24.165680E,39,18.1,18
18955,T,220830,095351,60.338390N,24.165709E,39,19.0,19
18956,T,220830,095352,60.338440N,24.165735E,39,18.0,18
18957,T,220830,095353,60.338482N,24.165764E,38,17.8,18
18958,T,220830,095354,60.338528N,24.165785E,38,18.3,11
18959,T,220830,095355,60.338573N,24.165796E,38,18.4,4
18960,T,220830,095356,60.338615N,24.165798E,38,18.3,355
18961,T,220830,095357,60.338661N,24.165779E,37,18.4,346
18962,T,220830,095358,60.338703N,24.165749E,36,18.8,335
18963,T,220830,095359,60.338741N,24.165691E,36,18.4,318
18964,T,220830,095400,60.338776N,24.165625E,36,18.8,313
18965,T,220830,095401,60.338806N,24.165550E,36,18.8,308
18966,T,220830,095402,60.338833N,24.165476E,36,18.5,302
18967,T,220830,095403,60.338856N,24.165396E,35,19.0,300
18968,T,220830,095404,60.338879N,24.165314E,35,19.1,301
18969,T,220830,095405,60.338905N,24.165236E,35,18.7,301
18970,T,220830,095406,60.338928N,24.165157E,35,18.0,304
18971,T,220830,095407,60.338955N,24.165085E,35,17.3,301
18972,T,220830,095408,60.338978N,24.165016E,35,15.7,299
18973,T,220830,095409,60.338997N,24.164951E,35,15.5,299
18974,T,220830,095410,60.339012N,24.164886E,35,13.5,298
18975,T,220830,095411,60.339031N,24.164825E,35,13.4,299
18976,T,220830,095412,60.339046N,24.164770E,35,13.1,300
18977,T,220830,095413,60.339069N,24.164709E,35,13.4,295
18978,T,220830,095414,60.339085N,24.164656E,35,12.4,296
18979,T,220830,095415,60.339100N,24.164606E,35,12.0,296
18980,T,220830,095416,60.339115N,24.164560E,35,11.2,297
18981,T,220830,095417,60.339130N,24.164515E,35,11.1,300
18982,T,220830,095418,60.339149N,24.164465E,35,11.4,302
18983,T,220830,095419,60.339169N,24.164419E,35,11.3,303
18984,T,220830,095420,60.339184N,24.164375E,36,11.2,305
18985,T,220830,095421,60.339199N,24.164335E,36,10.2,307
18986,T,220830,095422,60.339214N,24.164305E,36,9.3,308
18987,T,220830,095423,60.339233N,24.164274E,36,8.9,309
18988,T,220830,095424,60.339249N,24.164246E,36,7.3,310
18989,T,220830,095425,60.339260N,24.164221E,36,6.7,310
18990,T,220830,095426,60.339260N,24.164196E,37,4.5,311
18991,T,220830,095427,60.339252N,24.164179E,36,4.1,311
18992,T,220830,095428,60.339245N,24.164181E,36,5.2,311
18993,T,220830,095429,60.339233N,24.164200E,36,7.1,131
18994,T,220830,095430,60.339218N,24.164230E,36,7.5,128
18995,T,220830,095431,60.339207N,24.164263E,36,7.6,127
18996,T,220830,095432,60.339191N,24.164293E,36,8.1,128
18997,T,220830,095433,60.339180N,24.164328E,36,8.9,133
18998,T,220830,095434,60.339165N,24.164364E,36,9.7,132
18999,T,220830,095435,60.339149N,24.164406E,36,9.7,132
19000,T,220830,095436,60.339134N,24.164448E,36,9.5,131
19001,T,220830,095437,60.339123N,24.164488E,36,8.2,129
19002,T,220830,095438,60.339115N,24.164524E,36,7.0,128
19003,T,220830,095439,60.339108N,24.164555E,36,5.5,127
19004,T,220830,095440,60.339100N,24.164576E,36,4.9,127
19005,T,220830,095441,60.339092N,24.164597E,36,4.9,127
19006,T,220830,095442,60.339085N,24.164608E,35,0.0,127
19007,T,220830,095443,60.339085N,24.164608E,35,0.0,127
19008,T,220830,095444,60.339085N,24.164612E,35,0.0,127
19009,T,220830,095445,60.339085N,24.164614E,35,0.0,127
19010,T,220830,095446,60.339085N,24.164614E,35,0.0,127
19011,T,220830,095447,60.339085N,24.164614E,35,0.0,127
19012,T,220830,095448,60.339085N,24.164614E,35,0.0,127
19013,T,220830,095449,60.339085N,24.164616E,35,0.0,127
19014,T,220830,095450,60.339085N,24.164616E,35,0.0,127
19015,T,220830,095451,60.339085N,24.164614E,35,0.0,127
19016,T,220830,095452,60.339085N,24.164614E,35,0.0,127
19017,T,220830,095453,60.339085N,24.164614E,35,0.0,127
19018,T,220830,095454,60.339085N,24.164614E,35,0.0,127
19019,T,220830,095455,60.339085N,24.164614E,35,0.0,127
19020,T,220830,095456,60.339085N,24.164614E,35,0.0,127
19021,T,220830,095457,60.339085N,24.164614E,35,0.0,127
19022,T,220830,095458,60.339085N,24.164614E,35,0.0,127
19023,T,220830,095459,60.339085N,24.164614E,35,0.0,127
19024,T,220830,095500,60.339085N,24.164614E,35,0.0,127
19025,T,220830,095501,60.339085N,24.164614E,35,0.0,127
19026,T,220830,095502,60.339085N,24.164614E,35,0.0,127
19027,T,220830,095503,60.339085N,24.164614E,35,0.0,127
19028,T,220830,095504,60.339085N,24.164614E,35,0.0,127
19029,T,220830,095505,60.339085N,24.164614E,35,0.0,127
19030,T,220830,095506,60.339085N,24.164614E,35,0.0,127
19031,T,220830,095507,60.339085N,24.164614E,35,0.0,127
19032,T,220830,095508,60.339085N,24.164614E,35,0.0,127
19033,T,220830,095509,60.339085N,24.164614E,35,0.0,127
19034,T,220830,095510,60.339085N,24.164614E,35,0.0,127
19035,T,220830,095511,60.339085N,24.164614E,35,0.0,127
19036,T,220830,095512,60.339085N,24.164610E,35,0.0,127
19037,T,220830,095513,60.339085N,24.164610E,35,0.0,127
19038,T,220830,095514,60.339085N,24.164612E,35,0.0,127
19039,T,220830,095515,60.339085N,24.164612E,35,0.0,127
19040,T,220830,095516,60.339085N,24.164612E,35,0.0,127
19041,T,220830,095517,60.339085N,24.164612E,35,0.0,127
19042,T,220830,095518,60.339085N,24.164612E,35,0.0,127
19043,T,220830,095519,60.339085N,24.164612E,35,0.0,127
19044,T,220830,095520,60.339085N,24.164612E,35,0.0,127
19045,T,220830,095521,60.339085N,24.164612E,35,0.0,127
19046,T,220830,095522,60.339085N,24.164612E,35,0.0,127
19047,T,220830,095523,60.339085N,24.164612E,35,0.0,127
19048,T,220830,095524,60.339085N,24.164612E,35,0.0,127
19049,T,220830,095525,60.339085N,24.164612E,35,0.0,127
19050,T,220830,095526,60.339085N,24.164612E,35,0.0,127
19051,T,220830,095527,60.339085N,24.164612E,35,0.0,127
19052,T,220830,095528,60.339085N,24.164612E,35,0.0,127
19053,T,220830,095529,60.339085N,24.164612E,35,0.0,127
19054,T,220830,095530,60.339085N,24.164612E,35,0.0,127
19055,T,220830,095531,60.339085N,24.164612E,35,0.0,127
19056,T,220830,095532,60.339085N,24.164612E,35,0.0,127
19057,T,220830,095533,60.339085N,24.164612E,35,0.0,127
19058,T,220830,095534,60.339085N,24.164612E,35,0.0,127
19059,T,220830,095535,60.339085N,24.164612E,35,0.0,127
19060,T,220830,095536,60.339085N,24.164612E,35,0.0,127
19061,T,220830,095537,60.339085N,24.164612E,35,0.0,127
19062,T,220830,095538,60.339085N,24.164612E,35,0.0,127
19063,T,220830,095539,60.339085N,24.164612E,35,0.0,127
19064,T,220830,095540,60.339085N,24.164612E,35,0.0,127
19065,T,220830,095541,60.339085N,24.164612E,35,0.0,127
19066,T,220830,095542,60.339085N,24.164612E,35,0.0,127
19067,T,220830,095543,60.339085N,24.164612E,35,0.0,127
19068,T,220830,095544,60.339085N,24.164612E,35,0.0,127
19069,T,220830,095545,60.339085N,24.164612E,35,0.0,127
19070,T,220830,095546,60.339085N,24.164612E,35,0.0,127
19071,T,220830,095547,60.339085N,24.164612E,35,0.0,127
19072,T,220830,095548,60.339085N,24.164612E,35,0.0,127
19073,T,220830,095549,60.339085N,24.164612E,35,0.0,127
19074,T,220830,095550,60.339085N,24.164612E,35,0.0,127
19075,T,220830,095551,60.339085N,24.164612E,35,0.0,127
19076,T,220830,095552,60.339085N,24.164612E,35,0.0,127
19077,T,220830,095553,60.339085N,24.164612E,35,0.0,127
19078,T,220830,095554,60.339085N,24.164612E,35,0.0,127
19079,T,220830,095555,60.339085N,24.164612E,35,0.0,127
19080,T,220830,095556,60.339085N,24.164612E,35,0.0,127
19081,T,220830,095557,60.339085N,24.164612E,35,0.0,127
19082,T,220830,095558,60.339085N,24.164612E,35,0.0,127
19083,T,220830,095559,60.339085N,24.164612E,35,0.0,127
19084,T,220830,095600,60.339085N,24.164612E,35,0.0,127
19085,T,220830,095601,60.339085N,24.164612E,35,0.0,127
19086,T,220830,095602,60.339085N,24.164612E,35,0.0,127
19087,T,220830,095603,60.339085N,24.164612E,35,0.0,127
19088,T,220830,095604,60.339085N,24.164612E,35,0.0,127
19089,T,220830,095605,60.339085N,24.164612E,35,0.0,127
19090,T,220830,095606,60.339081N,24.164621E,35,4.2,127
19091,T,220830,095607,60.339077N,24.164642E,35,5.2,121
19092,T,220830,095608,60.339069N,24.164673E,35,7.2,112
19093,T,220830,095609,60.339062N,24.164713E,35,8.4,113
19094,T,220830,095610,60.339043N,24.164759E,35,11.6,114
19095,T,220830,095611,60.339024N,24.164818E,35,14.2,115
19096,T,220830,095612,60.339001N,24.164885E,35,14.6,115
19097,T,220830,095613,60.338982N,24.164948E,35,15.2,116
19098,T,220830,095614,60.338959N,24.165014E,35,15.3,118
19099,T,220830,095615,60.338940N,24.165085E,35,16.2,119
19100,T,220830,095616,60.338921N,24.165159E,35,16.6,120
19101,T,220830,095617,60.338898N,24.165234E,35,16.9,122
19102,T,220830,095618,60.338875N,24.165306E,35,16.8,122
19103,T,220830,095619,60.338852N,24.165379E,36,16.7,123
19104,T,220830,095620,60.338829N,24.165449E,36,16.9,119
19105,T,220830,095621,60.338806N,24.165520E,36,16.1,121
19106,T,220830,095622,60.338779N,24.165585E,36,15.5,122
19107,T,220830,095623,60.338753N,24.165642E,36,15.9,123
19108,T,220830,095624,60.338722N,24.165689E,36,14.3,126
19109,T,220830,095625,60.338692N,24.165724E,36,14.8,128
19110,T,220830,095626,60.338661N,24.165756E,36,15.2,130
19111,T,220830,095627,60.338623N,24.165775E,36,15.1,133
19112,T,220830,095628,60.338589N,24.165783E,37,15.2,137
19113,T,220830,095629,60.338551N,24.165773E,37,14.6,142
19114,T,220830,095630,60.338516N,24.165762E,38,13.7,146
19115,T,220830,095631,60.338486N,24.165745E,38,13.7,150
19116,T,220830,095632,60.338448N,24.165726E,39,14.6,155
19117,T,220830,095633,60.338409N,24.165707E,39,15.1,159
19118,T,220830,095634,60.338371N,24.165680E,39,15.8,163
19119,T,220830,095635,60.338337N,24.165655E,39,15.7,167
19120,T,220830,095636,60.338299N,24.165636E,39,14.1,170
19121,T,220830,095637,60.338264N,24.165615E,39,15.2,173
19122,T,220830,095638,60.338226N,24.165592E,40,15.5,176
19123,T,220830,095639,60.338188N,24.165565E,40,16.6,179
19124,T,220830,095640,60.338146N,24.165546E,41,14.9,193
19125,T,220830,095641,60.338108N,24.165529E,41,14.7,194
19126,T,220830,095642,60.338074N,24.165510E,42,15.4,194
19127,T,220830,095643,60.338032N,24.165489E,42,13.3,192
19128,T,220830,095644,60.338001N,24.165474E,43,13.7,193
19129,T,220830,095645,60.337967N,24.165447E,43,14.0,201
19130,T,220830,095646,60.337940N,24.165424E,44,13.2,198
19131,T,220830,095647,60.337910N,24.165400E,44,13.6,200
19132,T,220830,095648,60.337872N,24.165380E,44,13.7,197
19133,T,220830,095649,60.337841N,24.165356E,44,14.0,199
19134,T,220830,095650,60.337807N,24.165333E,44,12.7,204
19135,T,220830,095651,60.337772N,24.165306E,45,14.3,204
19136,T,220830,095652,60.337734N,24.165279E,44,15.7,203
19137,T,220830,095653,60.337696N,24.165257E,44,16.6,202
19138,T,220830,095654,60.337654N,24.165224E,43,17.9,201
19139,T,220830,095655,60.337612N,24.165195E,42,19.4,198
19140,T,220830,095656,60.337563N,24.165165E,42,20.8,197
19141,T,220830,095657,60.337517N,24.165136E,41,22.1,197
19142,T,220830,095658,60.337463N,24.165100E,41,22.5,196
19143,T,220830,095659,60.337414N,24.165062E,41,21.2,197
19144,T,220830,095700,60.337364N,24.165024E,41,20.8,198
19145,T,220830,095701,60.337315N,24.164989E,42,20.3,199
19146,T,220830,095702,60.337269N,24.164955E,41,20.2,199
19147,T,220830,095703,60.337219N,24.164923E,41,20.9,198
19148,T,220830,095704,60.337177N,24.164894E,41,19.6,197
19149,T,220830,095705,60.337128N,24.164864E,42,20.1,196
19150,T,220830,095706,60.337078N,24.164839E,42,19.1,195
19151,T,220830,095707,60.337032N,24.164814E,42,17.9,194
19152,T,220830,095708,60.336990N,24.164797E,42,17.9,193
19153,T,220830,095709,60.336945N,24.164785E,43,17.9,183
19154,T,220830,095710,60.336899N,24.164785E,43,17.3,180
19155,T,220830,095711,60.336853N,24.164787E,43,16.7,175
19156,T,220830,095712,60.336811N,24.164799E,43,17.3,169
19157,T,220830,095713,60.336769N,24.164812E,43,17.9,168
19158,T,220830,095714,60.336727N,24.164829E,43,17.1,166
19159,T,220830,095715,60.336689N,24.164854E,43,16.2,159
19160,T,220830,095716,60.336647N,24.164881E,43,15.6,157
19161,T,220830,095717,60.336609N,24.164909E,44,16.5,159
19162,T,220830,095718,60.336567N,24.164944E,44,17.6,155
19163,T,220830,095719,60.336529N,24.164982E,43,17.5,153
19164,T,220830,095720,60.336487N,24.165020E,43,16.6,149
19165,T,220830,095721,60.336452N,24.165060E,44,16.7,147
19166,T,220830,095722,60.336414N,24.165110E,44,18.0,140
19167,T,220830,095723,60.336384N,24.165167E,44,18.1,137
19168,T,220830,095724,60.336353N,24.165228E,44,18.0,136
19169,T,220830,095725,60.336315N,24.165289E,44,17.4,137
19170,T,220830,095726,60.336285N,24.165352E,44,16.8,132
19171,T,220830,095727,60.336262N,24.165413E,44,16.2,132
19172,T,220830,095728,60.336231N,24.165474E,45,15.7,130
19173,T,220830,095729,60.336205N,24.165537E,45,15.7,130
19174,T,220830,095730,60.336182N,24.165598E,45,16.2,131
19175,T,220830,095731,60.336151N,24.165663E,45,15.7,129
19176,T,220830,095732,60.336132N,24.165726E,45,15.4,128
19177,T,220830,095733,60.336113N,24.165792E,45,15.9,126
19178,T,220830,095734,60.336086N,24.165855E,46,16.0,130
19179,T,220830,095735,60.336060N,24.165918E,46,16.3,128
19180,T,220830,095736,60.336040N,24.165985E,46,15.8,127
19181,T,220830,095737,60.336021N,24.166048E,46,14.8,130
19182,T,220830,095738,60.335995N,24.166107E,46,14.8,129
19183,T,220830,095739,60.335976N,24.166172E,46,14.9,129
19184,T,220830,095740,60.335957N,24.166237E,47,14.9,128
19185,T,220830,095741,60.335930N,24.166304E,47,15.0,127
19186,T,220830,095742,60.335903N,24.166365E,47,14.7,134
19187,T,220830,095743,60.335880N,24.166420E,48,14.7,132
19188,T,220830,095744,60.335854N,24.166475E,48,14.8,133
19189,T,220830,095745,60.335823N,24.166533E,48,14.2,130
19190,T,220830,095746,60.335804N,24.166594E,48,14.8,122
19191,T,220830,095747,60.335785N,24.166656E,48,15.3,123
19192,T,220830,095748,60.335754N,24.166716E,48,16.2,124
19193,T,220830,095749,60.335724N,24.166779E,48,16.6,125
19194,T,220830,095750,60.335693N,24.166836E,47,16.9,127
19195,T,220830,095751,60.335655N,24.166885E,47,17.4,148
19196,T,220830,095752,60.335621N,24.166931E,47,17.8,154
19197,T,220830,095753,60.335575N,24.166967E,47,18.2,157
19198,T,220830,095754,60.335533N,24.166998E,47,18.6,163
19199,T,220830,095755,60.335487N,24.167025E,46,19.0,166
19200,T,220830,095756,60.335442N,24.167048E,46,19.1,166
19201,T,220830,095757,60.335392N,24.167070E,46,19.1,170
19202,T,220830,095758,60.335342N,24.167086E,46,19.3,171
19203,T,220830,095759,60.335297N,24.167105E,45,20.0,170
19204,T,220830,095800,60.335243N,24.167120E,45,19.8,173
19205,T,220830,095801,60.335197N,24.167133E,45,19.5,171
19206,T,220830,095802,60.335144N,24.167152E,45,20.6,169
19207,T,220830,095803,60.335091N,24.167173E,45,20.7,168
19208,T,220830,095804,60.335041N,24.167194E,45,21.2,168
19209,T,220830,095805,60.334988N,24.167213E,45,21.5,168
19210,T,220830,095806,60.334934N,24.167231E,45,21.5,169
19211,T,220830,095807,60.334881N,24.167244E,44,22.0,170
19212,T,220830,095808,60.334824N,24.167265E,44,22.4,170
19213,T,220830,095809,60.334766N,24.167284E,44,22.8,170
19214,T,220830,095810,60.334713N,24.167303E,44,22.9,169
19215,T,220830,095811,60.334656N,24.167324E,44,22.9,169
19216,T,220830,095812,60.334595N,24.167343E,44,22.8,169
19217,T,220830,095813,60.334541N,24.167362E,45,22.7,170
19218,T,220830,095814,60.334484N,24.167377E,45,22.3,170
19219,T,220830,095815,60.334427N,24.167397E,44,22.2,170
19220,T,220830,095816,60.334377N,24.167410E,44,21.7,170
19221,T,220830,095817,60.334320N,24.167423E,45,21.3,170
19222,T,220830,095818,60.334270N,24.167442E,45,20.8,171
19223,T,220830,095819,60.334221N,24.167456E,45,20.7,170
19224,T,220830,095820,60.334167N,24.167473E,45,20.1,170
19225,T,220830,095821,60.334122N,24.167484E,45,19.4,171
19226,T,220830,095822,60.334076N,24.167501E,45,19.3,170
19227,T,220830,095823,60.334026N,24.167522E,45,18.5,169
19228,T,220830,095824,60.333984N,24.167538E,45,18.0,169
19229,T,220830,095825,60.333939N,24.167557E,45,17.2,167
19230,T,220830,095826,60.333900N,24.167570E,45,17.3,171
19231,T,220830,095827,60.333855N,24.167583E,45,17.3,170
19232,T,220830,095828,60.333813N,24.167597E,45,18.8,171
19233,T,220830,095829,60.333767N,24.167608E,46,18.5,171
19234,T,220830,095830,60.333721N,24.167624E,46,18.2,170
19235,T,220830,095831,60.333679N,24.167639E,46,17.3,169
19236,T,220830,095832,60.333637N,24.167652E,46,15.7,170
19237,T,220830,095833,60.333595N,24.167664E,46,17.4,170
19238,T,220830,095834,60.333553N,24.167679E,47,15.1,169
19239,T,220830,095835,60.333511N,24.167694E,47,15.7,168
19240,T,220830,095836,60.333477N,24.167711E,47,14.6,168
19241,T,220830,095837,60.333439N,24.167728E,47,14.6,170
19242,T,220830,095838,60.333401N,24.167740E,47,13.7,171
19243,T,220830,095839,60.333366N,24.167746E,48,13.7,179
19244,T,220830,095840,60.333332N,24.167751E,48,12.7,178
19245,T,220830,095841,60.333302N,24.167765E,48,14.5,175
19246,T,220830,095842,60.333260N,24.167772E,48,15.2,174
19247,T,220830,095843,60.333233N,24.167793E,48,13.1,164
19248,T,220830,095844,60.333195N,24.167810E,48,13.0,165
19249,T,220830,095845,60.333160N,24.167828E,48,13.8,167
19250,T,220830,095846,60.333122N,24.167845E,48,12.1,168
19251,T,220830,095847,60.333092N,24.167856E,48,12.1,171
19252,T,220830,095848,60.333065N,24.167864E,49,11.4,174
19253,T,220830,095849,60.333031N,24.167873E,49,12.2,176
19254,T,220830,095850,60.333004N,24.167877E,49,10.7,170
19255,T,220830,095851,60.332977N,24.167887E,49,11.0,174
19256,T,220830,095852,60.332943N,24.167896E,49,12.3,170
19257,T,220830,095853,60.332916N,24.167913E,49,11.2,169
19258,T,220830,095854,60.332897N,24.167933E,49,9.9,169
19259,T,220830,095855,60.332867N,24.167944E,49,12.3,169
19260,T,220830,095856,60.332840N,24.167952E,49,10.9,169
19261,T,220830,095857,60.332813N,24.167965E,49,12.9,169
19262,T,220830,095858,60.332783N,24.167978E,50,11.9,167
19263,T,220830,095859,60.332752N,24.167994E,50,12.7,167
19264,T,220830,095900,60.332718N,24.168007E,50,13.9,168
19265,T,220830,095901,60.332680N,24.168022E,50,14.8,168
19266,T,220830,095902,60.332642N,24.168043E,50,16.3,168
19267,T,220830,095903,60.332596N,24.168064E,50,17.2,167
19268,T,220830,095904,60.332554N,24.168085E,49,18.5,165
19269,T,220830,095905,60.332504N,24.168116E,49,19.3,163
19270,T,220830,095906,60.332451N,24.168144E,49,20.6,164
19271,T,220830,095907,60.332401N,24.168165E,48,21.5,165
19272,T,220830,095908,60.332344N,24.168192E,48,22.8,166
19273,T,220830,095909,60.332287N,24.168221E,48,22.3,166
19274,T,220830,095910,60.332237N,24.168249E,48,21.1,165
19275,T,220830,095911,60.332184N,24.168276E,47,20.1,165
19276,T,220830,095912,60.332127N,24.168303E,47,20.8,165
19277,T,220830,095913,60.332081N,24.168327E,47,20.2,165
19278,T,220830,095914,60.332027N,24.168354E,47,19.4,165
19279,T,220830,095915,60.331982N,24.168377E,48,18.8,166
19280,T,220830,095916,60.331932N,24.168398E,48,18.0,166
19281,T,220830,095917,60.331886N,24.168419E,48,17.5,166
19282,T,220830,095918,60.331844N,24.168440E,48,16.9,166
19283,T,220830,095919,60.331802N,24.168461E,48,16.2,166
19284,T,220830,095920,60.331764N,24.168482E,49,15.7,165
19285,T,220830,095921,60.331722N,24.168505E,49,15.3,165
19286,T,220830,095922,60.331684N,24.168524E,49,15.2,164
19287,T,220830,095923,60.331650N,24.168539E,49,14.5,165
19288,T,220830,095924,60.331612N,24.168562E,49,14.6,165
19289,T,220830,095925,60.331581N,24.168577E,49,14.7,165
19290,T,220830,095926,60.331539N,24.168596E,50,15.3,165
19291,T,220830,095927,60.331501N,24.168613E,50,15.4,165
19292,T,220830,095928,60.331463N,24.168634E,50,16.2,164
19293,T,220830,095929,60.331425N,24.168655E,50,17.4,164
19294,T,220830,095930,60.331379N,24.168680E,50,18.5,164
19295,T,220830,095931,60.331341N,24.168709E,50,20.1,163
19296,T,220830,095932,60.331287N,24.168737E,50,21.8,163
19297,T,220830,095933,60.331238N,24.168770E,50,22.7,163
19298,T,220830,095934,60.331181N,24.168802E,50,23.5,163
19299,T,220830,095935,60.331123N,24.168827E,49,24.3,165
19300,T,220830,095936,60.331062N,24.168856E,49,24.4,165
19301,T,220830,095937,60.331009N,24.168882E,49,23.9,166
19302,T,220830,095938,60.330952N,24.168905E,49,23.0,167
19303,T,220830,095939,60.330894N,24.168930E,49,22.3,166
19304,T,220830,095940,60.330845N,24.168957E,49,20.7,166
19305,T,220830,095941,60.330791N,24.168980E,49,21.3,167
19306,T,220830,095942,60.330742N,24.169003E,49,20.8,167
19307,T,220830,095943,60.330688N,24.169024E,49,20.7,167
19308,T,220830,095944,60.330635N,24.169048E,49,20.7,167
19309,T,220830,095945,60.330585N,24.169065E,49,20.7,167
19310,T,220830,095946,60.330532N,24.169092E,49,20.8,167
19311,T,220830,095947,60.330479N,24.169119E,49,20.9,166
19312,T,220830,095948,60.330433N,24.169144E,49,20.9,166
19313,T,220830,095949,60.330379N,24.169172E,49,21.3,166
19314,T,220830,095950,60.330330N,24.169197E,49,21.2,166
19315,T,220830,095951,60.330276N,24.169224E,49,21.2,166
19316,T,220830,095952,60.330223N,24.169249E,49,21.3,166
19317,T,220830,095953,60.330173N,24.169273E,49,21.2,166
19318,T,220830,095954,60.330120N,24.169300E,49,21.2,166
19319,T,220830,095955,60.330067N,24.169325E,49,20.9,166
19320,T,220830,095956,60.330017N,24.169344E,49,20.8,167
19321,T,220830,095957,60.329964N,24.169367E,48,20.8,167
19322,T,220830,095958,60.329914N,24.169388E,48,20.7,168
19323,T,220830,095959,60.329865N,24.169413E,49,20.7,167
19324,T,220830,100000,60.329811N,24.169436E,49,20.7,167
19325,T,220830,100001,60.329762N,24.169462E,49,20.7,166
19326,T,220830,100002,60.329712N,24.169483E,49,20.6,166
19327,T,220830,100003,60.329659N,24.169506E,49,20.6,167
19328,T,220830,100004,60.329613N,24.169533E,49,20.2,166
19329,T,220830,100005,60.329563N,24.169556E,49,20.1,167
19330,T,220830,100006,60.329517N,24.169579E,49,19.7,167
19331,T,220830,100007,60.329468N,24.169600E,49,19.7,166
19332,T,220830,100008,60.329418N,24.169624E,49,19.3,166
19333,T,220830,100009,60.329372N,24.169647E,49,18.9,165
19334,T,220830,100010,60.329327N,24.169674E,49,17.6,165
19335,T,220830,100011,60.329288N,24.169695E,49,17.1,170
19336,T,220830,100012,60.329247N,24.169710E,50,17.2,167
19337,T,220830,100013,60.329208N,24.169729E,50,16.2,166
19338,T,220830,100014,60.329163N,24.169748E,50,17.5,168
19339,T,220830,100015,60.329124N,24.169764E,50,15.9,167
19340,T,220830,100016,60.329082N,24.169783E,50,16.0,167
19341,T,220830,100017,60.329048N,24.169800E,50,14.9,166
19342,T,220830,100018,60.329014N,24.169813E,50,14.3,167
19343,T,220830,100019,60.328972N,24.169834E,51,15.2,167
19344,T,220830,100020,60.328938N,24.169853E,51,14.5,166
19345,T,220830,100021,60.328903N,24.169872E,51,13.1,167
19346,T,220830,100022,60.328869N,24.169884E,51,14.1,168
19347,T,220830,100023,60.328838N,24.169901E,51,11.7,167
19348,T,220830,100024,60.328804N,24.169914E,51,13.7,168
19349,T,220830,100025,60.328770N,24.169924E,52,14.3,168
19350,T,220830,100026,60.328735N,24.169941E,52,13.6,166
19351,T,220830,100027,60.328705N,24.169956E,53,13.6,166
19352,T,220830,100028,60.328671N,24.169975E,53,13.2,166
19353,T,220830,100029,60.328640N,24.169991E,53,12.9,165
19354,T,220830,100030,60.328609N,24.170004E,54,13.0,166
19355,T,220830,100031,60.328575N,24.170025E,53,12.5,161
19356,T,220830,100032,60.328545N,24.170038E,54,12.6,162
19357,T,220830,100033,60.328514N,24.170052E,54,11.8,164
19358,T,220830,100034,60.328484N,24.170067E,54,12.7,164
19359,T,220830,100035,60.328453N,24.170078E,54,12.3,166
19360,T,220830,100036,60.328419N,24.170088E,55,12.9,167
19361,T,220830,100037,60.328388N,24.170103E,54,13.2,168
19362,T,220830,100038,60.328358N,24.170116E,54,13.6,169
19363,T,220830,100039,60.328320N,24.170128E,54,13.5,170
19364,T,220830,100040,60.328289N,24.170139E,54,12.7,169
19365,T,220830,100041,60.328259N,24.170156E,54,13.1,167
19366,T,220830,100042,60.328228N,24.170174E,54,13.0,165
19367,T,220830,100043,60.328201N,24.170191E,54,10.6,158
19368,T,220830,100044,60.328178N,24.170212E,54,8.0,148
19369,T,220830,100045,60.328159N,24.170235E,54,10.3,148
19370,T,220830,100046,60.328136N,24.170256E,54,10.7,148
19371,T,220830,100047,60.328110N,24.170280E,54,10.1,147
19372,T,220830,100048,60.328087N,24.170317E,55,10.1,143
19373,T,220830,100049,60.328094N,24.170374E,55,10.6,139
19374,T,220830,100050,60.328098N,24.170435E,56,10.6,136
19375,T,220830,100051,60.328114N,24.170496E,56,12.6,130
19376,T,220830,100052,60.328129N,24.170561E,57,14.3,123
19377,T,220830,100053,60.328148N,24.170616E,57,13.7,117
19378,T,220830,100054,60.328167N,24.170670E,57,14.3,110
19379,T,220830,100055,60.328197N,24.170729E,57,15.5,104
19380,T,220830,100056,60.328220N,24.170786E,57,14.5,98
19381,T,220830,100057,60.328239N,24.170843E,56,14.5,92
19382,T,220830,100058,60.328262N,24.170902E,56,14.2,87
19383,T,220830,100059,60.328289N,24.170956E,56,15.8,82
19384,T,220830,100100,60.328312N,24.171017E,56,15.2,50
19385,T,220830,100101,60.328335N,24.171074E,56,13.9,49
19386,T,220830,100102,60.328365N,24.171125E,55,15.3,48
19387,T,220830,100103,60.328388N,24.171183E,55,14.6,48
19388,T,220830,100104,60.328411N,24.171238E,55,15.0,49
19389,T,220830,100105,60.328442N,24.171297E,55,16.6,47
19390,T,220830,100106,60.328465N,24.171358E,55,15.4,48
19391,T,220830,100107,60.328487N,24.171415E,54,15.9,47
19392,T,220830,100108,60.328514N,24.171476E,54,15.0,47
19393,T,220830,100109,60.328541N,24.171535E,54,16.5,47
19394,T,220830,100110,60.328568N,24.171597E,54,16.2,46
19395,T,220830,100111,60.328594N,24.171659E,54,16.3,47
19396,T,220830,100112,60.328625N,24.171722E,55,16.4,46
19397,T,220830,100113,60.328651N,24.171782E,55,16.4,46
19398,T,220830,100114,60.328678N,24.171844E,55,16.4,47
19399,T,220830,100115,60.328709N,24.171904E,55,16.4,47
19400,T,220830,100116,60.328735N,24.171965E,55,16.4,46
19401,T,220830,100117,60.328766N,24.172022E,55,16.4,45
19402,T,220830,100118,60.328793N,24.172073E,55,16.9,43
19403,T,220830,100119,60.328823N,24.172127E,55,16.9,41
19404,T,220830,100120,60.328854N,24.172184E,55,16.5,41
19405,T,220830,100121,60.328880N,24.172243E,55,17.8,41
19406,T,220830,100122,60.328911N,24.172314E,54,18.4,42
19407,T,220830,100123,60.328945N,24.172380E,54,19.0,42
19408,T,220830,100124,60.328976N,24.172447E,54,19.5,44
19409,T,220830,100125,60.329014N,24.172520E,54,20.5,43
19410,T,220830,100126,60.329052N,24.172594E,54,21.5,43
19411,T,220830,100127,60.329090N,24.172670E,54,21.5,44
19412,T,220830,100128,60.329132N,24.172745E,54,21.5,44
19413,T,220830,100129,60.329166N,24.172825E,54,21.1,44
19414,T,220830,100130,60.329208N,24.172897E,54,20.8,44
19415,T,220830,100131,60.329247N,24.172972E,54,20.8,43
19416,T,220830,100132,60.329285N,24.173048E,54,20.9,43
19417,T,220830,100133,60.329319N,24.173124E,54,21.7,43
19418,T,220830,100134,60.329361N,24.173203E,54,22.1,43
19419,T,220830,100135,60.329399N,24.173283E,54,22.6,43
19420,T,220830,100136,60.329445N,24.173361E,54,22.2,43
19421,T,220830,100137,60.329483N,24.173443E,53,22.9,43
19422,T,220830,100138,60.329521N,24.173527E,53,22.4,45
19423,T,220830,100139,60.329563N,24.173609E,54,23.6,45
19424,T,220830,100140,60.329605N,24.173691E,53,23.7,44
19425,T,220830,100141,60.329647N,24.173773E,53,23.6,43
19426,T,220830,100142,60.329689N,24.173847E,54,21.6,42
19427,T,220830,100143,60.329727N,24.173920E,54,20.8,42
19428,T,220830,100144,60.329769N,24.173985E,54,19.5,41
19429,T,220830,100145,60.329807N,24.174047E,54,21.5,39
19430,T,220830,100146,60.329849N,24.174112E,54,21.4,39
19431,T,220830,100147,60.329891N,24.174173E,54,22.2,33
19432,T,220830,100148,60.329941N,24.174232E,54,21.9,30
19433,T,220830,100149,60.329990N,24.174280E,53,22.6,26
19434,T,220830,100150,60.330048N,24.174334E,54,22.7,24
19435,T,220830,100151,60.330097N,24.174376E,54,20.8,20
19436,T,220830,100152,60.330139N,24.174416E,53,20.0,16
19437,T,220830,100153,60.330193N,24.174446E,53,19.7,15
19438,T,220830,100154,60.330235N,24.174477E,54,18.9,15
19439,T,220830,100155,60.330280N,24.174503E,54,17.6,15
19440,T,220830,100156,60.330318N,24.174524E,55,15.7,13
19441,T,220830,100157,60.330360N,24.174540E,55,13.8,9
19442,T,220830,100158,60.330391N,24.174547E,55,13.5,9
19443,T,220830,100159,60.330421N,24.174557E,56,11.5,7
19444,T,220830,100200,60.330448N,24.174562E,56,11.0,7
19445,T,220830,100201,60.330479N,24.174570E,56,11.4,6
19446,T,220830,100202,60.330513N,24.174580E,56,12.5,13
19447,T,220830,100203,60.330540N,24.174597E,57,11.1,17
19448,T,220830,100204,60.330566N,24.174608E,57,11.5,14
19449,T,220830,100205,60.330597N,24.174623E,58,11.6,14
19450,T,220830,100206,60.330627N,24.174639E,58,12.0,14
19451,T,220830,100207,60.330662N,24.174654E,58,12.8,17
19452,T,220830,100208,60.330688N,24.174669E,59,12.2,15
19453,T,220830,100209,60.330719N,24.174683E,59,12.2,9
19454,T,220830,100210,60.330753N,24.174696E,60,11.8,9
19455,T,220830,100211,60.330780N,24.174707E,60,12.6,10
19456,T,220830,100212,60.330807N,24.174723E,60,11.2,13
19457,T,220830,100213,60.330837N,24.174736E,60,11.7,12
19458,T,220830,100214,60.330864N,24.174747E,60,10.2,13
19459,T,220830,100215,60.330887N,24.174767E,61,10.3,23
19460,T,220830,100216,60.330914N,24.174784E,62,9.2,23
19461,T,220830,100217,60.330940N,24.174807E,62,11.0,24
19462,T,220830,100218,60.330963N,24.174831E,62,11.1,24
19463,T,220830,100219,60.330994N,24.174856E,62,10.7,21
19464,T,220830,100220,60.331020N,24.174883E,62,12.9,21
19465,T,220830,100221,60.331051N,24.174904E,62,11.4,19
19466,T,220830,100222,60.331081N,24.174929E,63,12.0,21
19467,T,220830,100223,60.331108N,24.174955E,63,12.5,21
19468,T,220830,100224,60.331131N,24.174982E,63,11.8,22
19469,T,220830,100225,60.331161N,24.175003E,63,12.4,22
19470,T,220830,100226,60.331188N,24.175034E,63,13.2,23
19471,T,220830,100227,60.331215N,24.175064E,64,13.6,24
19472,T,220830,100228,60.331245N,24.175095E,64,13.0,25
19473,T,220830,100229,60.331272N,24.175121E,63,12.7,25
19474,T,220830,100230,60.331299N,24.175152E,63,13.7,26
19475,T,220830,100231,60.331333N,24.175186E,63,13.7,27
19476,T,220830,100232,60.331364N,24.175222E,64,14.0,27
19477,T,220830,100233,60.331394N,24.175257E,64,13.9,28
19478,T,220830,100234,60.331425N,24.175291E,64,13.8,28
19479,T,220830,100235,60.331451N,24.175325E,64,13.3,29
19480,T,220830,100236,60.331478N,24.175362E,64,13.2,30
19481,T,220830,100237,60.331512N,24.175396E,64,13.2,30
19482,T,220830,100238,60.331543N,24.175432E,65,13.2,31
19483,T,220830,100239,60.331573N,24.175467E,65,13.3,31
19484,T,220830,100240,60.331604N,24.175505E,65,13.6,31
19485,T,220830,100241,60.331635N,24.175541E,65,13.7,32
19486,T,220830,100242,60.331665N,24.175579E,65,14.0,33
19487,T,220830,100243,60.331699N,24.175619E,65,14.5,32
19488,T,220830,100244,60.331734N,24.175661E,65,15.0,33
19489,T,220830,100245,60.331764N,24.175703E,65,15.7,34
19490,T,220830,100246,60.331795N,24.175749E,65,15.8,33
19491,T,220830,100247,60.331833N,24.175795E,65,16.7,33
19492,T,220830,100248,60.331867N,24.175844E,65,18.0,33
19493,T,220830,100249,60.331909N,24.175896E,65,19.5,33
19494,T,220830,100250,60.331951N,24.175953E,64,20.6,33
19495,T,220830,100251,60.331997N,24.176008E,64,21.9,33
19496,T,220830,100252,60.332043N,24.176065E,64,22.8,32
19497,T,220830,100253,60.332092N,24.176132E,64,22.7,32
19498,T,220830,100254,60.332142N,24.176195E,63,22.7,32
19499,T,220830,100255,60.332188N,24.176256E,63,21.5,32
19500,T,220830,100256,60.332237N,24.176317E,63,21.7,33
19501,T,220830,100257,60.332279N,24.176376E,62,20.1,33
19502,T,220830,100258,60.332321N,24.176435E,62,19.7,33
19503,T,220830,100259,60.332363N,24.176498E,61,20.8,33
19504,T,220830,100300,60.332409N,24.176556E,61,20.7,33
19505,T,220830,100301,60.332451N,24.176617E,61,21.2,34
19506,T,220830,100302,60.332497N,24.176682E,60,20.7,35
19507,T,220830,100303,60.332535N,24.176744E,60,21.3,36
19508,T,220830,100304,60.332581N,24.176811E,60,21.3,36
19509,T,220830,100305,60.332623N,24.176876E,59,21.3,37
19510,T,220830,100306,60.332668N,24.176945E,58,21.9,36
19511,T,220830,100307,60.332718N,24.177008E,58,21.8,36
19512,T,220830,100308,60.332760N,24.177071E,58,22.2,35
19513,T,220830,100309,60.332809N,24.177135E,59,21.1,35
19514,T,220830,100310,60.332851N,24.177202E,59,20.7,36
19515,T,220830,100311,60.332897N,24.177265E,59,21.3,37
19516,T,220830,100312,60.332935N,24.177334E,59,20.1,38
19517,T,220830,100313,60.332973N,24.177397E,58,18.0,39
19518,T,220830,100314,60.333008N,24.177464E,59,21.4,40
19519,T,220830,100315,60.333050N,24.177538E,59,20.3,40
19520,T,220830,100316,60.333080N,24.177610E,59,18.3,41
19521,T,220830,100317,60.333111N,24.177687E,59,20.0,42
19522,T,220830,100318,60.333145N,24.177767E,59,19.5,43
19523,T,220830,100319,60.333176N,24.177847E,60,19.8,44
19524,T,220830,100320,60.333199N,24.177929E,60,19.7,45
19525,T,220830,100321,60.333229N,24.178011E,61,18.3,46
19526,T,220830,100322,60.333260N,24.178095E,61,18.2,47
19527,T,220830,100323,60.333290N,24.178169E,61,18.2,48
19528,T,220830,100324,60.333328N,24.178244E,61,18.2,47
19529,T,220830,100325,60.333363N,24.178305E,61,16.3,46
19530,T,220830,100326,60.333397N,24.178364E,61,15.8,45
19531,T,220830,100327,60.333427N,24.178425E,61,15.8,43
19532,T,220830,100328,60.333454N,24.178476E,61,14.9,41
19533,T,220830,100329,60.333492N,24.178528E,61,15.5,39
19534,T,220830,100330,60.333523N,24.178572E,61,13.5,36
19535,T,220830,100331,60.333553N,24.178617E,60,14.8,36
19536,T,220830,100332,60.333588N,24.178665E,61,15.5,36
19537,T,220830,100333,60.333614N,24.178717E,61,15.8,35
19538,T,220830,100334,60.333652N,24.178761E,61,16.5,34
19539,T,220830,100335,60.333683N,24.178799E,61,14.4,32
19540,T,220830,100336,60.333717N,24.178827E,62,14.4,31
19541,T,220830,100337,60.333748N,24.178858E,62,12.7,30
19542,T,220830,100338,60.333782N,24.178885E,61,16.4,16
19543,T,220830,100339,60.333828N,24.178917E,61,19.4,15
19544,T,220830,100340,60.333878N,24.178944E,61,18.3,17
19545,T,220830,100341,60.333920N,24.178976E,60,20.7,18
19546,T,220830,100342,60.333969N,24.179010E,60,20.2,18
19547,T,220830,100343,60.334019N,24.179050E,60,22.3,17
19548,T,220830,100344,60.334076N,24.179085E,60,21.6,18
19549,T,220830,100345,60.334129N,24.179119E,59,21.7,18
19550,T,220830,100346,60.334179N,24.179157E,59,22.3,17
19551,T,220830,100347,60.334232N,24.179195E,59,21.0,17
19552,T,220830,100348,60.334286N,24.179235E,59,20.7,18
19553,T,220830,100349,60.334332N,24.179272E,59,19.9,18
19554,T,220830,100350,60.334381N,24.179306E,59,20.0,19
19555,T,220830,100351,60.334431N,24.179350E,58,21.3,20
19556,T,220830,100352,60.334480N,24.179392E,58,20.9,21
19557,T,220830,100353,60.334530N,24.179432E,59,17.1,20
19558,T,220830,100354,60.334572N,24.179464E,58,17.9,19
19559,T,220830,100355,60.334614N,24.179499E,57,15.8,18
19560,T,220830,100356,60.334656N,24.179535E,57,17.3,18
19561,T,220830,100357,60.334705N,24.179564E,58,17.3,17
19562,T,220830,100358,60.334751N,24.179604E,58,18.1,18
19563,T,220830,100359,60.334797N,24.179640E,58,17.6,18
19564,T,220830,100400,60.334839N,24.179670E,59,16.4,16
19565,T,220830,100401,60.334881N,24.179695E,59,16.4,15
19566,T,220830,100402,60.334930N,24.179724E,60,17.6,15
19567,T,220830,100403,60.334984N,24.179754E,60,19.9,14
19568,T,220830,100404,60.335037N,24.179785E,59,19.7,13
19569,T,220830,100405,60.335091N,24.179806E,60,19.7,13
19570,T,220830,100406,60.335144N,24.179829E,60,19.7,11
19571,T,220830,100407,60.335197N,24.179852E,61,20.0,11
19572,T,220830,100408,60.335247N,24.179876E,61,19.9,12
19573,T,220830,100409,60.335300N,24.179895E,62,21.0,11
19574,T,220830,100410,60.335354N,24.179922E,61,21.0,12
19575,T,220830,100411,60.335403N,24.179947E,62,20.6,12
19576,T,220830,100412,60.335461N,24.179981E,62,22.2,14
19577,T,220830,100413,60.335510N,24.180019E,63,22.6,15
19578,T,220830,100414,60.335564N,24.180063E,63,22.1,17
19579,T,220830,100415,60.335617N,24.180105E,63,22.0,18
19580,T,220830,100416,60.335663N,24.180157E,64,21.4,19
19581,T,220830,100417,60.335712N,24.180204E,64,21.3,20
19582,T,220830,100418,60.335754N,24.180258E,64,20.8,21
19583,T,220830,100419,60.335800N,24.180311E,65,19.8,22
19584,T,220830,100420,60.335835N,24.180365E,65,18.0,36
19585,T,220830,100421,60.335876N,24.180422E,65,19.0,35
19586,T,220830,100422,60.335911N,24.180477E,65,18.6,36
19587,T,220830,100423,60.335953N,24.180536E,65,19.0,37
19588,T,220830,100424,60.335991N,24.180599E,65,18.9,38
19589,T,220830,100425,60.336033N,24.180662E,65,18.9,39
19590,T,220830,100426,60.336067N,24.180719E,65,17.7,39
19591,T,220830,100427,60.336105N,24.180779E,65,19.4,38
19592,T,220830,100428,60.336143N,24.180838E,65,18.7,39
19593,T,220830,100429,60.336185N,24.180906E,64,20.1,40
19594,T,220830,100430,60.336220N,24.180981E,63,20.0,41
19595,T,220830,100431,60.336250N,24.181059E,63,19.2,42
19596,T,220830,100432,60.336285N,24.181131E,63,19.3,44
19597,T,220830,100433,60.336323N,24.181208E,62,21.6,44
19598,T,220830,100434,60.336369N,24.181282E,62,21.5,43
19599,T,220830,100435,60.336403N,24.181353E,61,19.1,43
19600,T,220830,100436,60.336445N,24.181437E,61,21.5,43
19601,T,220830,100437,60.336487N,24.181517E,61,22.6,42
19602,T,220830,100438,60.336529N,24.181602E,60,22.7,42
19603,T,220830,100439,60.336571N,24.181679E,60,21.3,41
19604,T,220830,100440,60.336613N,24.181751E,59,20.5,40
19605,T,220830,100441,60.336651N,24.181820E,59,19.1,39
19606,T,220830,100442,60.336693N,24.181889E,59,19.9,41
19607,T,220830,100443,60.336731N,24.181959E,59,19.8,41
19608,T,220830,100444,60.336777N,24.182030E,59,21.7,40
19609,T,220830,100445,60.336819N,24.182100E,59,19.9,39
19610,T,220830,100446,60.336864N,24.182161E,58,19.4,37
19611,T,220830,100447,60.336906N,24.182222E,58,20.8,36
19612,T,220830,100448,60.336960N,24.182281E,58,21.6,34
19613,T,220830,100449,60.337006N,24.182337E,58,19.8,31
19614,T,220830,100450,60.337044N,24.182396E,57,19.4,37
19615,T,220830,100451,60.337090N,24.182455E,57,20.9,36
19616,T,220830,100452,60.337139N,24.182507E,57,20.0,35
19617,T,220830,100453,60.337181N,24.182556E,57,19.1,34
19618,T,220830,100454,60.337223N,24.182608E,57,19.0,33
19619,T,220830,100455,60.337276N,24.182684E,57,19.0,37
19620,T,220830,100456,60.337311N,24.182739E,57,17.1,35
19621,T,220830,100457,60.337357N,24.182814E,57,19.6,40
19622,T,220830,100458,60.337395N,24.182886E,57,20.4,39
19623,T,220830,100459,60.337437N,24.182949E,56,19.0,39
19624,T,220830,100500,60.337471N,24.183012E,56,19.4,37
19625,T,220830,100501,60.337521N,24.183084E,56,22.9,37
19626,T,220830,100502,60.337570N,24.183163E,56,24.2,37
19627,T,220830,100503,60.337620N,24.183243E,56,24.3,37
19628,T,220830,100504,60.337677N,24.183319E,56,23.1,37
19629,T,220830,100505,60.337727N,24.183388E,56,22.6,38
19630,T,220830,100506,60.337772N,24.183464E,55,23.1,39
19631,T,220830,100507,60.337830N,24.183546E,56,23.1,40
19632,T,220830,100508,60.337875N,24.183628E,56,22.5,42
19633,T,220830,100509,60.337917N,24.183710E,55,21.2,43
19634,T,220830,100510,60.337959N,24.183796E,55,21.2,44
19635,T,220830,100511,60.337997N,24.183876E,56,20.4,45
19636,T,220830,100512,60.338032N,24.183956E,56,19.4,47
19637,T,220830,100513,60.338066N,24.184036E,56,19.0,50
19638,T,220830,100514,60.338100N,24.184111E,56,18.8,46
19639,T,220830,100515,60.338135N,24.184181E,56,18.9,47
19640,T,220830,100516,60.338173N,24.184248E,56,18.8,46
19641,T,220830,100517,60.338207N,24.184313E,56,18.0,46
19642,T,220830,100518,60.338249N,24.184372E,56,19.1,45
19643,T,220830,100519,60.338287N,24.184429E,56,19.2,44
19644,T,220830,100520,60.338333N,24.184488E,55,20.7,43
19645,T,220830,100521,60.338379N,24.184544E,55,22.1,41
19646,T,220830,100522,60.338432N,24.184599E,55,22.7,40
19647,T,220830,100523,60.338486N,24.184650E,54,23.3,38
19648,T,220830,100524,60.338539N,24.184698E,54,23.4,37
19649,T,220830,100525,60.338596N,24.184744E,54,24.1,35
19650,T,220830,100526,60.338654N,24.184793E,54,24.2,34
19651,T,220830,100527,60.338711N,24.184843E,53,24.5,33
19652,T,220830,100528,60.338772N,24.184896E,53,23.8,31
19653,T,220830,100529,60.338833N,24.184938E,53,23.5,30
19654,T,220830,100530,60.338886N,24.184978E,53,22.8,29
19655,T,220830,100531,60.338940N,24.185024E,53,22.1,28
19656,T,220830,100532,60.338993N,24.185068E,53,21.2,26
19657,T,220830,100533,60.339039N,24.185116E,53,20.7,25
19658,T,220830,100534,60.339085N,24.185163E,53,20.0,26
19659,T,220830,100535,60.339123N,24.185219E,53,19.5,27
19660,T,220830,100536,60.339169N,24.185278E,54,20.1,27
19661,T,220830,100537,60.339207N,24.185343E,54,20.5,28
19662,T,220830,100538,60.339249N,24.185411E,54,21.2,29
19663,T,220830,100539,60.339287N,24.185490E,54,21.6,30
19664,T,220830,100540,60.339321N,24.185575E,53,21.6,56
19665,T,220830,100541,60.339352N,24.185673E,53,22.4,61
19666,T,220830,100542,60.339375N,24.185776E,53,22.8,68
19667,T,220830,100543,60.339394N,24.185886E,53,23.2,73
19668,T,220830,100544,60.339409N,24.186003E,53,23.4,74
19669,T,220830,100545,60.339424N,24.186115E,53,23.1,73
19670,T,220830,100546,60.339443N,24.186224E,53,22.0,71
19671,T,220830,100547,60.339458N,24.186329E,54,21.1,72
19672,T,220830,100548,60.339474N,24.186428E,54,19.4,85
19673,T,220830,100549,60.339466N,24.186523E,54,19.0,98
19674,T,220830,100550,60.339455N,24.186625E,54,20.0,102
19675,T,220830,100551,60.339443N,24.186724E,54,20.7,106
19676,T,220830,100552,60.339428N,24.186827E,54,20.8,107
19677,T,220830,100553,60.339413N,24.186926E,54,20.7,107
19678,T,220830,100554,60.339397N,24.187023E,54,20.5,107
19679,T,220830,100555,60.339378N,24.187124E,54,20.5,109
19680,T,220830,100556,60.339355N,24.187218E,54,20.4,113
19681,T,220830,100557,60.339329N,24.187309E,53,21.0,113
19682,T,220830,100558,60.339298N,24.187405E,53,20.9,114
19683,T,220830,100559,60.339272N,24.187496E,53,21.0,116
19684,T,220830,100600,60.339245N,24.187584E,53,20.9,116
19685,T,220830,100601,60.339211N,24.187672E,53,20.7,117
19686,T,220830,100602,60.339184N,24.187756E,53,20.2,118
19687,T,220830,100603,60.339157N,24.187838E,53,19.7,120
19688,T,220830,100604,60.339127N,24.187920E,53,19.6,121
19689,T,220830,100605,60.339108N,24.188004E,53,19.5,122
19690,T,220830,100606,60.339085N,24.188086E,53,19.2,121
19691,T,220830,100607,60.339062N,24.188173E,53,19.1,120
19692,T,220830,100608,60.339039N,24.188265E,53,21.0,119
19693,T,220830,100609,60.339024N,24.188364E,53,21.1,118
19694,T,220830,100610,60.339008N,24.188463E,53,21.2,118
19695,T,220830,100611,60.338989N,24.188566E,53,21.3,117
19696,T,220830,100612,60.338966N,24.188667E,53,21.7,114
19697,T,220830,100613,60.338943N,24.188765E,53,21.1,116
19698,T,220830,100614,60.338921N,24.188852E,53,18.0,117
19699,T,220830,100615,60.338902N,24.188932E,53,18.0,118
19700,T,220830,100616,60.338871N,24.189013E,54,19.2,121
19701,T,220830,100617,60.338848N,24.189093E,54,18.1,119
19702,T,220830,100618,60.338825N,24.189163E,55,15.6,124
19703,T,220830,100619,60.338799N,24.189226E,55,14.9,131
19704,T,220830,100620,60.338776N,24.189283E,56,14.8,135
19705,T,220830,100621,60.338753N,24.189342E,56,14.8,134
19706,T,220830,100622,60.338722N,24.189404E,56,14.9,133
19707,T,220830,100623,60.338699N,24.189465E,56,14.8,132
19708,T,220830,100624,60.338673N,24.189520E,56,14.5,132
19709,T,220830,100625,60.338650N,24.189575E,56,14.5,131
19710,T,220830,100626,60.338623N,24.189634E,56,15.2,131
19711,T,220830,100627,60.338596N,24.189693E,56,15.9,130
19712,T,220830,100628,60.338566N,24.189749E,57,15.3,132
19713,T,220830,100629,60.338531N,24.189804E,57,15.3,133
19714,T,220830,100630,60.338501N,24.189861E,57,16.3,135
19715,T,220830,100631,60.338470N,24.189920E,57,15.3,135
19716,T,220830,100632,60.338444N,24.189976E,57,16.1,135
19717,T,220830,100633,60.338413N,24.190035E,57,16.0,135
19718,T,220830,100634,60.338383N,24.190086E,57,16.0,135
19719,T,220830,100635,60.338356N,24.190144E,58,16.1,135
19720,T,220830,100636,60.338329N,24.190199E,58,15.9,135
19721,T,220830,100637,60.338299N,24.190254E,58,15.9,136
19722,T,220830,100638,60.338272N,24.190304E,58,15.9,137
19723,T,220830,100639,60.338245N,24.190357E,58,15.8,136
19724,T,220830,100640,60.338215N,24.190416E,58,15.8,136
19725,T,220830,100641,60.338184N,24.190468E,58,15.8,137
19726,T,220830,100642,60.338158N,24.190521E,58,15.9,137
19727,T,220830,100643,60.338127N,24.190577E,58,16.3,137
19728,T,220830,100644,60.338097N,24.190636E,58,16.4,137
19729,T,220830,100645,60.338066N,24.190689E,58,16.4,137
19730,T,220830,100646,60.338036N,24.190744E,58,16.3,137
19731,T,220830,100647,60.338005N,24.190798E,58,15.8,137
19732,T,220830,100648,60.337975N,24.190853E,59,15.7,137
19733,T,220830,100649,60.337948N,24.190908E,59,15.5,137
19734,T,220830,100650,60.337921N,24.190962E,59,15.5,136
19735,T,220830,100651,60.337891N,24.191017E,59,16.5,135
19736,T,220830,100652,60.337860N,24.191074E,59,16.2,136
19737,T,220830,100653,60.337833N,24.191126E,59,16.1,137
19738,T,220830,100654,60.337799N,24.191183E,59,16.0,131
19739,T,220830,100655,60.337776N,24.191242E,59,15.6,131
19740,T,220830,100656,60.337746N,24.191296E,59,16.1,132
19741,T,220830,100657,60.337715N,24.191345E,60,15.1,132
19742,T,220830,100658,60.337688N,24.191401E,60,15.6,134
19743,T,220830,100659,60.337662N,24.191456E,60,16.3,137
19744,T,220830,100700,60.337627N,24.191504E,60,15.9,143
19745,T,220830,100701,60.337593N,24.191551E,60,15.8,141
19746,T,220830,100702,60.337559N,24.191605E,60,15.7,138
19747,T,220830,100703,60.337532N,24.191654E,60,14.5,139
19748,T,220830,100704,60.337505N,24.191698E,61,13.5,140
19749,T,220830,100705,60.337479N,24.191740E,61,12.9,141
19750,T,220830,100706,60.337456N,24.191782E,61,12.5,134
19751,T,220830,100707,60.337437N,24.191830E,60,11.8,119
19752,T,220830,100708,60.337429N,24.191889E,60,12.8,102
19753,T,220830,100709,60.337433N,24.191954E,60,13.2,74
19754,T,220830,100710,60.337444N,24.192017E,60,14.6,59
19755,T,220830,100711,60.337467N,24.192085E,60,17.6,58
19756,T,220830,100712,60.337486N,24.192160E,60,18.0,55
19757,T,220830,100713,60.337521N,24.192236E,60,19.0,53
19758,T,220830,100714,60.337551N,24.192314E,60,19.5,48
19759,T,220830,100715,60.337585N,24.192387E,60,19.6,45
19760,T,220830,100716,60.337620N,24.192453E,60,19.5,40
19761,T,220830,100717,60.337662N,24.192516E,60,19.4,41
19762,T,220830,100718,60.337696N,24.192574E,60,19.1,40
19763,T,220830,100719,60.337742N,24.192623E,60,21.1,39
19764,T,220830,100720,60.337788N,24.192669E,60,20.0,37
19765,T,220830,100721,60.337837N,24.192705E,60,19.6,36
19766,T,220830,100722,60.337879N,24.192743E,60,19.2,34
19767,T,220830,100723,60.337925N,24.192778E,60,18.8,33
19768,T,220830,100724,60.337967N,24.192812E,60,18.7,31
19769,T,220830,100725,60.338013N,24.192852E,60,18.8,27
19770,T,220830,100726,60.338047N,24.192904E,60,17.0,38
19771,T,220830,100727,60.338081N,24.192957E,60,16.4,40
19772,T,220830,100728,60.338108N,24.193014E,60,15.5,47
19773,T,220830,100729,60.338127N,24.193068E,60,12.6,55
19774,T,220830,100730,60.338154N,24.193117E,61,11.6,58
19775,T,220830,100731,60.338165N,24.193165E,61,10.5,57
19776,T,220830,100732,60.338184N,24.193213E,61,11.0,56
19777,T,220830,100733,60.338200N,24.193258E,61,11.1,57
19778,T,220830,100734,60.338207N,24.193308E,61,11.1,65
19779,T,220830,100735,60.338219N,24.193361E,61,11.0,67
19780,T,220830,100736,60.338226N,24.193417E,61,11.5,78
19781,T,220830,100737,60.338230N,24.193480E,61,12.0,85
19782,T,220830,100738,60.338242N,24.193548E,61,13.3,83
19783,T,220830,100739,60.338238N,24.193617E,61,13.8,84
19784,T,220830,100740,60.338230N,24.193695E,61,15.8,87
19785,T,220830,100741,60.338215N,24.193775E,61,17.5,89
19786,T,220830,100742,60.338192N,24.193850E,61,16.9,93
19787,T,220830,100743,60.338169N,24.193914E,61,15.4,96
19788,T,220830,100744,60.338139N,24.193970E,61,15.7,99
19789,T,220830,100745,60.338112N,24.194023E,61,15.7,103
19790,T,220830,100746,60.338078N,24.194077E,61,16.8,107
19791,T,220830,100747,60.338039N,24.194124E,61,16.0,111
19792,T,220830,100748,60.338009N,24.194170E,62,15.3,114
19793,T,220830,100749,60.337975N,24.194220E,62,16.6,117
19794,T,220830,100750,60.337948N,24.194279E,62,16.2,133
19795,T,220830,100751,60.337921N,24.194338E,62,15.2,131
19796,T,220830,100752,60.337891N,24.194403E,62,17.2,127
19797,T,220830,100753,60.337864N,24.194471E,62,18.4,123
19798,T,220830,100754,60.337841N,24.194551E,62,19.6,119
19799,T,220830,100755,60.337818N,24.194639E,62,20.0,116
19800,T,220830,100756,60.337795N,24.194729E,62,19.5,117
19801,T,220830,100757,60.337769N,24.194817E,62,19.5,118
19802,T,220830,100758,60.337749N,24.194902E,63,18.9,117
19803,T,220830,100759,60.337727N,24.194988E,63,18.4,115
19804,T,220830,100800,60.337708N,24.195074E,63,17.8,112
19805,T,220830,100801,60.337692N,24.195158E,63,17.8,111
19806,T,220830,100802,60.337685N,24.195246E,63,18.5,109
19807,T,220830,100803,60.337673N,24.195345E,62,19.2,107
19808,T,220830,100804,60.337666N,24.195442E,63,19.5,106
19809,T,220830,100805,60.337654N,24.195543E,63,19.5,106
19810,T,220830,100806,60.337646N,24.195642E,63,19.6,105
19811,T,220830,100807,60.337639N,24.195744E,63,20.5,104
19812,T,220830,100808,60.337631N,24.195845E,63,19.7,103
19813,T,220830,100809,60.337627N,24.195934E,63,17.0,102
19814,T,220830,100810,60.337624N,24.196016E,63,16.5,101
19815,T,220830,100811,60.337620N,24.196096E,63,14.2,90
19816,T,220830,100812,60.337620N,24.196163E,63,13.4,90
19817,T,220830,100813,60.337620N,24.196228E,63,11.9,91
19818,T,220830,100814,60.337624N,24.196289E,64,11.9,82
19819,T,220830,100815,60.337631N,24.196356E,63,13.1,79
19820,T,220830,100816,60.337639N,24.196424E,63,15.0,80
19821,T,220830,100817,60.337643N,24.196505E,62,16.7,78
19822,T,220830,100818,60.337650N,24.196589E,62,17.9,78
19823,T,220830,100819,60.337666N,24.196680E,62,18.9,78
19824,T,220830,100820,60.337673N,24.196775E,61,19.9,77
19825,T,220830,100821,60.337685N,24.196875E,61,19.8,77
19826,T,220830,100822,60.337696N,24.196968E,61,18.6,77
19827,T,220830,100823,60.337704N,24.197058E,61,17.6,77
19828,T,220830,100824,60.337711N,24.197140E,61,15.1,78
19829,T,220830,100825,60.337715N,24.197216E,61,15.0,77
19830,T,220830,100826,60.337719N,24.197285E,61,12.5,79
19831,T,220830,100827,60.337727N,24.197348E,61,12.6,82
19832,T,220830,100828,60.337730N,24.197409E,61,12.1,82
19833,T,220830,100829,60.337734N,24.197464E,61,10.0,81
19834,T,220830,100830,60.337742N,24.197506E,61,7.4,82
19835,T,220830,100831,60.337746N,24.197540E,61,6.3,73
19836,T,220830,100832,60.337753N,24.197559E,61,0.0,73
19837,T,220830,100833,60.337753N,24.197569E,61,0.0,73
19838,T,220830,100834,60.337753N,24.197575E,61,0.0,73
19839,T,220830,100835,60.337753N,24.197590E,60,0.0,73
19840,T,220830,100836,60.337749N,24.197594E,60,0.0,73
19841,T,220830,100837,60.337753N,24.197594E,60,0.0,73
19842,T,220830,100838,60.337757N,24.197594E,60,0.0,73
19843,T,220830,100839,60.337765N,24.197590E,60,0.0,73
19844,T,220830,100840,60.337765N,24.197590E,60,0.0,73
19845,T,220830,100841,60.337765N,24.197588E,60,0.0,73
19846,T,220830,100842,60.337769N,24.197588E,60,0.0,73
19847,T,220830,100843,60.337769N,24.197588E,60,0.0,73
19848,T,220830,100844,60.337769N,24.197588E,60,0.0,73
19849,T,220830,100845,60.337769N,24.197588E,59,0.0,73
19850,T,220830,100846,60.337769N,24.197588E,59,0.0,73
19851,T,220830,100847,60.337769N,24.197588E,59,0.0,73
19852,T,220830,100848,60.337769N,24.197588E,59,0.0,73
19853,T,220830,100849,60.337769N,24.197588E,60,0.0,73
19854,T,220830,100850,60.337769N,24.197588E,60,0.0,73
19855,T,220830,100851,60.337769N,24.197588E,60,0.0,73
19856,T,220830,100852,60.337769N,24.197588E,60,0.0,73
19857,T,220830,100853,60.337769N,24.197588E,60,0.0,73
19858,T,220830,100854,60.337769N,24.197588E,60,0.0,73
19859,T,220830,100855,60.337769N,24.197588E,60,0.0,73
19860,T,220830,100856,60.337769N,24.197588E,60,0.0,73
19861,T,220830,100857,60.337769N,24.197588E,60,0.0,73
19862,T,220830,100858,60.337769N,24.197588E,60,0.0,73
19863,T,220830,100859,60.337769N,24.197588E,60,0.0,73
19864,T,220830,100900,60.337769N,24.197588E,60,0.0,73
19865,T,220830,100901,60.337769N,24.197588E,60,0.0,73
19866,T,220830,100902,60.337769N,24.197588E,60,0.0,73
19867,T,220830,100903,60.337769N,24.197588E,60,0.0,73
19868,T,220830,100904,60.337769N,24.197588E,60,0.0,73
19869,T,220830,100905,60.337769N,24.197588E,60,0.0,73
19870,T,220830,100906,60.337769N,24.197588E,60,0.0,73
19871,T,220830,100907,60.337769N,24.197588E,60,0.0,73
19872,T,220830,100908,60.337769N,24.197588E,60,0.0,73
19873,T,220830,100909,60.337769N,24.197588E,60,0.0,73
19874,T,220830,100910,60.337769N,24.197588E,60,0.0,73
19875,T,220830,100911,60.337769N,24.197588E,60,0.0,73
19876,T,220830,100912,60.337769N,24.197588E,60,0.0,73
19877,T,220830,100913,60.337769N,24.197588E,60,0.0,73
19878,T,220830,100914,60.337769N,24.197588E,60,0.0,73
19879,T,220830,100915,60.337769N,24.197588E,60,0.0,73
19880,T,220830,100916,60.337769N,24.197588E,60,0.0,73
19881,T,220830,100917,60.337769N,24.197588E,60,0.0,73
19882,T,220830,100918,60.337769N,24.197588E,60,0.0,73
19883,T,220830,100919,60.337769N,24.197588E,60,0.0,73
19884,T,220830,100920,60.337769N,24.197588E,60,0.0,73
19885,T,220830,100921,60.337769N,24.197588E,60,0.0,73
19886,T,220830,100922,60.337769N,24.197588E,60,0.0,73
19887,T,220830,100923,60.337769N,24.197588E,60,0.0,73
19888,T,220830,100924,60.337769N,24.197588E,60,0.0,73
19889,T,220830,100925,60.337769N,24.197588E,60,0.0,73
19890,T,220830,100926,60.337769N,24.197588E,60,0.0,73
19891,T,220830,100927,60.337769N,24.197588E,60,0.0,73
19892,T,220830,100928,60.337769N,24.197588E,60,0.0,73
19893,T,220830,100929,60.337769N,24.197588E,60,0.0,73
19894,T,220830,100930,60.337769N,24.197588E,60,0.0,73
19895,T,220830,100931,60.337769N,24.197588E,60,0.0,73
19896,T,220830,100932,60.337769N,24.197588E,60,0.0,73
19897,T,220830,100933,60.337769N,24.197588E,60,0.0,73
19898,T,220830,100934,60.337769N,24.197588E,60,0.0,73
19899,T,220830,100935,60.337769N,24.197588E,60,0.0,73
19900,T,220830,100936,60.337769N,24.197588E,60,0.0,73
19901,T,220830,100937,60.337769N,24.197588E,60,0.0,73
19902,T,220830,100938,60.337769N,24.197588E,60,0.0,73
19903,T,220830,100939,60.337769N,24.197588E,60,0.0,73
19904,T,220830,100940,60.337769N,24.197588E,60,0.0,73
19905,T,220830,100941,60.337769N,24.197588E,60,0.0,73
19906,T,220830,100942,60.337769N,24.197588E,60,0.0,73
19907,T,220830,100943,60.337769N,24.197588E,60,0.0,73
19908,T,220830,100944,60.337769N,24.197588E,60,0.0,73
19909,T,220830,100945,60.337769N,24.197588E,60,0.0,73
19910,T,220830,100946,60.337769N,24.197588E,60,0.0,73
19911,T,220830,100947,60.337769N,24.197588E,60,0.0,73
19912,T,220830,100948,60.337769N,24.197588E,60,0.0,73
19913,T,220830,100949,60.337769N,24.197588E,60,0.0,73
19914,T,220830,100950,60.337769N,24.197588E,60,0.0,73
19915,T,220830,100951,60.337769N,24.197588E,60,0.0,73
19916,T,220830,100952,60.337769N,24.197588E,60,0.0,73
19917,T,220830,100953,60.337769N,24.197588E,60,0.0,73
19918,T,220830,100954,60.337769N,24.197588E,60,0.0,73
19919,T,220830,100955,60.337769N,24.197588E,60,0.0,73
19920,T,220830,100956,60.337769N,24.197588E,60,0.0,73
19921,T,220830,100957,60.337769N,24.197588E,60,0.0,73
19922,T,220830,100958,60.337769N,24.197588E,60,0.0,73
19923,T,220830,100959,60.337769N,24.197588E,60,0.0,73
19924,T,220830,101000,60.337769N,24.197588E,60,0.0,73
19925,T,220830,101001,60.337769N,24.197588E,60,0.0,73
19926,T,220830,101002,60.337769N,24.197588E,60,0.0,73
19927,T,220830,101003,60.337769N,24.197588E,60,0.0,73
19928,T,220830,101004,60.337769N,24.197588E,60,0.0,73
19929,T,220830,101005,60.337769N,24.197588E,60,0.0,73
19930,T,220830,101006,60.337769N,24.197588E,60,0.0,73
19931,T,220830,101007,60.337769N,24.197588E,60,0.0,73
19932,T,220830,101008,60.337769N,24.197588E,60,0.0,73
19933,T,220830,101009,60.337769N,24.197588E,60,0.0,73
19934,T,220830,101010,60.337769N,24.197588E,60,0.0,73
19935,T,220830,101011,60.337769N,24.197588E,60,0.0,73
19936,T,220830,101012,60.337769N,24.197588E,60,0.0,73
19937,T,220830,101013,60.337769N,24.197588E,60,0.0,73
19938,T,220830,101014,60.337769N,24.197588E,60,0.0,73
19939,T,220830,101015,60.337769N,24.197588E,60,0.0,73
19940,T,220830,101016,60.337769N,24.197588E,60,0.0,73
19941,T,220830,101017,60.337769N,24.197588E,60,0.0,73
19942,T,220830,101018,60.337769N,24.197588E,60,0.0,73
19943,T,220830,101019,60.337769N,24.197588E,60,0.0,73
19944,T,220830,101020,60.337769N,24.197588E,60,0.0,73
19945,T,220830,101021,60.337769N,24.197588E,60,0.0,73
19946,T,220830,101022,60.337769N,24.197588E,60,0.0,73
19947,T,220830,101023,60.337769N,24.197588E,60,0.0,73
19948,T,220830,101024,60.337769N,24.197588E,60,0.0,73
19949,T,220830,101025,60.337769N,24.197586E,60,0.0,73
19950,T,220830,101026,60.337769N,24.197586E,60,0.0,73
19951,T,220830,101027,60.337769N,24.197586E,60,0.0,73
19952,T,220830,101028,60.337769N,24.197584E,60,0.0,73
19953,T,220830,101029,60.337769N,24.197584E,60,0.0,73
19954,T,220830,101030,60.337769N,24.197584E,59,0.0,73
19955,T,220830,101031,60.337769N,24.197584E,59,0.0,73
19956,T,220830,101032,60.337765N,24.197582E,59,0.0,73
19957,T,220830,101033,60.337765N,24.197582E,59,0.0,73
19958,T,220830,101034,60.337765N,24.197582E,60,0.0,73
19959,T,220830,101035,60.337765N,24.197582E,59,0.0,73
19960,T,220830,101036,60.337765N,24.197580E,60,0.0,73
19961,T,220830,101037,60.337765N,24.197580E,59,0.0,73
19962,T,220830,101038,60.337761N,24.197580E,59,0.0,73
19963,T,220830,101039,60.337761N,24.197580E,59,0.0,73
19964,T,220830,101040,60.337761N,24.197582E,59,0.0,73
19965,T,220830,101041,60.337761N,24.197582E,59,0.0,73
19966,T,220830,101042,60.337761N,24.197582E,59,0.0,73
19967,T,220830,101043,60.337761N,24.197580E,59,0.0,73
19968,T,220830,101044,60.337761N,24.197580E,59,0.0,73
19969,T,220830,101045,60.337765N,24.197580E,59,0.0,73
19970,T,220830,101046,60.337765N,24.197578E,59,0.0,73
19971,T,220830,101047,60.337765N,24.197578E,59,0.0,73
19972,T,220830,101048,60.337765N,24.197578E,59,0.0,73
19973,T,220830,101049,60.337765N,24.197578E,59,0.0,73
19974,T,220830,101050,60.337765N,24.197578E,59,0.0,73
19975,T,220830,101051,60.337765N,24.197578E,59,0.0,73
19976,T,220830,101052,60.337761N,24.197577E,59,0.0,73
19977,T,220830,101053,60.337761N,24.197577E,59,0.0,73
19978,T,220830,101054,60.337761N,24.197577E,59,0.0,73
19979,T,220830,101055,60.337761N,24.197575E,59,0.0,73
19980,T,220830,101056,60.337761N,24.197575E,59,0.0,73
19981,T,220830,101057,60.337757N,24.197573E,59,0.0,73
19982,T,220830,101058,60.337757N,24.197573E,59,0.0,73
19983,T,220830,101059,60.337757N,24.197575E,59,0.0,73
19984,T,220830,101100,60.337757N,24.197575E,59,0.0,73
19985,T,220830,101101,60.337757N,24.197575E,59,0.0,73
19986,T,220830,101102,60.337757N,24.197577E,59,0.0,73
19987,T,220830,101103,60.337753N,24.197577E,59,0.0,73
19988,T,220830,101104,60.337753N,24.197577E,59,0.0,73
19989,T,220830,101105,60.337753N,24.197578E,59,0.0,73
19990,T,220830,101106,60.337753N,24.197578E,59,0.0,73
19991,T,220830,101107,60.337753N,24.197580E,59,0.0,73
19992,T,220830,101108,60.337753N,24.197580E,59,0.0,73
19993,T,220830,101109,60.337753N,24.197580E,59,0.0,73
19994,T,220830,101110,60.337753N,24.197586E,59,0.0,73
19995,T,220830,101111,60.337749N,24.197590E,59,0.0,73
19996,T,220830,101112,60.337749N,24.197596E,59,0.0,73
19997,T,220830,101113,60.337749N,24.197603E,59,0.0,73
19998,T,220830,101114,60.337746N,24.197620E,60,0.0,73
19999,T,220830,101115,60.337753N,24.197676E,60,8.5,82
20000,T,220830,101116,60.337753N,24.197727E,60,10.8,83
20001,T,220830,101117,60.337761N,24.197781E,60,8.9,82
20002,T,220830,101118,60.337765N,24.197821E,60,6.3,81
20003,T,220830,101119,60.337769N,24.197847E,60,4.6,80
20004,T,220830,101120,60.337772N,24.197876E,60,5.7,80
20005,T,220830,101121,60.337776N,24.197912E,60,8.3,89
20006,T,220830,101122,60.337772N,24.197962E,60,10.2,98
20007,T,220830,101123,60.337761N,24.198015E,59,12.5,125
20008,T,220830,101124,60.337730N,24.198059E,59,14.3,151
20009,T,220830,101125,60.337696N,24.198088E,59,16.2,163
20010,T,220830,101126,60.337650N,24.198111E,59,17.9,165
20011,T,220830,101127,60.337605N,24.198139E,59,19.7,164
20012,T,220830,101128,60.337559N,24.198175E,59,20.8,163
20013,T,220830,101129,60.337509N,24.198212E,59,20.8,162
20014,T,220830,101130,60.337460N,24.198244E,59,21.5,161
20015,T,220830,101131,60.337406N,24.198282E,59,22.2,160
20016,T,220830,101132,60.337353N,24.198322E,59,22.3,159
20017,T,220830,101133,60.337299N,24.198364E,58,23.1,158
20018,T,220830,101134,60.337242N,24.198402E,58,23.8,159
20019,T,220830,101135,60.337189N,24.198439E,58,24.6,160
20020,T,220830,101136,60.337128N,24.198481E,58,25.0,160
20021,T,220830,101137,60.337067N,24.198524E,58,25.6,160
20022,T,220830,101138,60.337009N,24.198570E,57,26.1,160
20023,T,220830,101139,60.336945N,24.198614E,57,26.7,160
20024,T,220830,101140,60.336880N,24.198660E,57,27.0,160
20025,T,220830,101141,60.336815N,24.198706E,57,27.1,160
20026,T,220830,101142,60.336754N,24.198753E,57,27.2,160
20027,T,220830,101143,60.336689N,24.198797E,57,27.5,160
20028,T,220830,101144,60.336624N,24.198845E,57,27.5,160
20029,T,220830,101145,60.336559N,24.198896E,57,27.5,159
20030,T,220830,101146,60.336491N,24.198944E,57,27.7,159
20031,T,220830,101147,60.336430N,24.198996E,57,27.6,158
20032,T,220830,101148,60.336365N,24.199047E,57,27.2,158
20033,T,220830,101149,60.336300N,24.199104E,57,27.5,158
20034,T,220830,101150,60.336235N,24.199162E,57,27.6,157
20035,T,220830,101151,60.336170N,24.199223E,58,26.7,156
20036,T,220830,101152,60.336113N,24.199284E,58,27.3,154
20037,T,220830,101153,60.336048N,24.199350E,58,27.5,153
20038,T,220830,101154,60.335987N,24.199415E,58,27.8,152
20039,T,220830,101155,60.335922N,24.199484E,58,28.4,150
20040,T,220830,101156,60.335869N,24.199558E,59,28.4,149
20041,T,220830,101157,60.335808N,24.199635E,59,28.4,147
20042,T,220830,101158,60.335747N,24.199715E,59,28.4,145
20043,T,220830,101159,60.335690N,24.199797E,59,28.2,144
20044,T,220830,101200,60.335636N,24.199884E,59,27.5,142
20045,T,220830,101201,60.335579N,24.199970E,59,26.7,140
20046,T,220830,101202,60.335533N,24.200056E,58,26.5,138
20047,T,220830,101203,60.335484N,24.200144E,58,25.4,137
20048,T,220830,101204,60.335442N,24.200230E,58,24.0,135
20049,T,220830,101205,60.335400N,24.200314E,58,23.1,134
20050,T,220830,101206,60.335361N,24.200396E,58,22.3,133
20051,T,220830,101207,60.335320N,24.200478E,57,21.9,132
20052,T,220830,101208,60.335285N,24.200558E,57,21.5,131
20053,T,220830,101209,60.335247N,24.200640E,57,21.4,131
20054,T,220830,101210,60.335217N,24.200724E,58,21.4,130
20055,T,220830,101211,60.335178N,24.200806E,58,21.1,129
20056,T,220830,101212,60.335148N,24.200891E,58,21.1,128
20057,T,220830,101213,60.335117N,24.200977E,58,21.5,126
20058,T,220830,101214,60.335083N,24.201069E,58,21.5,125
20059,T,220830,101215,60.335056N,24.201160E,58,21.6,124
20060,T,220830,101216,60.335026N,24.201250E,58,21.6,123
20061,T,220830,101217,60.334995N,24.201342E,58,21.2,122
20062,T,220830,101218,60.334969N,24.201433E,59,21.3,121
20063,T,220830,101219,60.334946N,24.201529E,58,21.3,119
20064,T,220830,101220,60.334915N,24.201618E,59,21.2,118
20065,T,220830,101221,60.334892N,24.201712E,59,20.5,117
20066,T,220830,101222,60.334873N,24.201801E,59,20.4,116
20067,T,220830,101223,60.334850N,24.201897E,60,20.4,116
20068,T,220830,101224,60.334839N,24.201986E,60,20.4,114
20069,T,220830,101225,60.334820N,24.202082E,61,19.9,113
20070,T,220830,101226,60.334801N,24.202175E,61,19.8,113
20071,T,220830,101227,60.334778N,24.202269E,61,19.8,112
20072,T,220830,101228,60.334755N,24.202360E,61,20.2,113
20073,T,220830,101229,60.334732N,24.202454E,62,20.1,113
20074,T,220830,101230,60.334713N,24.202543E,62,19.7,113
20075,T,220830,101231,60.334698N,24.202637E,62,19.6,112
20076,T,220830,101232,60.334675N,24.202728E,62,20.0,111
20077,T,220830,101233,60.334656N,24.202822E,62,20.3,112
20078,T,220830,101234,60.334633N,24.202921E,62,20.6,112
20079,T,220830,101235,60.334614N,24.203016E,62,20.1,112
20080,T,220830,101236,60.334591N,24.203112E,62,20.2,112
20081,T,220830,101237,60.334568N,24.203203E,62,20.1,112
20082,T,220830,101238,60.334549N,24.203302E,62,20.2,112
20083,T,220830,101239,60.334522N,24.203396E,62,20.1,112
20084,T,220830,101240,60.334503N,24.203489E,62,20.1,113
20085,T,220830,101241,60.334484N,24.203583E,62,19.8,112
20086,T,220830,101242,60.334465N,24.203676E,62,19.9,112
20087,T,220830,101243,60.334442N,24.203768E,62,20.0,113
20088,T,220830,101244,60.334423N,24.203861E,62,20.0,113
20089,T,220830,101245,60.334404N,24.203957E,62,20.2,113
20090,T,220830,101246,60.334381N,24.204050E,62,20.2,113
20091,T,220830,101247,60.334358N,24.204144E,62,20.3,113
20092,T,220830,101248,60.334339N,24.204239E,62,20.4,112
20093,T,220830,101249,60.334320N,24.204334E,62,20.4,112
20094,T,220830,101250,60.334297N,24.204424E,62,20.5,113
20095,T,220830,101251,60.334270N,24.204521E,62,20.6,114
20096,T,220830,101252,60.334248N,24.204618E,62,20.7,114
20097,T,220830,101253,60.334229N,24.204718E,62,20.7,114
20098,T,220830,101254,60.334206N,24.204817E,61,20.8,114
20099,T,220830,101255,60.334179N,24.204912E,61,21.1,115
20100,T,220830,101256,60.334156N,24.205006E,61,21.1,115
20101,T,220830,101257,60.334129N,24.205105E,61,21.2,116
20102,T,220830,101258,60.334099N,24.205202E,61,21.2,116
20103,T,220830,101259,60.334076N,24.205296E,61,21.3,117
20104,T,220830,101300,60.334049N,24.205391E,61,21.4,119
20105,T,220830,101301,60.334019N,24.205484E,61,21.5,119
20106,T,220830,101302,60.333988N,24.205578E,61,21.5,120
20107,T,220830,101303,60.333961N,24.205671E,60,21.5,121
20108,T,220830,101304,60.333927N,24.205765E,60,21.5,122
20109,T,220830,101305,60.333900N,24.205856E,60,21.5,123
20110,T,220830,101306,60.333862N,24.205948E,60,22.1,124
20111,T,220830,101307,60.333832N,24.206039E,60,22.6,125
20112,T,220830,101308,60.333797N,24.206129E,60,22.7,127
20113,T,220830,101309,60.333759N,24.206219E,60,23.6,128
20114,T,220830,101310,60.333721N,24.206314E,59,24.0,129
20115,T,220830,101311,60.333691N,24.206406E,60,24.5,130
20116,T,220830,101312,60.333652N,24.206499E,60,24.9,131
20117,T,220830,101313,60.333607N,24.206594E,60,25.7,132
20118,T,220830,101314,60.333569N,24.206686E,60,26.2,133
20119,T,220830,101315,60.333523N,24.206779E,60,27.1,135
20120,T,220830,101316,60.333477N,24.206875E,60,27.7,136
20121,T,220830,101317,60.333427N,24.206964E,59,27.6,137
20122,T,220830,101318,60.333378N,24.207056E,59,27.5,138
20123,T,220830,101319,60.333324N,24.207146E,59,27.5,139
20124,T,220830,101320,60.333271N,24.207235E,58,27.5,140
20125,T,220830,101321,60.333221N,24.207319E,58,27.9,140
20126,T,220830,101322,60.333168N,24.207409E,58,28.7,142
20127,T,220830,101323,60.333111N,24.207495E,58,29.1,143
20128,T,220830,101324,60.333054N,24.207581E,57,30.2,144
20129,T,220830,101325,60.332993N,24.207670E,57,30.5,146
20130,T,220830,101326,60.332924N,24.207756E,57,30.4,147
20131,T,220830,101327,60.332859N,24.207840E,56,31.2,148
20132,T,220830,101328,60.332790N,24.207924E,56,31.9,148
20133,T,220830,101329,60.332722N,24.208010E,55,32.5,149
20134,T,220830,101330,60.332649N,24.208096E,55,32.9,149
20135,T,220830,101331,60.332577N,24.208181E,55,33.4,149
20136,T,220830,101332,60.332504N,24.208267E,54,33.8,149
20137,T,220830,101333,60.332432N,24.208357E,54,33.9,149
20138,T,220830,101334,60.332355N,24.208445E,53,34.4,149
20139,T,220830,101335,60.332283N,24.208536E,53,34.5,149
20140,T,220830,101336,60.332207N,24.208624E,52,34.9,149
20141,T,220830,101337,60.332130N,24.208714E,52,35.0,149
20142,T,220830,101338,60.332054N,24.208803E,51,34.9,149
20143,T,220830,101339,60.331982N,24.208897E,51,34.8,148
20144,T,220830,101340,60.331909N,24.208984E,51,34.2,148
20145,T,220830,101341,60.331837N,24.209064E,50,32.3,149
20146,T,220830,101342,60.331768N,24.209145E,50,30.2,150
20147,T,220830,101343,60.331703N,24.209215E,50,30.3,151
20148,T,220830,101344,60.331635N,24.209286E,50,29.7,151
20149,T,220830,101345,60.331570N,24.209358E,50,30.1,152
20150,T,220830,101346,60.331505N,24.209433E,50,30.1,151
20151,T,220830,101347,60.331440N,24.209509E,49,30.2,151
20152,T,220830,101348,60.331371N,24.209583E,49,29.5,150
20153,T,220830,101349,60.331310N,24.209660E,50,29.5,149
20154,T,220830,101350,60.331249N,24.209736E,50,30.0,149
20155,T,220830,101351,60.331188N,24.209814E,49,29.7,149
20156,T,220830,101352,60.331123N,24.209890E,49,29.8,149
20157,T,220830,101353,60.331059N,24.209965E,49,29.5,149
20158,T,220830,101354,60.331001N,24.210037E,49,29.5,149
20159,T,220830,101355,60.330936N,24.210114E,49,28.7,149
20160,T,220830,101356,60.330872N,24.210186E,49,28.8,149
20161,T,220830,101357,60.330811N,24.210260E,49,28.7,149
20162,T,220830,101358,60.330753N,24.210335E,49,28.8,149
20163,T,220830,101359,60.330688N,24.210403E,49,27.5,149
20164,T,220830,101400,60.330631N,24.210470E,49,27.2,149
20165,T,220830,101401,60.330570N,24.210535E,49,27.1,149
20166,T,220830,101402,60.330513N,24.210604E,48,26.4,149
20167,T,220830,101403,60.330456N,24.210672E,48,25.9,149
20168,T,220830,101404,60.330395N,24.210739E,48,25.9,149
20169,T,220830,101405,60.330345N,24.210806E,49,25.2,149
20170,T,220830,101406,60.330288N,24.210873E,49,25.3,149
20171,T,220830,101407,60.330231N,24.210936E,49,25.2,149
20172,T,220830,101408,60.330181N,24.210999E,49,25.1,149
20173,T,220830,101409,60.330124N,24.211063E,49,25.2,149
20174,T,220830,101410,60.330070N,24.211126E,49,25.3,149
20175,T,220830,101411,60.330017N,24.211191E,49,25.2,149
20176,T,220830,101412,60.329960N,24.211256E,49,25.2,149
20177,T,220830,101413,60.329906N,24.211317E,49,24.8,149
20178,T,220830,101414,60.329853N,24.211382E,49,24.7,149
20179,T,220830,101415,60.329800N,24.211445E,50,24.6,149
20180,T,220830,101416,60.329746N,24.211504E,50,24.5,149
20181,T,220830,101417,60.329693N,24.211569E,50,24.5,149
20182,T,220830,101418,60.329639N,24.211634E,50,24.2,149
20183,T,220830,101419,60.329590N,24.211697E,50,24.3,149
20184,T,220830,101420,60.329536N,24.211758E,50,25.0,149
20185,T,220830,101421,60.329479N,24.211824E,50,25.4,149
20186,T,220830,101422,60.329426N,24.211885E,50,25.4,149
20187,T,220830,101423,60.329369N,24.211948E,50,25.5,149
20188,T,220830,101424,60.329311N,24.212009E,50,25.1,149
20189,T,220830,101425,60.329266N,24.212074E,51,25.1,149
20190,T,220830,101426,60.329208N,24.212135E,51,25.0,149
20191,T,220830,101427,60.329155N,24.212196E,51,25.0,150
20192,T,220830,101428,60.329102N,24.212255E,51,25.0,150
20193,T,220830,101429,60.329048N,24.212318E,52,24.9,149
20194,T,220830,101430,60.328995N,24.212381E,52,24.9,149
20195,T,220830,101431,60.328945N,24.212444E,52,24.8,149
20196,T,220830,101432,60.328888N,24.212507E,52,24.8,149
20197,T,220830,101433,60.328835N,24.212572E,52,24.8,149
20198,T,220830,101434,60.328781N,24.212637E,52,24.9,149
20199,T,220830,101435,60.328724N,24.212700E,52,25.0,149
20200,T,220830,101436,60.328671N,24.212763E,52,25.1,150
20201,T,220830,101437,60.328613N,24.212824E,52,25.1,150
20202,T,220830,101438,60.328556N,24.212885E,52,25.2,151
20203,T,220830,101439,60.328499N,24.212946E,52,25.1,151
20204,T,220830,101440,60.328445N,24.213003E,52,25.1,152
20205,T,220830,101441,60.328388N,24.213062E,51,25.5,154
20206,T,220830,101442,60.328327N,24.213116E,51,25.5,155
20207,T,220830,101443,60.328266N,24.213165E,51,25.5,156
20208,T,220830,101444,60.328209N,24.213217E,51,25.6,158
20209,T,220830,101445,60.328148N,24.213264E,51,25.7,159
20210,T,220830,101446,60.328087N,24.213310E,51,25.7,160
20211,T,220830,101447,60.328030N,24.213352E,51,25.7,161
20212,T,220830,101448,60.327965N,24.213390E,51,25.4,162
20213,T,220830,101449,60.327904N,24.213428E,50,25.4,163
20214,T,220830,101450,60.327843N,24.213465E,50,25.3,164
20215,T,220830,101451,60.327785N,24.213495E,50,25.2,165
20216,T,220830,101452,60.327721N,24.213530E,50,25.2,165
20217,T,220830,101453,60.327660N,24.213560E,50,25.1,166
20218,T,220830,101454,60.327599N,24.213593E,50,25.0,166
20219,T,220830,101455,60.327538N,24.213621E,50,25.0,165
20220,T,220830,101456,60.327477N,24.213652E,49,24.9,165
20221,T,220830,101457,60.327415N,24.213680E,49,24.7,166
20222,T,220830,101458,60.327351N,24.213709E,49,24.2,166
20223,T,220830,101459,60.327293N,24.213736E,49,23.9,166
20224,T,220830,101500,60.327236N,24.213766E,49,24.0,166
20225,T,220830,101501,60.327175N,24.213800E,48,24.5,165
20226,T,220830,101502,60.327114N,24.213835E,48,23.7,165
20227,T,220830,101503,60.327061N,24.213867E,48,23.7,164
20228,T,220830,101504,60.327000N,24.213898E,48,23.7,165
20229,T,220830,101505,60.326942N,24.213924E,48,23.4,166
20230,T,220830,101506,60.326885N,24.213955E,47,23.9,166
20231,T,220830,101507,60.326828N,24.213980E,47,23.4,167
20232,T,220830,101508,60.326767N,24.214014E,47,24.2,166
20233,T,220830,101509,60.326714N,24.214045E,47,24.2,166
20234,T,220830,101510,60.326649N,24.214075E,47,23.8,166
20235,T,220830,101511,60.326591N,24.214106E,47,23.7,166
20236,T,220830,101512,60.326530N,24.214142E,46,24.0,165
20237,T,220830,101513,60.326473N,24.214178E,46,24.0,164
20238,T,220830,101514,60.326416N,24.214214E,46,23.9,163
20239,T,220830,101515,60.326355N,24.214254E,46,24.2,163
20240,T,220830,101516,60.326302N,24.214296E,46,24.2,162
20241,T,220830,101517,60.326241N,24.214336E,45,24.7,161
20242,T,220830,101518,60.326180N,24.214378E,45,24.7,160
20243,T,220830,101519,60.326118N,24.214426E,45,25.1,159
20244,T,220830,101520,60.326061N,24.214478E,45,25.2,158
20245,T,220830,101521,60.326000N,24.214525E,45,25.1,157
20246,T,220830,101522,60.325939N,24.214582E,45,25.4,156
20247,T,220830,101523,60.325874N,24.214642E,45,26.2,155
20248,T,220830,101524,60.325817N,24.214701E,45,26.3,154
20249,T,220830,101525,60.325752N,24.214760E,44,26.9,154
20250,T,220830,101526,60.325684N,24.214830E,44,26.5,152
20251,T,220830,101527,60.325623N,24.214905E,44,26.6,150
20252,T,220830,101528,60.325565N,24.214972E,44,26.6,148
20253,T,220830,101529,60.325504N,24.215054E,44,27.0,146
20254,T,220830,101530,60.325447N,24.215132E,44,26.6,145
20255,T,220830,101531,60.325394N,24.215214E,44,26.5,143
20256,T,220830,101532,60.325336N,24.215296E,44,27.5,142
20257,T,220830,101533,60.325275N,24.215385E,44,28.9,142
20258,T,220830,101534,60.325218N,24.215479E,43,29.0,141
20259,T,220830,101535,60.325161N,24.215572E,44,28.9,140
20260,T,220830,101536,60.325104N,24.215664E,44,28.3,140
20261,T,220830,101537,60.325047N,24.215755E,44,27.9,140
20262,T,220830,101538,60.324997N,24.215849E,44,28.9,140
20263,T,220830,101539,60.324940N,24.215937E,44,28.9,141
20264,T,220830,101540,60.324883N,24.216028E,44,28.8,141
20265,T,220830,101541,60.324829N,24.216120E,44,29.1,141
20266,T,220830,101542,60.324768N,24.216209E,44,28.5,141
20267,T,220830,101543,60.324715N,24.216295E,44,27.5,141
20268,T,220830,101544,60.324661N,24.216385E,44,27.5,141
20269,T,220830,101545,60.324604N,24.216476E,44,27.9,141
20270,T,220830,101546,60.324547N,24.216568E,44,27.8,141
20271,T,220830,101547,60.324490N,24.216661E,43,28.8,140
20272,T,220830,101548,60.324432N,24.216757E,43,28.0,140
20273,T,220830,101549,60.324379N,24.216845E,43,28.0,140
20274,T,220830,101550,60.324326N,24.216936E,43,28.0,140
20275,T,220830,101551,60.324272N,24.217024E,43,27.2,140
20276,T,220830,101552,60.324215N,24.217113E,42,27.2,140
20277,T,220830,101553,60.324162N,24.217201E,42,27.1,140
20278,T,220830,101554,60.324108N,24.217291E,42,27.0,140
20279,T,220830,101555,60.324051N,24.217381E,42,27.2,140
20280,T,220830,101556,60.324001N,24.217472E,42,26.5,140
20281,T,220830,101557,60.323952N,24.217558E,42,26.4,140
20282,T,220830,101558,60.323898N,24.217646E,42,25.6,141
20283,T,220830,101559,60.323856N,24.217730E,42,25.2,141
20284,T,220830,101600,60.323818N,24.217804E,43,24.5,141
20285,T,220830,101601,60.323776N,24.217878E,44,24.0,142
20286,T,220830,101602,60.323730N,24.217955E,44,23.9,141
20287,T,220830,101603,60.323689N,24.218031E,45,23.8,141
20288,T,220830,101604,60.323643N,24.218103E,45,23.6,141
20289,T,220830,101605,60.323601N,24.218178E,46,22.9,140
20290,T,220830,101606,60.323555N,24.218248E,46,22.3,141
20291,T,220830,101607,60.323513N,24.218319E,46,22.2,141
20292,T,220830,101608,60.323471N,24.218390E,47,22.2,140
20293,T,220830,101609,60.323433N,24.218458E,47,22.1,140
20294,T,220830,101610,60.323387N,24.218529E,47,22.1,141
20295,T,220830,101611,60.323345N,24.218597E,48,22.0,140
20296,T,220830,101612,60.323303N,24.218666E,48,21.9,141
20297,T,220830,101613,60.323261N,24.218737E,48,21.3,141
20298,T,220830,101614,60.323219N,24.218803E,48,20.7,140
20299,T,220830,101615,60.323181N,24.218870E,49,20.3,140
20300,T,220830,101616,60.323139N,24.218937E,49,19.7,140
20301,T,220830,101617,60.323105N,24.219000E,49,19.7,140
20302,T,220830,101618,60.323063N,24.219065E,49,19.6,140
20303,T,220830,101619,60.323025N,24.219124E,49,19.7,141
20304,T,220830,101620,60.322983N,24.219189E,49,19.7,141
20305,T,220830,101621,60.322948N,24.219252E,49,19.3,140
20306,T,220830,101622,60.322906N,24.219316E,49,19.2,140
20307,T,220830,101623,60.322872N,24.219376E,49,19.2,140
20308,T,220830,101624,60.322838N,24.219439E,49,18.8,140
20309,T,220830,101625,60.322800N,24.219500E,49,18.2,140
20310,T,220830,101626,60.322762N,24.219559E,49,18.3,140
20311,T,220830,101627,60.322727N,24.219616E,49,17.4,140
20312,T,220830,101628,60.322689N,24.219675E,50,16.9,141
20313,T,220830,101629,60.322647N,24.219728E,50,17.3,141
20314,T,220830,101630,60.322617N,24.219786E,50,17.4,141
20315,T,220830,101631,60.322578N,24.219845E,50,17.4,141
20316,T,220830,101632,60.322548N,24.219902E,50,16.7,141
20317,T,220830,101633,60.322517N,24.219957E,50,16.3,141
20318,T,220830,101634,60.322479N,24.220015E,50,16.7,141
20319,T,220830,101635,60.322449N,24.220066E,51,15.7,139
20320,T,220830,101636,60.322411N,24.220118E,51,16.2,140
20321,T,220830,101637,60.322380N,24.220175E,51,16.3,140
20322,T,220830,101638,60.322350N,24.220226E,51,16.2,141
20323,T,220830,101639,60.322311N,24.220284E,52,16.4,141
20324,T,220830,101640,60.322281N,24.220343E,52,16.5,141
20325,T,220830,101641,60.322243N,24.220404E,52,16.5,141
20326,T,220830,101642,60.322212N,24.220455E,52,16.5,141
20327,T,220830,101643,60.322182N,24.220516E,52,15.2,140
20328,T,220830,101644,60.322147N,24.220568E,52,15.2,141
20329,T,220830,101645,60.322117N,24.220615E,52,14.7,141
20330,T,220830,101646,60.322079N,24.220667E,53,15.3,142
20331,T,220830,101647,60.322048N,24.220720E,53,15.0,142
20332,T,220830,101648,60.322018N,24.220774E,53,14.4,142
20333,T,220830,101649,60.321983N,24.220823E,53,14.5,141
20334,T,220830,101650,60.321957N,24.220865E,54,13.5,142
20335,T,220830,101651,60.321918N,24.220917E,54,13.6,142
20336,T,220830,101652,60.321892N,24.220963E,54,13.2,142
20337,T,220830,101653,60.321861N,24.221014E,54,14.2,143
20338,T,220830,101654,60.321827N,24.221058E,54,14.2,149
20339,T,220830,101655,60.321796N,24.221100E,54,13.0,146
20340,T,220830,101656,60.321770N,24.221144E,54,12.4,145
20341,T,220830,101657,60.321739N,24.221184E,55,12.8,141
20342,T,220830,101658,60.321693N,24.221245E,55,14.9,143
20343,T,220830,101659,60.321655N,24.221292E,55,14.8,145
20344,T,220830,101700,60.321617N,24.221334E,55,14.8,145
20345,T,220830,101701,60.321579N,24.221380E,55,14.8,147
20346,T,220830,101702,60.321545N,24.221424E,56,14.9,148
20347,T,220830,101703,60.321507N,24.221474E,56,15.5,148
20348,T,220830,101704,60.321476N,24.221518E,56,15.1,148
20349,T,220830,101705,60.321442N,24.221560E,56,14.8,148
20350,T,220830,101706,60.321407N,24.221601E,56,15.0,149
20351,T,220830,101707,60.321377N,24.221642E,56,14.2,148
20352,T,220830,101708,60.321342N,24.221678E,56,14.2,148
20353,T,220830,101709,60.321312N,24.221716E,57,14.7,149
20354,T,220830,101710,60.321281N,24.221756E,57,14.8,149
20355,T,220830,101711,60.321247N,24.221794E,57,14.1,149
20356,T,220830,101712,60.321220N,24.221830E,57,13.7,150
20357,T,220830,101713,60.321194N,24.221870E,58,13.2,150
20358,T,220830,101714,60.321163N,24.221907E,58,14.0,150
20359,T,220830,101715,60.321136N,24.221945E,59,13.6,150
20360,T,220830,101716,60.321102N,24.221981E,59,13.7,150
20361,T,220830,101717,60.321072N,24.222017E,60,14.3,150
20362,T,220830,101718,60.321041N,24.222057E,60,13.8,150
20363,T,220830,101719,60.321003N,24.222107E,60,15.0,150
20364,T,220830,101720,60.320972N,24.222145E,60,14.5,149
20365,T,220830,101721,60.320938N,24.222191E,61,14.4,148
20366,T,220830,101722,60.320908N,24.222231E,61,14.3,149
20367,T,220830,101723,60.320877N,24.222267E,61,13.7,149
20368,T,220830,101724,60.320847N,24.222305E,61,12.8,148
20369,T,220830,101725,60.320820N,24.222343E,62,12.8,147
20370,T,220830,101726,60.320786N,24.222382E,62,12.8,151
20371,T,220830,101727,60.320751N,24.222420E,62,12.9,149
20372,T,220830,101728,60.320721N,24.222458E,63,12.7,148
20373,T,220830,101729,60.320679N,24.222511E,63,13.1,147
20374,T,220830,101730,60.320648N,24.222551E,63,13.1,147
20375,T,220830,101731,60.320614N,24.222605E,63,13.6,145
20376,T,220830,101732,60.320583N,24.222649E,64,13.3,144
20377,T,220830,101733,60.320549N,24.222689E,64,12.7,145
20378,T,220830,101734,60.320515N,24.222725E,64,12.8,146
20379,T,220830,101735,60.320480N,24.222773E,64,12.9,141
20380,T,220830,101736,60.320457N,24.222813E,65,12.1,141
20381,T,220830,101737,60.320423N,24.222851E,65,12.2,143
20382,T,220830,101738,60.320396N,24.222883E,65,12.9,146
20383,T,220830,101739,60.320358N,24.222921E,65,14.2,149
20384,T,220830,101740,60.320328N,24.222958E,66,14.1,151
20385,T,220830,101741,60.320293N,24.222998E,66,14.1,153
20386,T,220830,101742,60.320259N,24.223038E,66,14.1,152
20387,T,220830,101743,60.320229N,24.223082E,67,14.1,151
20388,T,220830,101744,60.320190N,24.223120E,67,14.5,150
20389,T,220830,101745,60.320160N,24.223162E,67,14.1,149
20390,T,220830,101746,60.320126N,24.223198E,67,13.6,148
20391,T,220830,101747,60.320091N,24.223236E,67,13.7,149
20392,T,220830,101748,60.320061N,24.223276E,67,14.1,150
20393,T,220830,101749,60.320023N,24.223312E,68,13.8,150
20394,T,220830,101750,60.319992N,24.223347E,68,13.9,150
20395,T,220830,101751,60.319950N,24.223387E,68,13.9,149
20396,T,220830,101752,60.319920N,24.223429E,68,15.0,148
20397,T,220830,101753,60.319881N,24.223473E,69,15.0,149
20398,T,220830,101754,60.319847N,24.223515E,69,15.0,149
20399,T,220830,101755,60.319813N,24.223557E,69,14.9,149
20400,T,220830,101756,60.319778N,24.223597E,69,14.8,149
20401,T,220830,101757,60.319744N,24.223637E,70,14.9,149
20402,T,220830,101758,60.319714N,24.223680E,70,14.9,147
20403,T,220830,101759,60.319675N,24.223722E,70,14.9,148
20404,T,220830,101800,60.319641N,24.223776E,70,15.0,147
20405,T,220830,101801,60.319599N,24.223827E,71,15.8,147
20406,T,220830,101802,60.319565N,24.223869E,71,15.4,148
20407,T,220830,101803,60.319527N,24.223915E,71,15.5,148
20408,T,220830,101804,60.319489N,24.223967E,71,16.2,147
20409,T,220830,101805,60.319450N,24.224014E,72,15.5,148
20410,T,220830,101806,60.319420N,24.224058E,72,15.4,148
20411,T,220830,101807,60.319386N,24.224096E,72,15.3,148
20412,T,220830,101808,60.319351N,24.224140E,72,14.7,149
20413,T,220830,101809,60.319321N,24.224182E,72,14.7,148
20414,T,220830,101810,60.319279N,24.224226E,72,15.6,149
20415,T,220830,101811,60.319248N,24.224264E,72,15.9,149
20416,T,220830,101812,60.319206N,24.224316E,72,15.6,149
20417,T,220830,101813,60.319176N,24.224356E,72,15.7,149
20418,T,220830,101814,60.319145N,24.224396E,72,15.8,149
20419,T,220830,101815,60.319111N,24.224438E,73,15.3,149
20420,T,220830,101816,60.319077N,24.224480E,73,15.2,149
20421,T,220830,101817,60.319038N,24.224524E,73,16.0,150
20422,T,220830,101818,60.319004N,24.224571E,73,16.8,150
20423,T,220830,101819,60.318962N,24.224615E,73,16.7,150
20424,T,220830,101820,60.318928N,24.224655E,73,15.7,149
20425,T,220830,101821,60.318893N,24.224705E,73,16.2,148
20426,T,220830,101822,60.318859N,24.224747E,73,16.2,148
20427,T,220830,101823,60.318821N,24.224792E,73,16.6,149
20428,T,220830,101824,60.318783N,24.224834E,73,16.2,149
20429,T,220830,101825,60.318748N,24.224882E,73,16.9,149
20430,T,220830,101826,60.318710N,24.224934E,74,16.8,148
20431,T,220830,101827,60.318672N,24.224983E,74,16.7,148
20432,T,220830,101828,60.318638N,24.225031E,74,17.0,148
20433,T,220830,101829,60.318600N,24.225079E,74,17.0,147
20434,T,220830,101830,60.318562N,24.225126E,74,16.9,147
20435,T,220830,101831,60.318527N,24.225182E,74,16.3,146
20436,T,220830,101832,60.318497N,24.225224E,74,16.0,146
20437,T,220830,101833,60.318459N,24.225273E,75,16.0,145
20438,T,220830,101834,60.318424N,24.225321E,75,16.7,145
20439,T,220830,101835,60.318394N,24.225368E,75,16.5,144
20440,T,220830,101836,60.318356N,24.225412E,75,16.0,144
20441,T,220830,101837,60.318321N,24.225456E,75,16.7,144
20442,T,220830,101838,60.318283N,24.225506E,75,16.8,144
20443,T,220830,101839,60.318249N,24.225557E,76,17.1,144
20444,T,220830,101840,60.318207N,24.225626E,76,17.9,142
20445,T,220830,101841,60.318172N,24.225689E,76,17.9,141
20446,T,220830,101842,60.318134N,24.225748E,76,17.9,141
20447,T,220830,101843,60.318100N,24.225805E,76,18.5,141
20448,T,220830,101844,60.318062N,24.225874E,76,19.0,140
20449,T,220830,101845,60.318020N,24.225941E,76,19.1,140
20450,T,220830,101846,60.317978N,24.226007E,76,19.8,139
20451,T,220830,101847,60.317932N,24.226084E,75,20.7,138
20452,T,220830,101848,60.317886N,24.226160E,75,20.8,138
20453,T,220830,101849,60.317848N,24.226236E,74,20.8,137
20454,T,220830,101850,60.317799N,24.226318E,74,21.9,137
20455,T,220830,101851,60.317757N,24.226402E,73,22.7,136
20456,T,220830,101852,60.317711N,24.226484E,72,22.7,136
20457,T,220830,101853,60.317669N,24.226566E,72,22.8,135
20458,T,220830,101854,60.317623N,24.226654E,72,22.8,135
20459,T,220830,101855,60.317581N,24.226740E,72,23.1,134
20460,T,220830,101856,60.317535N,24.226824E,71,23.4,134
20461,T,220830,101857,60.317497N,24.226915E,71,23.7,133
20462,T,220830,101858,60.317451N,24.227007E,71,23.8,132
20463,T,220830,101859,60.317413N,24.227097E,71,24.2,131
20464,T,220830,101900,60.317371N,24.227188E,70,24.3,131
20465,T,220830,101901,60.317329N,24.227282E,70,24.7,131
20466,T,220830,101902,60.317284N,24.227383E,70,25.2,130
20467,T,220830,101903,60.317245N,24.227482E,70,25.3,130
20468,T,220830,101904,60.317200N,24.227579E,70,25.7,129
20469,T,220830,101905,60.317162N,24.227686E,69,26.3,129
20470,T,220830,101906,60.317116N,24.227789E,69,26.0,128
20471,T,220830,101907,60.317078N,24.227896E,69,26.1,128
20472,T,220830,101908,60.317032N,24.227999E,69,26.0,128
20473,T,220830,101909,60.316998N,24.228102E,69,25.9,128
20474,T,220830,101910,60.316956N,24.228205E,69,25.4,128
20475,T,220830,101911,60.316917N,24.228306E,69,25.3,128
20476,T,220830,101912,60.316879N,24.228407E,69,24.8,128
20477,T,220830,101913,60.316841N,24.228504E,69,24.9,128
20478,T,220830,101914,60.316799N,24.228601E,69,24.9,128
20479,T,220830,101915,60.316761N,24.228699E,69,24.9,129
20480,T,220830,101916,60.316719N,24.228796E,69,24.9,129
20481,T,220830,101917,60.316681N,24.228886E,68,24.6,129
20482,T,220830,101918,60.316639N,24.228979E,68,24.2,130
20483,T,220830,101919,60.316605N,24.229073E,68,23.8,130
20484,T,220830,101920,60.316566N,24.229160E,68,23.7,130
20485,T,220830,101921,60.316528N,24.229250E,68,23.6,130
20486,T,220830,101922,60.316486N,24.229336E,68,23.1,132
20487,T,220830,101923,60.316448N,24.229418E,68,23.6,132
20488,T,220830,101924,60.316406N,24.229504E,68,22.9,133
20489,T,220830,101925,60.316368N,24.229584E,67,22.8,134
20490,T,220830,101926,60.316326N,24.229664E,67,22.9,135
20491,T,220830,101927,60.316288N,24.229744E,67,23.0,136
20492,T,220830,101928,60.316242N,24.229822E,67,23.1,137
20493,T,220830,101929,60.316200N,24.229898E,67,22.7,139
20494,T,220830,101930,60.316154N,24.229973E,67,22.6,140
20495,T,220830,101931,60.316113N,24.230043E,67,22.5,141
20496,T,220830,101932,60.316067N,24.230114E,67,22.0,141
20497,T,220830,101933,60.316025N,24.230186E,67,22.0,142
20498,T,220830,101934,60.315983N,24.230244E,67,21.4,142
20499,T,220830,101935,60.315941N,24.230309E,66,21.4,143
20500,T,220830,101936,60.315895N,24.230370E,66,21.3,144
20501,T,220830,101937,60.315857N,24.230436E,66,21.3,144
20502,T,220830,101938,60.315811N,24.230495E,66,21.4,144
20503,T,220830,101939,60.315769N,24.230558E,66,20.9,145
20504,T,220830,101940,60.315723N,24.230616E,66,20.0,145
20505,T,220830,101941,60.315685N,24.230661E,66,19.9,146
20506,T,220830,101942,60.315639N,24.230722E,66,20.0,148
20507,T,220830,101943,60.315598N,24.230776E,66,20.5,149
20508,T,220830,101944,60.315552N,24.230824E,66,20.0,150
20509,T,220830,101945,60.315510N,24.230877E,66,19.6,150
20510,T,220830,101946,60.315464N,24.230925E,66,19.7,151
20511,T,220830,101947,60.315418N,24.230974E,66,19.6,152
20512,T,220830,101948,60.315376N,24.231020E,66,19.5,152
20513,T,220830,101949,60.315327N,24.231066E,66,19.4,153
20514,T,220830,101950,60.315289N,24.231110E,67,19.1,154
20515,T,220830,101951,60.315243N,24.231148E,67,19.0,154
20516,T,220830,101952,60.315201N,24.231192E,66,19.0,154
20517,T,220830,101953,60.315155N,24.231230E,66,19.0,155
20518,T,220830,101954,60.315117N,24.231266E,67,18.9,156
20519,T,220830,101955,60.315071N,24.231302E,67,18.8,157
20520,T,220830,101956,60.315033N,24.231337E,68,18.8,157
20521,T,220830,101957,60.314987N,24.231375E,68,18.8,157
20522,T,220830,101958,60.314945N,24.231405E,68,18.8,158
20523,T,220830,101959,60.314903N,24.231438E,68,19.2,158
20524,T,220830,102000,60.314861N,24.231476E,68,18.8,158
20525,T,220830,102001,60.314816N,24.231506E,68,18.9,159
20526,T,220830,102002,60.314774N,24.231537E,68,18.7,160
20527,T,220830,102003,60.314728N,24.231567E,69,18.4,160
20528,T,220830,102004,60.314686N,24.231602E,69,18.4,160
20529,T,220830,102005,60.314648N,24.231634E,69,18.3,159
20530,T,220830,102006,60.314610N,24.231665E,69,18.3,158
20531,T,220830,102007,60.314568N,24.231705E,70,18.3,157
20532,T,220830,102008,60.314529N,24.231737E,70,18.2,157
20533,T,220830,102009,60.314487N,24.231764E,70,18.1,158
20534,T,220830,102010,60.314445N,24.231796E,70,18.2,158
20535,T,220830,102011,60.314400N,24.231836E,70,18.5,157
20536,T,220830,102012,60.314358N,24.231876E,70,19.0,156
20537,T,220830,102013,60.314316N,24.231915E,70,17.9,155
20538,T,220830,102014,60.314278N,24.231953E,70,17.8,155
20539,T,220830,102015,60.314232N,24.231989E,71,17.7,156
20540,T,220830,102016,60.314194N,24.232023E,71,17.6,157
20541,T,220830,102017,60.314152N,24.232059E,71,18.0,157
20542,T,220830,102018,60.314114N,24.232098E,71,18.4,157
20543,T,220830,102019,60.314064N,24.232140E,71,18.4,157
20544,T,220830,102020,60.314018N,24.232182E,71,18.0,156
20545,T,220830,102021,60.313984N,24.232220E,71,17.9,154
20546,T,220830,102022,60.313946N,24.232264E,72,17.9,152
20547,T,220830,102023,60.313900N,24.232309E,72,17.8,150
20548,T,220830,102024,60.313866N,24.232353E,72,18.2,150
20549,T,220830,102025,60.313831N,24.232395E,72,18.6,149
20550,T,220830,102026,60.313793N,24.232443E,73,18.5,149
20551,T,220830,102027,60.313751N,24.232487E,73,18.4,149
20552,T,220830,102028,60.313709N,24.232536E,73,19.0,149
20553,T,220830,102029,60.313667N,24.232588E,73,18.7,148
20554,T,220830,102030,60.313625N,24.232641E,73,19.9,147
20555,T,220830,102031,60.313580N,24.232697E,73,19.8,146
20556,T,220830,102032,60.313541N,24.232752E,74,20.2,146
20557,T,220830,102033,60.313499N,24.232813E,74,20.2,145
20558,T,220830,102034,60.313454N,24.232876E,75,22.1,144
20559,T,220830,102035,60.313408N,24.232939E,75,21.7,142
20560,T,220830,102036,60.313358N,24.233009E,75,22.1,141
20561,T,220830,102037,60.313313N,24.233088E,75,22.9,140
20562,T,220830,102038,60.313271N,24.233164E,74,24.1,139
20563,T,220830,102039,60.313225N,24.233242E,74,24.2,139
20564,T,220830,102040,60.313179N,24.233326E,74,23.5,138
20565,T,220830,102041,60.313137N,24.233416E,74,23.4,137
20566,T,220830,102042,60.313091N,24.233500E,73,23.0,137
20567,T,220830,102043,60.313049N,24.233583E,73,23.5,135
20568,T,220830,102044,60.313007N,24.233671E,73,24.4,134
20569,T,220830,102045,60.312965N,24.233767E,73,24.4,132
20570,T,220830,102046,60.312923N,24.233864E,72,24.7,131
20571,T,220830,102047,60.312885N,24.233957E,72,24.7,130
20572,T,220830,102048,60.312843N,24.234056E,72,25.2,129
20573,T,220830,102049,60.312805N,24.234152E,72,24.6,129
20574,T,220830,102050,60.312759N,24.234255E,71,25.3,128
20575,T,220830,102051,60.312721N,24.234356E,71,26.0,128
20576,T,220830,102052,60.312679N,24.234465E,71,26.5,127
20577,T,220830,102053,60.312645N,24.234573E,70,27.2,125
20578,T,220830,102054,60.312603N,24.234684E,70,26.6,124
20579,T,220830,102055,60.312569N,24.234798E,70,26.7,123
20580,T,220830,102056,60.312531N,24.234919E,70,28.0,122
20581,T,220830,102057,60.312492N,24.235044E,69,28.9,121
20582,T,220830,102058,60.312462N,24.235174E,69,29.3,119
20583,T,220830,102059,60.312424N,24.235306E,69,30.0,117
20584,T,220830,102100,60.312389N,24.235451E,68,31.2,116
20585,T,220830,102101,60.312351N,24.235596E,68,31.3,115
20586,T,220830,102102,60.312321N,24.235744E,67,32.2,113
20587,T,220830,102103,60.312286N,24.235901E,67,32.7,111
20588,T,220830,102104,60.312260N,24.236055E,66,32.7,110
20589,T,220830,102105,60.312233N,24.236217E,66,33.7,108
20590,T,220830,102106,60.312206N,24.236383E,66,34.2,107
20591,T,220830,102107,60.312183N,24.236544E,65,33.5,106
20592,T,220830,102108,60.312160N,24.236708E,65,33.4,105
20593,T,220830,102109,60.312141N,24.236872E,64,33.0,104
20594,T,220830,102110,60.312115N,24.237034E,64,32.8,104
20595,T,220830,102111,60.312092N,24.237190E,64,32.0,105
20596,T,220830,102112,60.312073N,24.237345E,63,31.8,105
20597,T,220830,102113,60.312057N,24.237495E,63,31.2,105
20598,T,220830,102114,60.312031N,24.237648E,63,31.1,106
20599,T,220830,102115,60.312008N,24.237801E,63,30.6,106
20600,T,220830,102116,60.311993N,24.237951E,63,29.9,105
20601,T,220830,102117,60.311974N,24.238096E,63,29.9,105
20602,T,220830,102118,60.311951N,24.238241E,63,30.3,106
20603,T,220830,102119,60.311928N,24.238388E,63,30.4,105
20604,T,220830,102120,60.311909N,24.238537E,63,30.3,105
20605,T,220830,102121,60.311886N,24.238682E,63,30.3,105
20606,T,220830,102122,60.311859N,24.238832E,63,30.3,105
20607,T,220830,102123,60.311840N,24.238976E,63,30.2,106
20608,T,220830,102124,60.311817N,24.239124E,62,30.2,106
20609,T,220830,102125,60.311790N,24.239267E,62,30.2,107
20610,T,220830,102126,60.311768N,24.239414E,62,30.3,108
20611,T,220830,102127,60.311741N,24.239561E,62,30.8,108
20612,T,220830,102128,60.311710N,24.239712E,61,31.2,109
20613,T,220830,102129,60.311684N,24.239861E,61,31.3,110
20614,T,220830,102130,60.311661N,24.240005E,61,31.3,110
20615,T,220830,102131,60.311630N,24.240154E,60,31.5,110
20616,T,220830,102132,60.311600N,24.240301E,60,32.0,111
20617,T,220830,102133,60.311569N,24.240452E,59,32.3,113
20618,T,220830,102134,60.311531N,24.240604E,59,33.0,114
20619,T,220830,102135,60.311497N,24.240755E,59,33.2,115
20620,T,220830,102136,60.311459N,24.240904E,58,33.3,116
20621,T,220830,102137,60.311420N,24.241043E,58,32.0,117
20622,T,220830,102138,60.311378N,24.241196E,57,34.5,118
20623,T,220830,102139,60.311340N,24.241344E,57,33.6,118
20624,T,220830,102140,60.311298N,24.241495E,57,34.5,119
20625,T,220830,102141,60.311249N,24.241644E,57,34.8,120
20626,T,220830,102142,60.311195N,24.241783E,56,34.7,121
20627,T,220830,102143,60.311138N,24.241926E,56,35.4,122
20628,T,220830,102144,60.311089N,24.242071E,55,36.7,124
20629,T,220830,102145,60.311031N,24.242214E,54,36.6,126
20630,T,220830,102146,60.310974N,24.242353E,54,35.7,129
20631,T,220830,102147,60.310921N,24.242489E,54,35.7,131
20632,T,220830,102148,60.310856N,24.242622E,53,36.1,133
20633,T,220830,102149,60.310795N,24.242752E,53,35.6,133
20634,T,220830,102150,60.310726N,24.242893E,52,38.2,134
20635,T,220830,102151,60.310661N,24.243025E,52,36.5,136
20636,T,220830,102152,60.310596N,24.243143E,52,36.5,137
20637,T,220830,102153,60.310532N,24.243259E,52,36.4,138
20638,T,220830,102154,60.310467N,24.243382E,51,36.4,139
20639,T,220830,102155,60.310398N,24.243505E,51,35.7,138
20640,T,220830,102156,60.310341N,24.243635E,50,34.8,137
20641,T,220830,102157,60.310280N,24.243776E,50,34.9,136
20642,T,220830,102158,60.310223N,24.243912E,49,34.9,136
20643,T,220830,102159,60.310169N,24.244049E,49,35.1,135
20644,T,220830,102200,60.310116N,24.244190E,48,35.0,134
20645,T,220830,102201,60.310062N,24.244331E,48,34.8,133
20646,T,220830,102202,60.310013N,24.244476E,47,34.5,133
20647,T,220830,102203,60.309963N,24.244623E,47,34.6,132
20648,T,220830,102204,60.309917N,24.244774E,46,34.7,131
20649,T,220830,102205,60.309868N,24.244925E,45,34.3,130
20650,T,220830,102206,60.309818N,24.245071E,45,33.9,129
20651,T,220830,102207,60.309776N,24.245214E,45,32.6,128
20652,T,220830,102208,60.309731N,24.245348E,44,31.5,128
20653,T,220830,102209,60.309689N,24.245481E,44,30.7,127
20654,T,220830,102210,60.309647N,24.245605E,44,29.8,125
20655,T,220830,102211,60.309612N,24.245726E,43,29.3,123
20656,T,220830,102212,60.309570N,24.245844E,43,29.2,122
20657,T,220830,102213,60.309532N,24.245964E,43,29.2,121
20658,T,220830,102214,60.309486N,24.246084E,42,29.1,121
20659,T,220830,102215,60.309448N,24.246206E,42,28.5,122
20660,T,220830,102216,60.309406N,24.246332E,42,28.2,121
20661,T,220830,102217,60.309372N,24.246456E,42,27.6,121
20662,T,220830,102218,60.309334N,24.246582E,42,27.3,120
20663,T,220830,102219,60.309296N,24.246702E,42,27.0,120
20664,T,220830,102220,60.309261N,24.246820E,41,27.0,120
20665,T,220830,102221,60.309223N,24.246937E,41,27.5,121
20666,T,220830,102222,60.309193N,24.247051E,41,27.9,121
20667,T,220830,102223,60.309151N,24.247168E,41,28.4,121
20668,T,220830,102224,60.309120N,24.247286E,40,28.3,121
20669,T,220830,102225,60.309086N,24.247404E,40,27.9,121
20670,T,220830,102226,60.309048N,24.247526E,40,28.4,121
20671,T,220830,102227,60.309013N,24.247650E,40,28.4,120
20672,T,220830,102228,60.308975N,24.247776E,39,28.5,120
20673,T,220830,102229,60.308941N,24.247900E,39,28.8,120
20674,T,220830,102230,60.308899N,24.248024E,39,28.9,120
20675,T,220830,102231,60.308865N,24.248154E,39,29.2,120
20676,T,220830,102232,60.308826N,24.248280E,39,29.2,120
20677,T,220830,102233,60.308788N,24.248409E,39,29.5,120
20678,T,220830,102234,60.308750N,24.248541E,39,30.0,120
20679,T,220830,102235,60.308712N,24.248672E,39,30.1,120
20680,T,220830,102236,60.308674N,24.248806E,39,30.8,120
20681,T,220830,102237,60.308632N,24.248941E,39,30.8,120
20682,T,220830,102238,60.308594N,24.249079E,39,31.3,120
20683,T,220830,102239,60.308552N,24.249216E,39,31.5,120
20684,T,220830,102240,60.308514N,24.249352E,38,31.6,120
20685,T,220830,102241,60.308483N,24.249481E,38,31.5,120
20686,T,220830,102242,60.308456N,24.249615E,38,31.4,120
20687,T,220830,102243,60.308418N,24.249739E,38,31.0,120
20688,T,220830,102244,60.308384N,24.249865E,38,30.5,120
20689,T,220830,102245,60.308353N,24.249989E,38,29.9,120
20690,T,220830,102246,60.308311N,24.250116E,38,29.8,120
20691,T,220830,102247,60.308277N,24.250244E,38,29.7,120
20692,T,220830,102248,60.308239N,24.250368E,37,29.3,120
20693,T,220830,102249,60.308201N,24.250496E,37,28.9,120
20694,T,220830,102250,60.308163N,24.250620E,37,28.4,120
20695,T,220830,102251,60.308128N,24.250744E,37,28.0,121
20696,T,220830,102252,60.308090N,24.250864E,37,27.8,121
20697,T,220830,102253,60.308056N,24.250984E,36,27.5,121
20698,T,220830,102254,60.308022N,24.251104E,36,27.3,121
20699,T,220830,102255,60.307983N,24.251223E,36,27.2,121
20700,T,220830,102256,60.307949N,24.251341E,36,27.1,120
20701,T,220830,102257,60.307911N,24.251455E,36,27.1,120
20702,T,220830,102258,60.307880N,24.251574E,36,27.1,120
20703,T,220830,102259,60.307842N,24.251692E,37,27.0,120
20704,T,220830,102300,60.307812N,24.251806E,37,27.0,120
20705,T,220830,102301,60.307777N,24.251925E,37,27.0,120
20706,T,220830,102302,60.307743N,24.252043E,37,27.0,120
20707,T,220830,102303,60.307709N,24.252159E,37,27.4,120
20708,T,220830,102304,60.307671N,24.252277E,37,27.4,120
20709,T,220830,102305,60.307636N,24.252398E,37,27.3,120
20710,T,220830,102306,60.307598N,24.252516E,37,26.9,120
20711,T,220830,102307,60.307568N,24.252634E,37,26.8,120
20712,T,220830,102308,60.307533N,24.252750E,37,26.4,120
20713,T,220830,102309,60.307499N,24.252865E,37,26.2,120
20714,T,220830,102310,60.307468N,24.252979E,37,26.3,120
20715,T,220830,102311,60.307430N,24.253096E,36,26.3,120
20716,T,220830,102312,60.307400N,24.253212E,36,26.2,120
20717,T,220830,102313,60.307369N,24.253325E,36,26.1,120
20718,T,220830,102314,60.307331N,24.253435E,36,26.1,120
20719,T,220830,102315,60.307301N,24.253548E,36,25.8,120
20720,T,220830,102316,60.307262N,24.253656E,36,25.5,120
20721,T,220830,102317,60.307232N,24.253763E,36,25.4,120
20722,T,220830,102318,60.307205N,24.253868E,36,25.3,120
20723,T,220830,102319,60.307171N,24.253977E,36,25.1,120
20724,T,220830,102320,60.307140N,24.254084E,36,25.1,120
20725,T,220830,102321,60.307114N,24.254190E,36,25.1,120
20726,T,220830,102322,60.307079N,24.254295E,36,25.0,120
20727,T,220830,102323,60.307049N,24.254404E,36,24.5,120
20728,T,220830,102324,60.307011N,24.254511E,36,24.1,120
20729,T,220830,102325,60.306980N,24.254616E,37,23.6,120
20730,T,220830,102326,60.306953N,24.254717E,37,22.6,121
20731,T,220830,102327,60.306919N,24.254816E,37,22.0,121
20732,T,220830,102328,60.306889N,24.254911E,38,21.4,120
20733,T,220830,102329,60.306862N,24.255007E,38,21.1,120
20734,T,220830,102330,60.306835N,24.255100E,38,21.0,120
20735,T,220830,102331,60.306808N,24.255192E,39,20.6,120
20736,T,220830,102332,60.306782N,24.255280E,39,20.1,121
20737,T,220830,102333,60.306751N,24.255365E,39,19.7,120
20738,T,220830,102334,60.306728N,24.255451E,39,19.4,120
20739,T,220830,102335,60.306705N,24.255535E,39,19.1,120
20740,T,220830,102336,60.306679N,24.255615E,40,19.0,120
20741,T,220830,102337,60.306656N,24.255695E,40,19.0,120
20742,T,220830,102338,60.306633N,24.255774E,40,18.5,120
20743,T,220830,102339,60.306606N,24.255852E,40,18.4,120
20744,T,220830,102340,60.306587N,24.255930E,41,18.0,120
20745,T,220830,102341,60.306564N,24.256008E,41,17.7,120
20746,T,220830,102342,60.306545N,24.256086E,41,17.4,120
20747,T,220830,102343,60.306519N,24.256168E,42,17.4,121
20748,T,220830,102344,60.306499N,24.256248E,42,17.3,120
20749,T,220830,102345,60.306480N,24.256325E,43,17.2,121
20750,T,220830,102346,60.306458N,24.256397E,43,17.2,120
20751,T,220830,102347,60.306435N,24.256472E,43,17.3,120
20752,T,220830,102348,60.306412N,24.256542E,43,17.3,120
20753,T,220830,102349,60.306393N,24.256613E,43,17.3,120
20754,T,220830,102350,60.306370N,24.256683E,43,17.4,120
20755,T,220830,102351,60.306347N,24.256762E,43,17.5,120
20756,T,220830,102352,60.306328N,24.256842E,44,17.5,119
20757,T,220830,102353,60.306305N,24.256922E,44,17.5,120
20758,T,220830,102354,60.306278N,24.257000E,44,17.5,120
20759,T,220830,102355,60.306259N,24.257080E,44,17.4,120
20760,T,220830,102356,60.306240N,24.257156E,44,17.4,120
20761,T,220830,102357,60.306217N,24.257235E,44,17.0,120
20762,T,220830,102358,60.306194N,24.257303E,45,16.9,119
20763,T,220830,102359,60.306175N,24.257376E,45,16.8,120
20764,T,220830,102400,60.306152N,24.257446E,45,16.7,120
20765,T,220830,102401,60.306133N,24.257519E,45,16.6,120
20766,T,220830,102402,60.306110N,24.257591E,45,16.7,119
20767,T,220830,102403,60.306091N,24.257664E,46,16.7,119
20768,T,220830,102404,60.306072N,24.257740E,46,17.1,118
20769,T,220830,102405,60.306057N,24.257814E,46,17.0,118
20770,T,220830,102406,60.306038N,24.257887E,46,17.2,118
20771,T,220830,102407,60.306015N,24.257961E,47,17.6,118
20772,T,220830,102408,60.305996N,24.258038E,47,17.6,118
20773,T,220830,102409,60.305977N,24.258116E,47,17.7,117
20774,T,220830,102410,60.305958N,24.258196E,47,18.2,117
20775,T,220830,102411,60.305935N,24.258280E,47,18.2,117
20776,T,220830,102412,60.305912N,24.258362E,48,18.3,117
20777,T,220830,102413,60.305893N,24.258444E,48,18.4,116
20778,T,220830,102414,60.305882N,24.258524E,48,18.5,117
20779,T,220830,102415,60.305862N,24.258598E,48,18.5,116
20780,T,220830,102416,60.305847N,24.258682E,48,18.6,116
20781,T,220830,102417,60.305828N,24.258770E,48,18.6,115
20782,T,220830,102418,60.305809N,24.258856E,49,18.7,115
20783,T,220830,102419,60.305782N,24.258944E,49,19.3,115
20784,T,220830,102420,60.305759N,24.259031E,49,19.4,115
20785,T,220830,102421,60.305740N,24.259115E,49,19.8,115
20786,T,220830,102422,60.305721N,24.259205E,49,19.9,115
20787,T,220830,102423,60.305695N,24.259293E,49,20.0,114
20788,T,220830,102424,60.305672N,24.259384E,49,20.1,114
20789,T,220830,102425,60.305649N,24.259480E,49,20.2,114
20790,T,220830,102426,60.305630N,24.259577E,49,20.5,113
20791,T,220830,102427,60.305607N,24.259674E,49,20.5,113
20792,T,220830,102428,60.305588N,24.259769E,49,20.6,113
20793,T,220830,102429,60.305569N,24.259865E,49,20.8,113
20794,T,220830,102430,60.305546N,24.259962E,49,21.1,112
20795,T,220830,102431,60.305527N,24.260057E,49,20.6,112
20796,T,220830,102432,60.305508N,24.260157E,50,20.3,111
20797,T,220830,102433,60.305489N,24.260256E,50,21.1,110
20798,T,220830,102434,60.305470N,24.260357E,50,21.7,110
20799,T,220830,102435,60.305447N,24.260458E,50,21.7,110
20800,T,220830,102436,60.305431N,24.260565E,50,21.2,110
20801,T,220830,102437,60.305408N,24.260670E,50,21.2,110
20802,T,220830,102438,60.305389N,24.260778E,49,21.3,110
20803,T,220830,102439,60.305367N,24.260883E,49,21.9,110
20804,T,220830,102440,60.305347N,24.260984E,49,22.1,110
20805,T,220830,102441,60.305328N,24.261086E,49,21.9,110
20806,T,220830,102442,60.305309N,24.261189E,49,21.9,111
20807,T,220830,102443,60.305286N,24.261293E,49,21.9,111
20808,T,220830,102444,60.305267N,24.261398E,49,21.9,111
20809,T,220830,102445,60.305248N,24.261513E,49,22.4,111
20810,T,220830,102446,60.305233N,24.261620E,49,22.5,110
20811,T,220830,102447,60.305206N,24.261723E,49,22.5,110
20812,T,220830,102448,60.305187N,24.261824E,49,22.1,111
20813,T,220830,102449,60.305164N,24.261929E,49,22.1,111
20814,T,220830,102450,60.305145N,24.262033E,48,22.1,110
20815,T,220830,102451,60.305122N,24.262138E,48,22.1,110
20816,T,220830,102452,60.305103N,24.262241E,48,22.0,110
20817,T,220830,102453,60.305084N,24.262344E,48,21.9,110
20818,T,220830,102454,60.305065N,24.262447E,48,21.4,110
20819,T,220830,102455,60.305042N,24.262550E,48,21.4,110
20820,T,220830,102456,60.305027N,24.262651E,48,21.3,110
20821,T,220830,102457,60.305008N,24.262753E,48,21.4,110
20822,T,220830,102458,60.304989N,24.262852E,48,21.5,110
20823,T,220830,102459,60.304970N,24.262957E,48,21.8,110
20824,T,220830,102500,60.304947N,24.263063E,48,21.9,110
20825,T,220830,102501,60.304928N,24.263168E,48,22.0,110
20826,T,220830,102502,60.304905N,24.263269E,48,22.4,111
20827,T,220830,102503,60.304886N,24.263374E,48,22.3,111
20828,T,220830,102504,60.304863N,24.263477E,48,22.4,111
20829,T,220830,102505,60.304844N,24.263584E,48,22.3,111
20830,T,220830,102506,60.304825N,24.263691E,48,22.4,110
20831,T,220830,102507,60.304806N,24.263796E,48,22.5,110
20832,T,220830,102508,60.304783N,24.263903E,48,22.8,110
20833,T,220830,102509,60.304760N,24.264009E,48,22.8,110
20834,T,220830,102510,60.304741N,24.264118E,48,22.9,110
20835,T,220830,102511,60.304722N,24.264227E,48,22.7,110
20836,T,220830,102512,60.304699N,24.264332E,48,22.6,111
20837,T,220830,102513,60.304680N,24.264439E,48,22.5,111
20838,T,220830,102514,60.304661N,24.264544E,48,22.5,111
20839,T,220830,102515,60.304642N,24.264652E,48,22.5,111
20840,T,220830,102516,60.304619N,24.264751E,48,22.6,112
20841,T,220830,102517,60.304600N,24.264858E,48,22.6,111
20842,T,220830,102518,60.304577N,24.264971E,48,22.7,111
20843,T,220830,102519,60.304558N,24.265079E,48,22.7,111
20844,T,220830,102520,60.304531N,24.265184E,48,22.8,112
20845,T,220830,102521,60.304512N,24.265285E,48,22.9,113
20846,T,220830,102522,60.304489N,24.265394E,48,22.9,113
20847,T,220830,102523,60.304462N,24.265505E,48,22.9,113
20848,T,220830,102524,60.304443N,24.265608E,48,22.9,112
20849,T,220830,102525,60.304424N,24.265711E,48,22.8,112
20850,T,220830,102526,60.304401N,24.265814E,48,22.5,112
20851,T,220830,102527,60.304379N,24.265917E,48,22.3,112
20852,T,220830,102528,60.304356N,24.266018E,48,22.2,113
20853,T,220830,102529,60.304333N,24.266117E,48,22.2,114
20854,T,220830,102530,60.304314N,24.266220E,48,22.2,114
20855,T,220830,102531,60.304287N,24.266323E,48,22.2,114
20856,T,220830,102532,60.304264N,24.266426E,48,22.2,113
20857,T,220830,102533,60.304241N,24.266527E,48,22.2,113
20858,T,220830,102534,60.304218N,24.266632E,48,22.3,114
20859,T,220830,102535,60.304192N,24.266735E,48,22.4,115
20860,T,220830,102536,60.304169N,24.266836E,48,22.8,115
20861,T,220830,102537,60.304150N,24.266939E,48,22.8,114
20862,T,220830,102538,60.304123N,24.267046E,48,22.9,113
20863,T,220830,102539,60.304104N,24.267157E,48,23.0,112
20864,T,220830,102540,60.304085N,24.267263E,48,23.1,110
20865,T,220830,102541,60.304066N,24.267372E,48,23.2,110
20866,T,220830,102542,60.304039N,24.267481E,48,23.2,112
20867,T,220830,102543,60.304016N,24.267588E,48,23.3,113
20868,T,220830,102544,60.303993N,24.267696E,48,23.4,113
20869,T,220830,102545,60.303967N,24.267803E,48,23.8,114
20870,T,220830,102546,60.303940N,24.267912E,48,23.7,115
20871,T,220830,102547,60.303917N,24.268023E,48,23.8,116
20872,T,220830,102548,60.303886N,24.268124E,48,24.0,118
20873,T,220830,102549,60.303856N,24.268234E,48,24.0,119
20874,T,220830,102550,60.303829N,24.268337E,48,24.1,119
20875,T,220830,102551,60.303799N,24.268446E,48,24.1,119
20876,T,220830,102552,60.303772N,24.268551E,48,22.9,117
20877,T,220830,102553,60.303749N,24.268650E,47,21.8,117
20878,T,220830,102554,60.303719N,24.268747E,47,21.8,116
20879,T,220830,102555,60.303699N,24.268843E,47,20.2,115
20880,T,220830,102556,60.303680N,24.268932E,47,19.6,114
20881,T,220830,102557,60.303665N,24.269024E,47,19.1,106
20882,T,220830,102558,60.303654N,24.269117E,47,19.0,101
20883,T,220830,102559,60.303650N,24.269213E,47,19.1,90
20884,T,220830,102600,60.303661N,24.269304E,47,18.2,68
20885,T,220830,102601,60.303684N,24.269384E,47,19.7,52
20886,T,220830,102602,60.303719N,24.269457E,47,19.8,41
20887,T,220830,102603,60.303761N,24.269524E,47,21.3,38
20888,T,220830,102604,60.303799N,24.269592E,47,21.6,38
20889,T,220830,102605,60.303844N,24.269665E,46,22.1,42
20890,T,220830,102606,60.303875N,24.269749E,46,21.4,59
20891,T,220830,102607,60.303902N,24.269848E,47,21.0,76
20892,T,220830,102608,60.303905N,24.269951E,47,20.9,87
20893,T,220830,102609,60.303905N,24.270056E,47,20.4,97
20894,T,220830,102610,60.303898N,24.270157E,47,19.9,104
20895,T,220830,102611,60.303879N,24.270254E,48,20.0,106
20896,T,220830,102612,60.303864N,24.270348E,48,20.0,111
20897,T,220830,102613,60.303848N,24.270439E,48,20.0,114
20898,T,220830,102614,60.303825N,24.270535E,48,20.2,115
20899,T,220830,102615,60.303802N,24.270624E,49,20.1,116
20900,T,220830,102616,60.303780N,24.270716E,49,20.1,117
20901,T,220830,102617,60.303761N,24.270803E,49,20.0,117
20902,T,220830,102618,60.303738N,24.270903E,49,19.9,116
20903,T,220830,102619,60.303715N,24.270994E,49,19.9,116
20904,T,220830,102620,60.303696N,24.271084E,50,19.9,115
20905,T,220830,102621,60.303677N,24.271175E,50,19.8,115
20906,T,220830,102622,60.303654N,24.271273E,50,19.8,115
20907,T,220830,102623,60.303631N,24.271360E,50,19.7,115
20908,T,220830,102624,60.303612N,24.271452E,50,19.6,113
20909,T,220830,102625,60.303593N,24.271544E,50,19.6,113
20910,T,220830,102626,60.303574N,24.271633E,50,19.6,112
20911,T,220830,102627,60.303551N,24.271727E,51,19.9,111
20912,T,220830,102628,60.303528N,24.271820E,51,19.9,111
20913,T,220830,102629,60.303513N,24.271914E,51,20.0,111
20914,T,220830,102630,60.303493N,24.272009E,51,20.4,110
20915,T,220830,102631,60.303474N,24.272104E,51,20.4,109
20916,T,220830,102632,60.303455N,24.272203E,51,20.5,109
20917,T,220830,102633,60.303436N,24.272305E,51,20.9,109
20918,T,220830,102634,60.303421N,24.272404E,51,20.9,107
20919,T,220830,102635,60.303410N,24.272507E,50,21.0,105
20920,T,220830,102636,60.303391N,24.272612E,50,21.1,104
20921,T,220830,102637,60.303379N,24.272717E,50,21.2,103
20922,T,220830,102638,60.303368N,24.272823E,50,21.3,102
20923,T,220830,102639,60.303352N,24.272930E,50,21.8,102
20924,T,220830,102640,60.303341N,24.273041E,50,22.2,101
20925,T,220830,102641,60.303329N,24.273151E,50,22.3,101
20926,T,220830,102642,60.303322N,24.273264E,49,22.4,100
20927,T,220830,102643,60.303310N,24.273376E,49,22.7,99
20928,T,220830,102644,60.303303N,24.273493E,49,22.2,98
20929,T,220830,102645,60.303295N,24.273603E,49,22.3,97
20930,T,220830,102646,60.303288N,24.273716E,49,22.4,97
20931,T,220830,102647,60.303280N,24.273832E,49,23.0,96
20932,T,220830,102648,60.303280N,24.273952E,49,23.6,95
20933,T,220830,102649,60.303280N,24.274076E,49,24.2,94
20934,T,220830,102650,60.303280N,24.274204E,49,24.6,93
20935,T,220830,102651,60.303288N,24.274328E,49,24.9,92
20936,T,220830,102652,60.303291N,24.274462E,49,25.3,91
20937,T,220830,102653,60.303295N,24.274593E,49,25.7,91
20938,T,220830,102654,60.303299N,24.274727E,49,26.3,90
20939,T,220830,102655,60.303299N,24.274866E,49,26.3,91
20940,T,220830,102656,60.303299N,24.275003E,49,26.4,92
20941,T,220830,102657,60.303299N,24.275141E,49,26.5,91
20942,T,220830,102658,60.303303N,24.275276E,49,26.7,89
20943,T,220830,102659,60.303307N,24.275414E,49,27.2,88
20944,T,220830,102700,60.303310N,24.275553E,49,27.2,87
20945,T,220830,102701,60.303310N,24.275690E,49,27.2,88
20946,T,220830,102702,60.303310N,24.275824E,49,26.7,88
20947,T,220830,102703,60.303322N,24.275957E,48,26.6,87
20948,T,220830,102704,60.303326N,24.276091E,48,26.7,86
20949,T,220830,102705,60.303329N,24.276224E,48,26.6,86
20950,T,220830,102706,60.303333N,24.276356E,48,26.6,85
20951,T,220830,102707,60.303341N,24.276487E,48,26.7,83
20952,T,220830,102708,60.303345N,24.276625E,48,27.5,84
20953,T,220830,102709,60.303352N,24.276764E,47,27.5,84
20954,T,220830,102710,60.303356N,24.276899E,47,27.5,84
20955,T,220830,102711,60.303364N,24.277039E,47,28.4,85
20956,T,220830,102712,60.303368N,24.277180E,47,28.5,85
20957,T,220830,102713,60.303371N,24.277325E,46,28.5,84
20958,T,220830,102714,60.303383N,24.277470E,47,29.4,84
20959,T,220830,102715,60.303391N,24.277617E,47,29.8,84
20960,T,220830,102716,60.303398N,24.277763E,47,30.2,84
20961,T,220830,102717,60.303406N,24.277916E,46,30.2,84
20962,T,220830,102718,60.303413N,24.278067E,46,30.2,84
20963,T,220830,102719,60.303421N,24.278215E,46,30.2,84
20964,T,220830,102720,60.303425N,24.278366E,46,30.2,84
20965,T,220830,102721,60.303432N,24.278509E,45,29.7,84
20966,T,220830,102722,60.303436N,24.278660E,45,29.3,84
20967,T,220830,102723,60.303444N,24.278805E,45,28.8,84
20968,T,220830,102724,60.303448N,24.278944E,45,27.6,84
20969,T,220830,102725,60.303452N,24.279078E,45,26.8,85
20970,T,220830,102726,60.303459N,24.279205E,45,25.3,85
20971,T,220830,102727,60.303463N,24.279331E,45,24.3,85
20972,T,220830,102728,60.303486N,24.279455E,47,24.4,85
20973,T,220830,102729,60.303493N,24.279577E,47,23.5,84
20974,T,220830,102730,60.303501N,24.279694E,47,23.2,84
20975,T,220830,102731,60.303505N,24.279810E,47,22.5,84
20976,T,220830,102732,60.303509N,24.279922E,47,21.9,84
20977,T,220830,102733,60.303516N,24.280029E,48,20.7,83
20978,T,220830,102734,60.303520N,24.280136E,48,20.8,82
20979,T,220830,102735,60.303528N,24.280239E,49,20.4,81
20980,T,220830,102736,60.303532N,24.280340E,49,19.7,80
20981,T,220830,102737,60.303539N,24.280434E,49,18.7,79
20982,T,220830,102738,60.303543N,24.280523E,49,17.5,80
20983,T,220830,102739,60.303551N,24.280607E,50,16.8,80
20984,T,220830,102740,60.303551N,24.280687E,50,15.9,85
20985,T,220830,102741,60.303539N,24.280764E,47,15.2,83
20986,T,220830,102742,60.303539N,24.280838E,48,14.6,85
20987,T,220830,102743,60.303543N,24.280912E,48,15.5,80
20988,T,220830,102744,60.303551N,24.280987E,48,15.1,81
20989,T,220830,102745,60.303555N,24.281061E,49,15.5,81
20990,T,220830,102746,60.303558N,24.281137E,49,15.6,81
20991,T,220830,102747,60.303570N,24.281216E,49,15.6,83
20992,T,220830,102748,60.303570N,24.281294E,50,16.2,82
20993,T,220830,102749,60.303577N,24.281376E,50,16.2,83
20994,T,220830,102750,60.303581N,24.281456E,51,16.7,82
20995,T,220830,102751,60.303581N,24.281544E,51,16.8,82
20996,T,220830,102752,60.303585N,24.281624E,51,16.7,81
20997,T,220830,102753,60.303585N,24.281715E,52,17.3,83
20998,T,220830,102754,60.303589N,24.281803E,52,17.3,84
20999,T,220830,102755,60.303589N,24.281895E,52,17.4,85
21000,T,220830,102756,60.303593N,24.281984E,52,18.5,84
21001,T,220830,102757,60.303596N,24.282078E,52,19.0,85
21002,T,220830,102758,60.303600N,24.282175E,52,19.6,84
21003,T,220830,102759,60.303600N,24.282276E,52,20.0,84
21004,T,220830,102800,60.303604N,24.282375E,52,20.1,85
21005,T,220830,102801,60.303608N,24.282480E,52,20.5,86
21006,T,220830,102802,60.303608N,24.282583E,51,21.4,86
21007,T,220830,102803,60.303612N,24.282692E,51,21.7,86
21008,T,220830,102804,60.303612N,24.282801E,50,21.8,87
21009,T,220830,102805,60.303616N,24.282907E,50,21.8,87
21010,T,220830,102806,60.303619N,24.283018E,49,21.9,87
21011,T,220830,102807,60.303619N,24.283129E,49,22.5,87
21012,T,220830,102808,60.303623N,24.283241E,49,22.5,86
21013,T,220830,102809,60.303631N,24.283356E,49,23.2,85
21014,T,220830,102810,60.303635N,24.283474E,48,23.2,84
21015,T,220830,102811,60.303638N,24.283590E,48,23.1,84
21016,T,220830,102812,60.303642N,24.283707E,48,23.1,84
21017,T,220830,102813,60.303650N,24.283821E,48,22.6,85
21018,T,220830,102814,60.303654N,24.283937E,48,23.0,85
21019,T,220830,102815,60.303658N,24.284056E,48,23.1,85
21020,T,220830,102816,60.303661N,24.284170E,48,23.0,85
21021,T,220830,102817,60.303665N,24.284285E,47,22.6,84
21022,T,220830,102818,60.303669N,24.284395E,47,22.2,84
21023,T,220830,102819,60.303677N,24.284508E,47,22.2,84
21024,T,220830,102820,60.303680N,24.284618E,47,21.7,84
21025,T,220830,102821,60.303684N,24.284727E,47,21.7,85
21026,T,220830,102822,60.303688N,24.284836E,47,21.7,85
21027,T,220830,102823,60.303699N,24.284946E,46,21.6,86
21028,T,220830,102824,60.303703N,24.285055E,46,21.6,86
21029,T,220830,102825,60.303707N,24.285166E,46,21.7,85
21030,T,220830,102826,60.303715N,24.285276E,46,22.0,85
21031,T,220830,102827,60.303719N,24.285393E,46,22.5,84
21032,T,220830,102828,60.303722N,24.285501E,46,21.6,84
21033,T,220830,102829,60.303726N,24.285614E,46,21.6,85
21034,T,220830,102830,60.303738N,24.285723E,47,21.3,85
21035,T,220830,102831,60.303745N,24.285828E,47,20.9,84
21036,T,220830,102832,60.303753N,24.285934E,47,20.3,85
21037,T,220830,102833,60.303761N,24.286036E,48,19.7,85
21038,T,220830,102834,60.303761N,24.286137E,48,19.0,85
21039,T,220830,102835,60.303768N,24.286228E,48,18.4,85
21040,T,220830,102836,60.303768N,24.286320E,49,17.8,85
21041,T,220830,102837,60.303772N,24.286407E,49,17.2,85
21042,T,220830,102838,60.303776N,24.286493E,49,16.7,85
21043,T,220830,102839,60.303780N,24.286575E,50,16.3,84
21044,T,220830,102840,60.303780N,24.286655E,50,16.2,84
21045,T,220830,102841,60.303783N,24.286736E,50,15.9,84
21046,T,220830,102842,60.303787N,24.286816E,50,15.9,85
21047,T,220830,102843,60.303791N,24.286896E,51,15.8,85
21048,T,220830,102844,60.303791N,24.286976E,51,15.7,85
21049,T,220830,102845,60.303795N,24.287054E,51,15.7,85
21050,T,220830,102846,60.303799N,24.287130E,52,15.1,85
21051,T,220830,102847,60.303802N,24.287205E,52,14.7,85
21052,T,220830,102848,60.303806N,24.287277E,52,14.3,84
21053,T,220830,102849,60.303806N,24.287348E,53,14.2,85
21054,T,220830,102850,60.303806N,24.287418E,53,13.8,85
21055,T,220830,102851,60.303810N,24.287483E,53,13.6,85
21056,T,220830,102852,60.303810N,24.287550E,53,13.0,85
21057,T,220830,102853,60.303810N,24.287615E,54,13.1,85
21058,T,220830,102854,60.303818N,24.287676E,54,12.7,83
21059,T,220830,102855,60.303822N,24.287739E,54,12.7,83
21060,T,220830,102856,60.303825N,24.287798E,54,12.6,81
21061,T,220830,102857,60.303829N,24.287865E,54,13.1,81
21062,T,220830,102858,60.303833N,24.287930E,54,13.1,82
21063,T,220830,102859,60.303837N,24.287994E,55,12.6,82
21064,T,220830,102900,60.303841N,24.288054E,55,12.2,81
21065,T,220830,102901,60.303848N,24.288116E,55,13.1,79
21066,T,220830,102902,60.303848N,24.288181E,55,12.4,82
21067,T,220830,102903,60.303856N,24.288244E,55,13.4,80
21068,T,220830,102904,60.303860N,24.288317E,55,14.1,79
21069,T,220830,102905,60.303864N,24.288383E,55,14.2,79
21070,T,220830,102906,60.303867N,24.288456E,55,13.7,80
21071,T,220830,102907,60.303871N,24.288525E,56,15.0,79
21072,T,220830,102908,60.303879N,24.288597E,56,14.6,73
21073,T,220830,102909,60.303883N,24.288673E,56,15.0,74
21074,T,220830,102910,60.303883N,24.288750E,56,14.9,75
21075,T,220830,102911,60.303886N,24.288824E,56,14.6,76
21076,T,220830,102912,60.303890N,24.288904E,56,16.0,77
21077,T,220830,102913,60.303902N,24.288984E,56,16.0,77
21078,T,220830,102914,60.303905N,24.289066E,56,16.6,78
21079,T,220830,102915,60.303917N,24.289146E,56,16.7,77
21080,T,220830,102916,60.303928N,24.289232E,57,17.1,78
21081,T,220830,102917,60.303932N,24.289320E,57,17.4,79
21082,T,220830,102918,60.303940N,24.289408E,57,17.5,79
21083,T,220830,102919,60.303947N,24.289497E,57,17.5,79
21084,T,220830,102920,60.303951N,24.289583E,57,17.5,80
21085,T,220830,102921,60.303959N,24.289675E,57,17.8,79
21086,T,220830,102922,60.303967N,24.289764E,56,18.2,79
21087,T,220830,102923,60.303970N,24.289858E,57,18.7,80
21088,T,220830,102924,60.303982N,24.289955E,56,19.0,80
21089,T,220830,102925,60.303989N,24.290056E,57,19.5,79
21090,T,220830,102926,60.303997N,24.290150E,57,19.6,79
21091,T,220830,102927,60.304005N,24.290245E,56,20.0,77
21092,T,220830,102928,60.304012N,24.290344E,56,19.9,77
21093,T,220830,102929,60.304020N,24.290436E,55,19.8,77
21094,T,220830,102930,60.304028N,24.290537E,55,19.9,77
21095,T,220830,102931,60.304039N,24.290636E,55,19.9,77
21096,T,220830,102932,60.304047N,24.290735E,55,19.9,77
21097,T,220830,102933,60.304054N,24.290836E,55,20.3,77
21098,T,220830,102934,60.304070N,24.290936E,55,20.4,77
21099,T,220830,102935,60.304077N,24.291037E,55,20.5,77
21100,T,220830,102936,60.304089N,24.291138E,54,20.7,77
21101,T,220830,102937,60.304100N,24.291241E,54,20.8,78
21102,T,220830,102938,60.304111N,24.291344E,54,20.9,78
21103,T,220830,102939,60.304119N,24.291449E,54,21.0,78
21104,T,220830,102940,60.304131N,24.291552E,54,21.5,78
21105,T,220830,102941,60.304146N,24.291658E,54,21.9,77
21106,T,220830,102942,60.304157N,24.291765E,54,22.0,77
21107,T,220830,102943,60.304169N,24.291876E,54,22.1,77
21108,T,220830,102944,60.304180N,24.291985E,53,22.1,77
21109,T,220830,102945,60.304192N,24.292093E,53,22.2,78
21110,T,220830,102946,60.304199N,24.292204E,53,22.3,78
21111,T,220830,102947,60.304211N,24.292316E,53,22.6,78
21112,T,220830,102948,60.304222N,24.292425E,53,23.0,78
21113,T,220830,102949,60.304237N,24.292542E,52,23.3,78
21114,T,220830,102950,60.304249N,24.292656E,52,23.3,78
21115,T,220830,102951,60.304260N,24.292770E,52,23.4,78
21116,T,220830,102952,60.304272N,24.292885E,52,23.5,77
21117,T,220830,102953,60.304287N,24.293001E,52,23.6,77
21118,T,220830,102954,60.304298N,24.293118E,52,23.7,77
21119,T,220830,102955,60.304314N,24.293230E,52,23.8,77
21120,T,220830,102956,60.304329N,24.293344E,52,23.4,78
21121,T,220830,102957,60.304340N,24.293463E,51,23.3,78
21122,T,220830,102958,60.304352N,24.293573E,51,22.8,78
21123,T,220830,102959,60.304367N,24.293684E,51,22.7,78
21124,T,220830,103000,60.304379N,24.293797E,51,22.7,77
21125,T,220830,103001,60.304394N,24.293909E,51,23.1,77
21126,T,220830,103002,60.304401N,24.294022E,51,23.0,77
21127,T,220830,103003,60.304417N,24.294136E,51,23.1,77
21128,T,220830,103004,60.304428N,24.294249E,51,23.0,76
21129,T,220830,103005,60.304440N,24.294359E,51,23.1,76
21130,T,220830,103006,60.304455N,24.294474E,50,23.1,76
21131,T,220830,103007,60.304466N,24.294584E,50,23.1,75
21132,T,220830,103008,60.304482N,24.294699E,50,23.1,75
21133,T,220830,103009,60.304497N,24.294813E,50,23.1,75
21134,T,220830,103010,60.304508N,24.294926E,50,23.1,76
21135,T,220830,103011,60.304516N,24.295044E,50,24.2,78
21136,T,220830,103012,60.304527N,24.295166E,49,24.8,78
21137,T,220830,103013,60.304539N,24.295288E,49,24.8,78
21138,T,220830,103014,60.304550N,24.295410E,49,25.1,78
21139,T,220830,103015,60.304565N,24.295534E,49,25.1,78
21140,T,220830,103016,60.304577N,24.295656E,49,25.0,77
21141,T,220830,103017,60.304592N,24.295778E,49,25.0,78
21142,T,220830,103018,60.304600N,24.295900E,49,24.9,77
21143,T,220830,103019,60.304615N,24.296022E,49,24.7,77
21144,T,220830,103020,60.304626N,24.296144E,48,24.7,77
21145,T,220830,103021,60.304642N,24.296265E,48,24.6,77
21146,T,220830,103022,60.304653N,24.296385E,48,24.5,78
21147,T,220830,103023,60.304665N,24.296507E,48,24.4,78
21148,T,220830,103024,60.304676N,24.296625E,48,24.0,78
21149,T,220830,103025,60.304688N,24.296743E,48,23.8,78
21150,T,220830,103026,60.304699N,24.296862E,48,23.3,77
21151,T,220830,103027,60.304710N,24.296976E,48,23.3,77
21152,T,220830,103028,60.304722N,24.297091E,48,22.7,77
21153,T,220830,103029,60.304737N,24.297199E,48,22.1,78
21154,T,220830,103030,60.304745N,24.297310E,48,22.4,78
21155,T,220830,103031,60.304756N,24.297421E,49,22.0,78
21156,T,220830,103032,60.304768N,24.297523E,49,21.2,78
21157,T,220830,103033,60.304775N,24.297630E,49,21.2,77
21158,T,220830,103034,60.304783N,24.297735E,49,20.8,78
21159,T,220830,103035,60.304790N,24.297838E,49,20.3,77
21160,T,220830,103036,60.304798N,24.297939E,49,20.3,78
21161,T,220830,103037,60.304810N,24.298042E,49,20.2,78
21162,T,220830,103038,60.304821N,24.298143E,49,20.3,78
21163,T,220830,103039,60.304832N,24.298244E,49,20.3,78
21164,T,220830,103040,60.304844N,24.298344E,50,20.3,78
21165,T,220830,103041,60.304855N,24.298447E,50,20.3,76
21166,T,220830,103042,60.304867N,24.298546E,50,19.7,76
21167,T,220830,103043,60.304874N,24.298647E,50,19.7,77
21168,T,220830,103044,60.304890N,24.298744E,50,19.3,77
21169,T,220830,103045,60.304901N,24.298840E,50,18.7,78
21170,T,220830,103046,60.304909N,24.298937E,50,18.6,79
21171,T,220830,103047,60.304916N,24.299028E,50,18.6,79
21172,T,220830,103048,60.304924N,24.299122E,50,19.1,79
21173,T,220830,103049,60.304932N,24.299215E,50,19.1,78
21174,T,220830,103050,60.304943N,24.299313E,50,19.4,78
21175,T,220830,103051,60.304951N,24.299408E,50,19.5,78
21176,T,220830,103052,60.304958N,24.299503E,50,19.7,78
21177,T,220830,103053,60.304974N,24.299603E,50,19.6,78
21178,T,220830,103054,60.304981N,24.299698E,49,19.2,78
21179,T,220830,103055,60.304989N,24.299793E,49,19.5,79
21180,T,220830,103056,60.304996N,24.299892E,49,20.0,80
21181,T,220830,103057,60.305004N,24.299992E,49,19.9,80
21182,T,220830,103058,60.305016N,24.300091E,49,19.8,79
21183,T,220830,103059,60.305031N,24.300184E,50,19.7,78
21184,T,220830,103100,60.305042N,24.300280E,50,19.7,77
21185,T,220830,103101,60.305058N,24.300377E,50,19.7,77
21186,T,220830,103102,60.305069N,24.300474E,50,19.7,77
21187,T,220830,103103,60.305080N,24.300570E,50,19.7,77
21188,T,220830,103104,60.305088N,24.300667E,50,19.8,77
21189,T,220830,103105,60.305099N,24.300764E,50,19.8,77
21190,T,220830,103106,60.305111N,24.300859E,50,19.8,76
21191,T,220830,103107,60.305119N,24.300957E,50,19.8,77
21192,T,220830,103108,60.305126N,24.301056E,51,19.8,77
21193,T,220830,103109,60.305141N,24.301153E,51,19.8,78
21194,T,220830,103110,60.305149N,24.301249E,51,19.8,78
21195,T,220830,103111,60.305161N,24.301348E,51,19.9,78
21196,T,220830,103112,60.305168N,24.301449E,51,19.9,78
21197,T,220830,103113,60.305180N,24.301546E,51,19.9,78
21198,T,220830,103114,60.305191N,24.301643E,51,19.8,77
21199,T,220830,103115,60.305202N,24.301743E,51,19.7,76
21200,T,220830,103116,60.305210N,24.301836E,51,18.9,77
21201,T,220830,103117,60.305225N,24.301929E,51,18.2,77
21202,T,220830,103118,60.305233N,24.302023E,51,18.5,83
21203,T,220830,103119,60.305244N,24.302113E,52,18.4,82
21204,T,220830,103120,60.305252N,24.302202E,53,18.1,80
21205,T,220830,103121,60.305260N,24.302290E,53,17.8,78
21206,T,220830,103122,60.305271N,24.302376E,53,17.3,75
21207,T,220830,103123,60.305286N,24.302460E,54,17.3,72
21208,T,220830,103124,60.305305N,24.302547E,55,18.1,72
21209,T,220830,103125,60.305313N,24.302641E,56,18.8,72
21210,T,220830,103126,60.305321N,24.302734E,56,18.9,72
21211,T,220830,103127,60.305332N,24.302828E,56,19.6,73
21212,T,220830,103128,60.305340N,24.302929E,56,20.0,74
21213,T,220830,103129,60.305351N,24.303032E,57,20.5,76
21214,T,220830,103130,60.305363N,24.303131E,58,21.0,77
21215,T,220830,103131,60.305374N,24.303230E,57,21.0,77
21216,T,220830,103132,60.305401N,24.303341E,58,21.5,77
21217,T,220830,103133,60.305420N,24.303446E,59,21.9,76
21218,T,220830,103134,60.305431N,24.303556E,59,22.4,76
21219,T,220830,103135,60.305443N,24.303665E,59,22.7,77
21220,T,220830,103136,60.305462N,24.303776E,59,22.6,78
21221,T,220830,103137,60.305473N,24.303890E,60,22.1,78
21222,T,220830,103138,60.305489N,24.304001E,60,22.1,77
21223,T,220830,103139,60.305500N,24.304108E,60,22.0,77
21224,T,220830,103140,60.305511N,24.304216E,60,22.3,76
21225,T,220830,103141,60.305519N,24.304323E,60,22.2,76
21226,T,220830,103142,60.305527N,24.304430E,60,21.6,77
21227,T,220830,103143,60.305538N,24.304537E,60,21.1,77
21228,T,220830,103144,60.305553N,24.304636E,60,20.4,76
21229,T,220830,103145,60.305565N,24.304733E,61,19.7,76
21230,T,220830,103146,60.305573N,24.304829E,61,18.8,77
21231,T,220830,103147,60.305580N,24.304918E,61,17.7,77
21232,T,220830,103148,60.305588N,24.305004E,61,17.3,78
21233,T,220830,103149,60.305595N,24.305090E,61,16.7,79
21234,T,220830,103150,60.305603N,24.305170E,62,16.2,78
21235,T,220830,103151,60.305611N,24.305248E,62,15.3,77
21236,T,220830,103152,60.305618N,24.305323E,62,14.7,77
21237,T,220830,103153,60.305634N,24.305395E,63,14.7,77
21238,T,220830,103154,60.305637N,24.305466E,63,14.6,77
21239,T,220830,103155,60.305641N,24.305538E,63,14.2,78
21240,T,220830,103156,60.305649N,24.305609E,63,14.1,79
21241,T,220830,103157,60.305656N,24.305676E,63,13.8,79
21242,T,220830,103158,60.305660N,24.305744E,63,13.9,80
21243,T,220830,103159,60.305668N,24.305813E,64,13.9,80
21244,T,220830,103200,60.305672N,24.305880E,64,13.8,80
21245,T,220830,103201,60.305679N,24.305948E,64,14.4,75
21246,T,220830,103202,60.305683N,24.306017E,65,13.8,75
21247,T,220830,103203,60.305687N,24.306084E,65,13.7,76
21248,T,220830,103204,60.305695N,24.306150E,65,13.1,77
21249,T,220830,103205,60.305695N,24.306210E,66,11.9,79
21250,T,220830,103206,60.305698N,24.306271E,66,12.3,80
21251,T,220830,103207,60.305702N,24.306330E,66,12.3,81
21252,T,220830,103208,60.305702N,24.306391E,66,11.7,82
21253,T,220830,103209,60.305710N,24.306454E,66,13.2,83
21254,T,220830,103210,60.305710N,24.306520E,66,13.2,84
21255,T,220830,103211,60.305710N,24.306587E,66,13.8,84
21256,T,220830,103212,60.305714N,24.306656E,66,13.4,84
21257,T,220830,103213,60.305714N,24.306728E,66,14.4,83
21258,T,220830,103214,60.305717N,24.306801E,66,13.9,88
21259,T,220830,103215,60.305717N,24.306870E,67,13.2,88
21260,T,220830,103216,60.305717N,24.306938E,67,13.8,92
21261,T,220830,103217,60.305717N,24.307011E,68,14.1,86
21262,T,220830,103218,60.305717N,24.307077E,68,13.6,87
21263,T,220830,103219,60.305717N,24.307142E,68,12.4,86
21264,T,220830,103220,60.305721N,24.307205E,69,13.3,84
21265,T,220830,103221,60.305725N,24.307272E,69,13.2,86
21266,T,220830,103222,60.305725N,24.307339E,69,13.2,88
21267,T,220830,103223,60.305721N,24.307404E,69,13.2,87
21268,T,220830,103224,60.305725N,24.307470E,69,13.0,87
21269,T,220830,103225,60.305725N,24.307535E,69,13.0,88
21270,T,220830,103226,60.305725N,24.307600E,69,12.9,88
21271,T,220830,103227,60.305725N,24.307665E,69,12.9,88
21272,T,220830,103228,60.305721N,24.307732E,70,12.9,89
21273,T,220830,103229,60.305725N,24.307798E,70,13.4,88
21274,T,220830,103230,60.305717N,24.307863E,70,13.5,92
21275,T,220830,103231,60.305714N,24.307936E,70,13.5,89
21276,T,220830,103232,60.305714N,24.308006E,71,13.9,90
21277,T,220830,103233,60.305710N,24.308079E,71,13.8,91
21278,T,220830,103234,60.305710N,24.308147E,71,13.7,90
21279,T,220830,103235,60.305702N,24.308218E,71,13.7,96
21280,T,220830,103236,60.305698N,24.308290E,71,13.7,95
21281,T,220830,103237,60.305698N,24.308361E,72,13.7,94
21282,T,220830,103238,60.305702N,24.308430E,72,13.7,93
21283,T,220830,103239,60.305702N,24.308500E,72,14.0,93
21284,T,220830,103240,60.305710N,24.308571E,72,14.0,91
21285,T,220830,103241,60.305710N,24.308641E,73,14.1,92
21286,T,220830,103242,60.305702N,24.308712E,72,14.2,92
21287,T,220830,103243,60.305702N,24.308784E,72,14.4,92
21288,T,220830,103244,60.305698N,24.308855E,72,14.7,93
21289,T,220830,103245,60.305698N,24.308929E,73,15.0,92
21290,T,220830,103246,60.305698N,24.309008E,73,15.6,98
21291,T,220830,103247,60.305691N,24.309086E,72,16.0,96
21292,T,220830,103248,60.305687N,24.309168E,72,16.5,95
21293,T,220830,103249,60.305687N,24.309250E,72,17.1,94
21294,T,220830,103250,60.305687N,24.309336E,72,17.4,93
21295,T,220830,103251,60.305679N,24.309422E,72,17.9,96
21296,T,220830,103252,60.305676N,24.309511E,72,18.3,96
21297,T,220830,103253,60.305668N,24.309605E,72,18.6,96
21298,T,220830,103254,60.305660N,24.309696E,72,18.2,95
21299,T,220830,103255,60.305656N,24.309792E,72,19.0,97
21300,T,220830,103256,60.305645N,24.309895E,71,20.6,97
21301,T,220830,103257,60.305637N,24.309998E,71,21.5,95
21302,T,220830,103258,60.305630N,24.310108E,71,22.3,97
21303,T,220830,103259,60.305614N,24.310219E,70,23.1,99
21304,T,220830,103300,60.305607N,24.310333E,70,23.1,98
21305,T,220830,103301,60.305592N,24.310455E,69,23.6,97
21306,T,220830,103302,60.305580N,24.310575E,69,24.0,97
21307,T,220830,103303,60.305569N,24.310698E,68,24.4,97
21308,T,220830,103304,60.305557N,24.310818E,68,24.1,97
21309,T,220830,103305,60.305546N,24.310944E,68,24.6,98
21310,T,220830,103306,60.305531N,24.311064E,67,24.0,100
21311,T,220830,103307,60.305515N,24.311184E,66,23.8,100
21312,T,220830,103308,60.305504N,24.311302E,66,23.8,100
21313,T,220830,103309,60.305492N,24.311420E,66,23.9,100
21314,T,220830,103310,60.305481N,24.311539E,66,24.2,100
21315,T,220830,103311,60.305470N,24.311657E,65,23.6,101
21316,T,220830,103312,60.305454N,24.311769E,65,22.4,101
21317,T,220830,103313,60.305443N,24.311876E,65,21.8,101
21318,T,220830,103314,60.305435N,24.311981E,65,21.0,101
21319,T,220830,103315,60.305424N,24.312084E,65,20.0,101
21320,T,220830,103316,60.305416N,24.312180E,65,18.4,101
21321,T,220830,103317,60.305405N,24.312275E,65,19.0,101
21322,T,220830,103318,60.305397N,24.312366E,65,18.7,101
21323,T,220830,103319,60.305389N,24.312460E,65,18.3,100
21324,T,220830,103320,60.305382N,24.312551E,65,18.8,100
21325,T,220830,103321,60.305370N,24.312647E,65,18.9,99
21326,T,220830,103322,60.305367N,24.312744E,65,19.2,98
21327,T,220830,103323,60.305359N,24.312840E,64,19.4,98
21328,T,220830,103324,60.305351N,24.312941E,64,19.8,98
21329,T,220830,103325,60.305340N,24.313040E,64,20.3,99
21330,T,220830,103326,60.305332N,24.313145E,64,20.6,99
21331,T,220830,103327,60.305325N,24.313246E,64,21.0,99
21332,T,220830,103328,60.305317N,24.313354E,63,21.5,99
21333,T,220830,103329,60.305309N,24.313463E,63,21.6,98
21334,T,220830,103330,60.305302N,24.313574E,63,22.0,98
21335,T,220830,103331,60.305286N,24.313684E,63,22.1,98
21336,T,220830,103332,60.305279N,24.313805E,62,22.6,98
21337,T,220830,103333,60.305267N,24.313923E,62,22.7,98
21338,T,220830,103334,60.305260N,24.314035E,62,22.8,98
21339,T,220830,103335,60.305248N,24.314150E,62,22.6,99
21340,T,220830,103336,60.305241N,24.314260E,62,22.5,99
21341,T,220830,103337,60.305229N,24.314375E,62,22.0,99
21342,T,220830,103338,60.305222N,24.314484E,62,21.5,98
21343,T,220830,103339,60.305206N,24.314592E,62,22.2,100
21344,T,220830,103340,60.305199N,24.314699E,62,22.1,100
21345,T,220830,103341,60.305191N,24.314808E,62,22.0,98
21346,T,220830,103342,60.305183N,24.314920E,63,22.0,97
21347,T,220830,103343,60.305180N,24.315027E,63,21.9,97
21348,T,220830,103344,60.305168N,24.315138E,63,21.8,97
21349,T,220830,103345,60.305161N,24.315245E,63,21.4,98
21350,T,220830,103346,60.305153N,24.315353E,64,21.7,98
21351,T,220830,103347,60.305149N,24.315464E,64,22.2,98
21352,T,220830,103348,60.305141N,24.315577E,64,22.5,98
21353,T,220830,103349,60.305134N,24.315687E,64,22.5,98
21354,T,220830,103350,60.305119N,24.315802E,63,22.5,98
21355,T,220830,103351,60.305107N,24.315916E,63,22.6,98
21356,T,220830,103352,60.305096N,24.316029E,62,22.6,98
21357,T,220830,103353,60.305080N,24.316141E,62,22.5,99
21358,T,220830,103354,60.305069N,24.316252E,61,21.9,100
21359,T,220830,103355,60.305058N,24.316360E,61,21.8,101
21360,T,220830,103356,60.305042N,24.316469E,60,21.5,101
21361,T,220830,103357,60.305035N,24.316578E,60,21.5,100
21362,T,220830,103358,60.305023N,24.316685E,60,21.5,100
21363,T,220830,103359,60.305012N,24.316790E,60,21.0,99
21364,T,220830,103400,60.305004N,24.316896E,59,21.1,98
21365,T,220830,103401,60.304996N,24.316999E,59,21.2,99
21366,T,220830,103402,60.304985N,24.317104E,59,20.5,100
21367,T,220830,103403,60.304974N,24.317204E,59,20.4,100
21368,T,220830,103404,60.304958N,24.317308E,59,20.9,100
21369,T,220830,103405,60.304951N,24.317415E,59,20.9,100
21370,T,220830,103406,60.304943N,24.317520E,59,20.9,99
21371,T,220830,103407,60.304935N,24.317627E,59,21.3,99
21372,T,220830,103408,60.304924N,24.317732E,59,21.3,99
21373,T,220830,103409,60.304916N,24.317841E,59,21.8,99
21374,T,220830,103410,60.304909N,24.317949E,59,22.1,100
21375,T,220830,103411,60.304897N,24.318060E,58,22.5,100
21376,T,220830,103412,60.304890N,24.318172E,58,22.5,99
21377,T,220830,103413,60.304878N,24.318283E,58,22.7,99
21378,T,220830,103414,60.304867N,24.318398E,58,22.8,99
21379,T,220830,103415,60.304859N,24.318514E,58,23.3,99
21380,T,220830,103416,60.304848N,24.318628E,58,23.2,98
21381,T,220830,103417,60.304844N,24.318747E,58,23.5,100
21382,T,220830,103418,60.304832N,24.318865E,58,23.4,99
21383,T,220830,103419,60.304821N,24.318977E,58,23.3,99
21384,T,220830,103420,60.304813N,24.319094E,57,23.2,100
21385,T,220830,103421,60.304798N,24.319208E,57,23.1,100
21386,T,220830,103422,60.304790N,24.319324E,57,23.2,100
21387,T,220830,103423,60.304779N,24.319443E,57,23.9,99
21388,T,220830,103424,60.304771N,24.319565E,56,24.7,99
21389,T,220830,103425,60.304760N,24.319691E,56,25.4,99
21390,T,220830,103426,60.304749N,24.319817E,56,25.9,99
21391,T,220830,103427,60.304737N,24.319946E,56,26.4,99
21392,T,220830,103428,60.304726N,24.320078E,55,26.7,99
21393,T,220830,103429,60.304714N,24.320213E,55,27.3,99
21394,T,220830,103430,60.304703N,24.320351E,55,27.5,99
21395,T,220830,103431,60.304691N,24.320488E,55,28.1,99
21396,T,220830,103432,60.304680N,24.320627E,54,28.2,100
21397,T,220830,103433,60.304668N,24.320770E,54,28.7,100
21398,T,220830,103434,60.304653N,24.320911E,54,28.1,100
21399,T,220830,103435,60.304642N,24.321054E,54,28.0,100
21400,T,220830,103436,60.304630N,24.321194E,54,27.5,100
21401,T,220830,103437,60.304615N,24.321329E,54,27.0,100
21402,T,220830,103438,60.304604N,24.321465E,54,27.0,100
21403,T,220830,103439,60.304596N,24.321598E,54,26.3,99
21404,T,220830,103440,60.304585N,24.321728E,54,26.6,99
21405,T,220830,103441,60.304573N,24.321859E,54,26.5,99
21406,T,220830,103442,60.304565N,24.321993E,54,26.0,99
21407,T,220830,103443,60.304550N,24.322121E,54,25.9,99
21408,T,220830,103444,60.304543N,24.322247E,55,25.2,99
21409,T,220830,103445,60.304535N,24.322374E,55,25.3,99
21410,T,220830,103446,60.304523N,24.322496E,55,24.7,99
21411,T,220830,103447,60.304516N,24.322617E,55,23.8,100
21412,T,220830,103448,60.304508N,24.322733E,56,22.9,100
21413,T,220830,103449,60.304501N,24.322844E,56,22.1,100
21414,T,220830,103450,60.304493N,24.322950E,57,21.5,100
21415,T,220830,103451,60.304485N,24.323053E,57,20.6,100
21416,T,220830,103452,60.304478N,24.323154E,57,20.1,99
21417,T,220830,103453,60.304466N,24.323252E,57,19.8,99
21418,T,220830,103454,60.304459N,24.323345E,57,18.9,99
21419,T,220830,103455,60.304447N,24.323439E,58,18.8,99
21420,T,220830,103456,60.304440N,24.323532E,58,18.8,99
21421,T,220830,103457,60.304432N,24.323624E,58,18.8,99
21422,T,220830,103458,60.304424N,24.323715E,58,19.2,99
21423,T,220830,103459,60.304417N,24.323811E,59,19.1,99
21424,T,220830,103500,60.304409N,24.323904E,59,19.2,100
21425,T,220830,103501,60.304401N,24.323997E,59,19.1,99
21426,T,220830,103502,60.304394N,24.324093E,59,19.0,99
21427,T,220830,103503,60.304382N,24.324184E,60,19.0,99
21428,T,220830,103504,60.304375N,24.324280E,60,19.1,99
21429,T,220830,103505,60.304367N,24.324373E,60,19.0,98
21430,T,220830,103506,60.304359N,24.324467E,60,19.0,99
21431,T,220830,103507,60.304352N,24.324560E,61,19.0,98
21432,T,220830,103508,60.304348N,24.324652E,61,19.0,98
21433,T,220830,103509,60.304340N,24.324745E,61,19.0,98
21434,T,220830,103510,60.304333N,24.324844E,61,19.0,98
21435,T,220830,103511,60.304325N,24.324938E,61,19.1,98
21436,T,220830,103512,60.304321N,24.325035E,61,19.1,97
21437,T,220830,103513,60.304314N,24.325130E,61,19.0,96
21438,T,220830,103514,60.304302N,24.325224E,61,18.6,96
21439,T,220830,103515,60.304298N,24.325315E,61,18.4,96
21440,T,220830,103516,60.304295N,24.325405E,61,17.9,95
21441,T,220830,103517,60.304291N,24.325497E,61,17.8,94
21442,T,220830,103518,60.304287N,24.325584E,61,17.3,94
21443,T,220830,103519,60.304283N,24.325674E,61,17.7,93
21444,T,220830,103520,60.304283N,24.325764E,61,18.2,93
21445,T,220830,103521,60.304279N,24.325855E,62,18.5,92
21446,T,220830,103522,60.304279N,24.325951E,62,18.6,92
21447,T,220830,103523,60.304279N,24.326044E,62,18.6,91
21448,T,220830,103524,60.304279N,24.326139E,62,18.8,91
21449,T,220830,103525,60.304276N,24.326237E,62,19.2,90
21450,T,220830,103526,60.304276N,24.326332E,62,19.3,90
21451,T,220830,103527,60.304276N,24.326429E,62,19.7,89
21452,T,220830,103528,60.304276N,24.326530E,62,19.7,89
21453,T,220830,103529,60.304272N,24.326630E,62,20.1,89
21454,T,220830,103530,60.304276N,24.326735E,62,20.5,88
21455,T,220830,103531,60.304276N,24.326838E,62,21.3,88
21456,T,220830,103532,60.304276N,24.326946E,62,22.1,87
21457,T,220830,103533,60.304279N,24.327061E,62,22.7,86
21458,T,220830,103534,60.304283N,24.327175E,62,22.6,87
21459,T,220830,103535,60.304287N,24.327291E,61,23.3,85
21460,T,220830,103536,60.304295N,24.327410E,61,23.2,85
21461,T,220830,103537,60.304298N,24.327530E,61,23.9,84
21462,T,220830,103538,60.304310N,24.327652E,61,24.2,80
21463,T,220830,103539,60.304317N,24.327772E,61,23.5,82
21464,T,220830,103540,60.304321N,24.327887E,61,23.4,82
21465,T,220830,103541,60.304333N,24.328003E,61,23.3,82
21466,T,220830,103542,60.304340N,24.328115E,61,23.2,79
21467,T,220830,103543,60.304352N,24.328236E,61,23.4,79
21468,T,220830,103544,60.304363N,24.328354E,61,24.1,78
21469,T,220830,103545,60.304375N,24.328474E,61,24.5,78
21470,T,220830,103546,60.304394N,24.328596E,61,24.9,77
21471,T,220830,103547,60.304405N,24.328718E,61,24.8,77
21472,T,220830,103548,60.304420N,24.328840E,61,24.7,76
21473,T,220830,103549,60.304432N,24.328960E,61,24.2,75
21474,T,220830,103550,60.304447N,24.329077E,61,23.8,75
21475,T,220830,103551,60.304459N,24.329191E,61,22.9,75
21476,T,220830,103552,60.304478N,24.329304E,61,22.8,75
21477,T,220830,103553,60.304489N,24.329414E,61,21.8,74
21478,T,220830,103554,60.304508N,24.329514E,61,21.0,67
21479,T,220830,103555,60.304523N,24.329617E,61,21.1,70
21480,T,220830,103556,60.304539N,24.329718E,61,21.5,72
21481,T,220830,103557,60.304562N,24.329821E,61,21.4,71
21482,T,220830,103558,60.304581N,24.329920E,62,21.1,69
21483,T,220830,103559,60.304596N,24.330023E,62,21.5,70
21484,T,220830,103600,60.304611N,24.330124E,62,21.8,69
21485,T,220830,103601,60.304630N,24.330231E,62,22.3,69
21486,T,220830,103602,60.304649N,24.330336E,62,22.4,70
21487,T,220830,103603,60.304668N,24.330444E,62,22.9,70
21488,T,220830,103604,60.304688N,24.330553E,62,22.9,70
21489,T,220830,103605,60.304703N,24.330666E,62,23.7,70
21490,T,220830,103606,60.304722N,24.330782E,62,24.2,70
21491,T,220830,103607,60.304741N,24.330904E,62,24.9,70
21492,T,220830,103608,60.304760N,24.331026E,62,25.0,70
21493,T,220830,103609,60.304779N,24.331148E,62,25.5,70
21494,T,220830,103610,60.304798N,24.331268E,62,25.4,69
21495,T,220830,103611,60.304821N,24.331388E,61,25.4,68
21496,T,220830,103612,60.304844N,24.331505E,61,25.3,68
21497,T,220830,103613,60.304863N,24.331621E,61,25.3,68
21498,T,220830,103614,60.304886N,24.331741E,60,25.3,69
21499,T,220830,103615,60.304905N,24.331861E,60,25.3,70
21500,T,220830,103616,60.304924N,24.331984E,59,25.4,72
21501,T,220830,103617,60.304943N,24.332108E,59,26.0,72
21502,T,220830,103618,60.304970N,24.332235E,59,26.4,71
21503,T,220830,103619,60.304989N,24.332359E,58,26.8,71
21504,T,220830,103620,60.305008N,24.332485E,58,27.1,70
21505,T,220830,103621,60.305031N,24.332617E,57,27.2,71
21506,T,220830,103622,60.305054N,24.332747E,57,27.1,71
21507,T,220830,103623,60.305077N,24.332874E,57,26.5,70
21508,T,220830,103624,60.305096N,24.332998E,57,26.4,71
21509,T,220830,103625,60.305115N,24.333124E,56,25.9,71
21510,T,220830,103626,60.305138N,24.333248E,56,26.2,71
21511,T,220830,103627,60.305157N,24.333374E,56,26.2,71
21512,T,220830,103628,60.305176N,24.333498E,56,26.1,71
21513,T,220830,103629,60.305195N,24.333622E,55,25.7,70
21514,T,220830,103630,60.305222N,24.333744E,56,25.4,70
21515,T,220830,103631,60.305241N,24.333864E,56,25.3,70
21516,T,220830,103632,60.305260N,24.333984E,56,25.2,70
21517,T,220830,103633,60.305275N,24.334105E,57,24.8,72
21518,T,220830,103634,60.305290N,24.334223E,56,24.4,74
21519,T,220830,103635,60.305309N,24.334341E,56,24.3,75
21520,T,220830,103636,60.305321N,24.334459E,56,24.0,76
21521,T,220830,103637,60.305336N,24.334576E,56,23.7,77
21522,T,220830,103638,60.305347N,24.334694E,56,23.6,77
21523,T,220830,103639,60.305359N,24.334810E,56,23.9,78
21524,T,220830,103640,60.305367N,24.334929E,56,23.3,80
21525,T,220830,103641,60.305374N,24.335047E,56,23.6,82
21526,T,220830,103642,60.305374N,24.335171E,56,23.7,83
21527,T,220830,103643,60.305382N,24.335291E,55,24.5,85
21528,T,220830,103644,60.305389N,24.335411E,55,25.0,86
21529,T,220830,103645,60.305393N,24.335535E,55,25.3,87
21530,T,220830,103646,60.305393N,24.335665E,54,25.6,88
21531,T,220830,103647,60.305397N,24.335793E,55,25.5,89
21532,T,220830,103648,60.305397N,24.335922E,55,25.5,90
21533,T,220830,103649,60.305397N,24.336050E,54,25.5,91
21534,T,220830,103650,60.305393N,24.336178E,54,25.5,92
21535,T,220830,103651,60.305389N,24.336306E,54,25.6,93
21536,T,220830,103652,60.305382N,24.336435E,53,25.7,95
21537,T,220830,103653,60.305367N,24.336563E,53,25.7,96
21538,T,220830,103654,60.305363N,24.336693E,53,25.0,96
21539,T,220830,103655,60.305351N,24.336819E,53,25.4,97
21540,T,220830,103656,60.305344N,24.336945E,52,24.7,97
21541,T,220830,103657,60.305332N,24.337067E,53,25.5,98
21542,T,220830,103658,60.305321N,24.337191E,53,25.4,100
21543,T,220830,103659,60.305309N,24.337313E,53,24.8,101
21544,T,220830,103700,60.305290N,24.337433E,53,23.9,103
21545,T,220830,103701,60.305275N,24.337547E,53,23.7,104
21546,T,220830,103702,60.305260N,24.337662E,54,23.8,106
21547,T,220830,103703,60.305241N,24.337776E,54,23.8,107
21548,T,220830,103704,60.305225N,24.337889E,54,23.9,109
21549,T,220830,103705,60.305199N,24.338003E,54,24.2,109
21550,T,220830,103706,60.305180N,24.338120E,54,24.3,110
21551,T,220830,103707,60.305157N,24.338234E,54,24.1,111
21552,T,220830,103708,60.305134N,24.338348E,53,24.7,112
21553,T,220830,103709,60.305099N,24.338469E,53,24.4,113
21554,T,220830,103710,60.305069N,24.338579E,52,24.5,114
21555,T,220830,103711,60.305038N,24.338692E,52,24.4,116
21556,T,220830,103712,60.305008N,24.338804E,51,24.8,117
21557,T,220830,103713,60.304977N,24.338921E,52,25.2,119
21558,T,220830,103714,60.304939N,24.339029E,52,25.3,120
21559,T,220830,103715,60.304909N,24.339142E,51,25.2,121
21560,T,220830,103716,60.304874N,24.339249E,51,25.1,122
21561,T,220830,103717,60.304840N,24.339350E,51,24.7,123
21562,T,220830,103718,60.304806N,24.339453E,51,24.4,124
21563,T,220830,103719,60.304768N,24.339550E,51,24.3,125
21564,T,220830,103720,60.304733N,24.339647E,51,23.7,124
21565,T,220830,103721,60.304699N,24.339746E,51,23.5,125
21566,T,220830,103722,60.304665N,24.339840E,51,23.4,125
21567,T,220830,103723,60.304630N,24.339935E,51,23.0,125
21568,T,220830,103724,60.304596N,24.340031E,51,22.6,125
21569,T,220830,103725,60.304565N,24.340124E,52,22.1,125
21570,T,220830,103726,60.304531N,24.340216E,52,22.1,125
21571,T,220830,103727,60.304501N,24.340305E,52,22.1,125
21572,T,220830,103728,60.304474N,24.340399E,52,22.0,125
21573,T,220830,103729,60.304436N,24.340488E,52,22.0,125
21574,T,220830,103730,60.304405N,24.340576E,52,21.9,124
21575,T,220830,103731,60.304371N,24.340664E,52,21.8,125
21576,T,220830,103732,60.304344N,24.340754E,52,21.2,125
21577,T,220830,103733,60.304314N,24.340837E,52,20.9,124
21578,T,220830,103734,60.304283N,24.340923E,52,20.8,125
21579,T,220830,103735,60.304253N,24.341007E,52,20.7,124
21580,T,220830,103736,60.304222N,24.341091E,52,20.5,125
21581,T,220830,103737,60.304195N,24.341175E,52,20.2,124
21582,T,220830,103738,60.304169N,24.341261E,52,19.7,124
21583,T,220830,103739,60.304134N,24.341343E,53,21.0,124
21584,T,220830,103740,60.304108N,24.341425E,53,20.2,124
21585,T,220830,103741,60.304081N,24.341511E,53,20.2,124
21586,T,220830,103742,60.304047N,24.341595E,53,20.1,124
21587,T,220830,103743,60.304020N,24.341677E,53,20.1,125
21588,T,220830,103744,60.303993N,24.341757E,53,19.4,124
21589,T,220830,103745,60.303963N,24.341839E,53,19.2,124
21590,T,220830,103746,60.303936N,24.341919E,53,19.3,124
21591,T,220830,103747,60.303909N,24.341995E,53,19.2,125
21592,T,220830,103748,60.303879N,24.342075E,53,18.9,124
21593,T,220830,103749,60.303852N,24.342152E,53,18.8,125
21594,T,220830,103750,60.303825N,24.342237E,53,19.8,125
21595,T,220830,103751,60.303795N,24.342318E,53,19.9,125
21596,T,220830,103752,60.303768N,24.342400E,53,20.2,125
21597,T,220830,103753,60.303741N,24.342485E,53,20.6,125
21598,T,220830,103754,60.303711N,24.342571E,53,20.7,124
21599,T,220830,103755,60.303680N,24.342655E,54,20.9,124
21600,T,220830,103756,60.303650N,24.342745E,54,21.5,124
21601,T,220830,103757,60.303619N,24.342834E,54,21.4,124
21602,T,220830,103758,60.303593N,24.342922E,54,21.4,124
21603,T,220830,103759,60.303558N,24.343010E,54,21.4,124
21604,T,220830,103800,60.303532N,24.343098E,54,21.5,123
21605,T,220830,103801,60.303501N,24.343187E,54,21.5,124
21606,T,220830,103802,60.303471N,24.343275E,54,21.5,124
21607,T,220830,103803,60.303440N,24.343365E,54,21.6,125
21608,T,220830,103804,60.303410N,24.343454E,54,21.2,124
21609,T,220830,103805,60.303379N,24.343542E,54,21.1,124
21610,T,220830,103806,60.303352N,24.343630E,54,21.1,124
21611,T,220830,103807,60.303322N,24.343716E,54,21.0,124
21612,T,220830,103808,60.303288N,24.343800E,54,21.4,125
21613,T,220830,103809,60.303261N,24.343887E,54,21.4,125
21614,T,220830,103810,60.303226N,24.343979E,55,21.5,125
21615,T,220830,103811,60.303192N,24.344072E,55,21.5,126
21616,T,220830,103812,60.303165N,24.344158E,55,21.5,126
21617,T,220830,103813,60.303131N,24.344246E,55,21.6,126
21618,T,220830,103814,60.303101N,24.344336E,54,21.7,126
21619,T,220830,103815,60.303062N,24.344421E,54,22.4,127
21620,T,220830,103816,60.303028N,24.344509E,54,22.4,128
21621,T,220830,103817,60.302994N,24.344597E,54,22.3,129
21622,T,220830,103818,60.302952N,24.344685E,53,22.2,130
21623,T,220830,103819,60.302917N,24.344770E,53,23.1,131
21624,T,220830,103820,60.302872N,24.344858E,53,24.0,132
21625,T,220830,103821,60.302834N,24.344946E,52,24.8,133
21626,T,220830,103822,60.302788N,24.345039E,52,26.0,134
21627,T,220830,103823,60.302738N,24.345133E,52,26.7,135
21628,T,220830,103824,60.302689N,24.345226E,52,27.2,135
21629,T,220830,103825,60.302639N,24.345324E,52,27.1,136
21630,T,220830,103826,60.302593N,24.345413E,52,26.8,137
21631,T,220830,103827,60.302540N,24.345505E,52,26.3,138
21632,T,220830,103828,60.302486N,24.345591E,52,26.2,138
21633,T,220830,103829,60.302441N,24.345676E,52,25.9,139
21634,T,220830,103830,60.302391N,24.345758E,52,25.8,140
21635,T,220830,103831,60.302341N,24.345842E,52,25.5,140
21636,T,220830,103832,60.302292N,24.345922E,52,25.2,140
21637,T,220830,103833,60.302242N,24.346004E,52,24.8,140
21638,T,220830,103834,60.302197N,24.346085E,52,24.5,140
21639,T,220830,103835,60.302151N,24.346163E,52,24.3,139
21640,T,220830,103836,60.302105N,24.346243E,52,24.2,139
21641,T,220830,103837,60.302059N,24.346319E,52,23.5,138
21642,T,220830,103838,60.302021N,24.346395E,52,23.0,138
21643,T,220830,103839,60.301975N,24.346472E,52,22.4,137
21644,T,220830,103840,60.301937N,24.346550E,52,22.3,136
21645,T,220830,103841,60.301899N,24.346630E,52,22.2,135
21646,T,220830,103842,60.301861N,24.346708E,52,22.2,134
21647,T,220830,103843,60.301819N,24.346788E,52,21.7,133
21648,T,220830,103844,60.301785N,24.346870E,52,21.6,131
21649,T,220830,103845,60.301750N,24.346954E,52,21.2,130
21650,T,220830,103846,60.301716N,24.347036E,52,21.2,129
21651,T,220830,103847,60.301682N,24.347122E,52,21.3,128
21652,T,220830,103848,60.301647N,24.347208E,52,21.4,126
21653,T,220830,103849,60.301620N,24.347298E,52,21.7,125
21654,T,220830,103850,60.301586N,24.347387E,52,21.8,124
21655,T,220830,103851,60.301559N,24.347481E,52,21.9,123
21656,T,220830,103852,60.301529N,24.347576E,52,22.0,122
21657,T,220830,103853,60.301498N,24.347672E,52,22.1,121
21658,T,220830,103854,60.301472N,24.347773E,52,22.2,119
21659,T,220830,103855,60.301449N,24.347872E,52,22.7,118
21660,T,220830,103856,60.301418N,24.347975E,52,23.0,118
21661,T,220830,103857,60.301395N,24.348076E,52,23.1,117
21662,T,220830,103858,60.301369N,24.348183E,52,23.4,116
21663,T,220830,103859,60.301350N,24.348288E,51,23.7,115
21664,T,220830,103900,60.301323N,24.348398E,51,23.8,113
21665,T,220830,103901,60.301300N,24.348509E,51,23.8,112
21666,T,220830,103902,60.301281N,24.348623E,51,24.0,111
21667,T,220830,103903,60.301262N,24.348736E,51,23.9,109
21668,T,220830,103904,60.301243N,24.348852E,51,23.9,107
21669,T,220830,103905,60.301228N,24.348969E,51,24.0,106
21670,T,220830,103906,60.301208N,24.349085E,51,23.9,106
21671,T,220830,103907,60.301197N,24.349195E,51,23.1,104
21672,T,220830,103908,60.301186N,24.349308E,51,22.3,103
21673,T,220830,103909,60.301170N,24.349417E,51,21.5,102
21674,T,220830,103910,60.301163N,24.349520E,51,20.8,100
21675,T,220830,103911,60.301155N,24.349621E,51,19.8,99
21676,T,220830,103912,60.301147N,24.349716E,51,18.9,98
21677,T,220830,103913,60.301147N,24.349804E,51,18.4,97
21678,T,220830,103914,60.301144N,24.349894E,52,18.3,96
21679,T,220830,103915,60.301140N,24.349983E,52,18.0,95
21680,T,220830,103916,60.301140N,24.350071E,52,17.9,94
21681,T,220830,103917,60.301136N,24.350159E,52,17.6,94
21682,T,220830,103918,60.301132N,24.350246E,52,17.5,93
21683,T,220830,103919,60.301132N,24.350332E,52,17.1,92
21684,T,220830,103920,60.301132N,24.350418E,52,17.0,91
21685,T,220830,103921,60.301132N,24.350504E,53,16.9,90
21686,T,220830,103922,60.301132N,24.350588E,53,16.8,89
21687,T,220830,103923,60.301136N,24.350674E,53,16.7,88
21688,T,220830,103924,60.301136N,24.350756E,53,16.6,87
21689,T,220830,103925,60.301140N,24.350840E,53,16.5,87
21690,T,220830,103926,60.301140N,24.350922E,53,16.5,85
21691,T,220830,103927,60.301147N,24.351006E,53,16.5,85
21692,T,220830,103928,60.301151N,24.351089E,54,16.6,83
21693,T,220830,103929,60.301155N,24.351171E,54,16.6,82
21694,T,220830,103930,60.301159N,24.351255E,54,16.6,82
21695,T,220830,103931,60.301167N,24.351336E,54,16.5,81
21696,T,220830,103932,60.301174N,24.351418E,54,16.5,80
21697,T,220830,103933,60.301186N,24.351500E,55,16.5,80
21698,T,220830,103934,60.301193N,24.351582E,55,16.4,78
21699,T,220830,103935,60.301201N,24.351662E,55,16.4,78
21700,T,220830,103936,60.301212N,24.351744E,55,16.4,77
21701,T,220830,103937,60.301220N,24.351824E,55,16.4,77
21702,T,220830,103938,60.301231N,24.351904E,55,16.5,76
21703,T,220830,103939,60.301243N,24.351986E,56,16.5,75
21704,T,220830,103940,60.301250N,24.352068E,56,16.6,74
21705,T,220830,103941,60.301270N,24.352148E,56,16.7,73
21706,T,220830,103942,60.301281N,24.352232E,56,16.7,74
21707,T,220830,103943,60.301285N,24.352314E,56,16.7,74
21708,T,220830,103944,60.301277N,24.352396E,56,16.8,76
21709,T,220830,103945,60.301273N,24.352482E,56,17.4,78
21710,T,220830,103946,60.301273N,24.352566E,56,17.5,79
21711,T,220830,103947,60.301277N,24.352654E,56,17.4,79
21712,T,220830,103948,60.301289N,24.352736E,57,17.0,77
21713,T,220830,103949,60.301300N,24.352818E,57,17.0,76
21714,T,220830,103950,60.301311N,24.352900E,57,17.1,74
21715,T,220830,103951,60.301323N,24.352983E,57,17.6,74
21716,T,220830,103952,60.301334N,24.353067E,57,17.4,74
21717,T,220830,103953,60.301350N,24.353153E,57,17.3,74
21718,T,220830,103954,60.301361N,24.353235E,57,17.2,74
21719,T,220830,103955,60.301373N,24.353317E,57,16.8,73
21720,T,220830,103956,60.301384N,24.353399E,57,16.8,74
21721,T,220830,103957,60.301392N,24.353483E,58,16.7,75
21722,T,220830,103958,60.301399N,24.353563E,58,16.2,76
21723,T,220830,103959,60.301411N,24.353643E,58,15.7,76
21724,T,220830,104000,60.301422N,24.353718E,58,15.3,75
21725,T,220830,104001,60.301434N,24.353792E,58,15.0,74
21726,T,220830,104002,60.301445N,24.353865E,58,15.0,73
21727,T,220830,104003,60.301456N,24.353935E,58,14.9,73
21728,T,220830,104004,60.301464N,24.354006E,58,14.8,72
21729,T,220830,104005,60.301476N,24.354078E,59,14.9,73
21730,T,220830,104006,60.301487N,24.354149E,59,15.0,66
21731,T,220830,104007,60.301498N,24.354221E,59,15.4,70
21732,T,220830,104008,60.301517N,24.354294E,59,15.3,69
21733,T,220830,104009,60.301529N,24.354364E,59,15.3,68
21734,T,220830,104010,60.301548N,24.354433E,59,15.3,59
21735,T,220830,104011,60.301567N,24.354500E,59,15.3,59
21736,T,220830,104012,60.301586N,24.354572E,59,16.2,61
21737,T,220830,104013,60.301609N,24.354645E,60,16.5,61
21738,T,220830,104014,60.301628N,24.354715E,60,16.5,60
21739,T,220830,104015,60.301647N,24.354786E,59,15.8,62
21740,T,220830,104016,60.301662N,24.354858E,60,15.7,68
21741,T,220830,104017,60.301678N,24.354937E,60,15.7,73
21742,T,220830,104018,60.301685N,24.355015E,60,15.7,76
21743,T,220830,104019,60.301697N,24.355095E,60,16.2,77
21744,T,220830,104020,60.301704N,24.355177E,60,16.3,76
21745,T,220830,104021,60.301716N,24.355255E,60,16.6,77
21746,T,220830,104022,60.301720N,24.355339E,60,16.7,77
21747,T,220830,104023,60.301727N,24.355421E,61,16.6,76
21748,T,220830,104024,60.301739N,24.355503E,61,16.9,79
21749,T,220830,104025,60.301746N,24.355589E,61,17.0,79
21750,T,220830,104026,60.301750N,24.355673E,61,17.0,79
21751,T,220830,104027,60.301762N,24.355757E,61,17.1,80
21752,T,220830,104028,60.301769N,24.355844E,61,17.2,80
21753,T,220830,104029,60.301777N,24.355930E,61,17.3,80
21754,T,220830,104030,60.301785N,24.356016E,61,17.4,80
21755,T,220830,104031,60.301792N,24.356104E,61,17.5,81
21756,T,220830,104032,60.301796N,24.356192E,61,17.6,82
21757,T,220830,104033,60.301800N,24.356281E,61,17.7,82
21758,T,220830,104034,60.301807N,24.356373E,61,18.2,83
21759,T,220830,104035,60.301811N,24.356464E,61,18.2,84
21760,T,220830,104036,60.301815N,24.356554E,61,17.9,84
21761,T,220830,104037,60.301819N,24.356642E,61,17.3,85
21762,T,220830,104038,60.301819N,24.356726E,61,17.2,85
21763,T,220830,104039,60.301823N,24.356813E,61,17.2,85
21764,T,220830,104040,60.301826N,24.356899E,61,17.3,85
21765,T,220830,104041,60.301830N,24.356989E,61,17.4,85
21766,T,220830,104042,60.301834N,24.357077E,61,17.5,86
21767,T,220830,104043,60.301834N,24.357164E,61,17.8,87
21768,T,220830,104044,60.301834N,24.357256E,61,17.9,89
21769,T,220830,104045,60.301834N,24.357346E,61,18.2,90
21770,T,220830,104046,60.301830N,24.357433E,62,18.2,93
21771,T,220830,104047,60.301823N,24.357525E,62,18.2,95
21772,T,220830,104048,60.301815N,24.357616E,62,18.2,98
21773,T,220830,104049,60.301807N,24.357706E,62,18.5,99
21774,T,220830,104050,60.301792N,24.357801E,62,19.4,101
21775,T,220830,104051,60.301781N,24.357899E,62,19.4,98
21776,T,220830,104052,60.301773N,24.358002E,62,21.1,96
21777,T,220830,104053,60.301769N,24.358105E,62,19.6,94
21778,T,220830,104054,60.301765N,24.358198E,62,18.0,95
21779,T,220830,104055,60.301762N,24.358290E,62,18.1,94
21780,T,220830,104056,60.301758N,24.358383E,62,19.0,94
21781,T,220830,104057,60.301750N,24.358482E,62,18.9,93
21782,T,220830,104058,60.301750N,24.358576E,62,18.9,93
21783,T,220830,104059,60.301746N,24.358671E,62,18.8,94
21784,T,220830,104100,60.301739N,24.358765E,63,18.7,94
21785,T,220830,104101,60.301735N,24.358858E,63,18.7,95
21786,T,220830,104102,60.301727N,24.358952E,63,18.6,96
21787,T,220830,104103,60.301723N,24.359043E,63,18.2,96
21788,T,220830,104104,60.301720N,24.359135E,63,18.1,97
21789,T,220830,104105,60.301712N,24.359222E,63,17.7,97
21790,T,220830,104106,60.301708N,24.359310E,63,17.7,97
21791,T,220830,104107,60.301701N,24.359398E,63,17.8,97
21792,T,220830,104108,60.301697N,24.359488E,63,18.3,98
21793,T,220830,104109,60.301689N,24.359577E,63,18.4,99
21794,T,220830,104110,60.301682N,24.359671E,63,18.4,100
21795,T,220830,104111,60.301666N,24.359762E,63,18.5,101
21796,T,220830,104112,60.301659N,24.359854E,63,18.6,102
21797,T,220830,104113,60.301647N,24.359945E,63,18.6,103
21798,T,220830,104114,60.301640N,24.360039E,63,18.7,102
21799,T,220830,104115,60.301628N,24.360132E,63,18.7,102
21800,T,220830,104116,60.301617N,24.360224E,63,19.1,103
21801,T,220830,104117,60.301605N,24.360319E,63,19.5,104
21802,T,220830,104118,60.301594N,24.360418E,63,19.7,104
21803,T,220830,104119,60.301575N,24.360518E,63,19.6,105
21804,T,220830,104120,60.301563N,24.360615E,63,19.5,105
21805,T,220830,104121,60.301552N,24.360708E,63,18.9,105
21806,T,220830,104122,60.301540N,24.360800E,63,18.8,105
21807,T,220830,104123,60.301525N,24.360889E,63,18.8,106
21808,T,220830,104124,60.301510N,24.360979E,63,19.1,108
21809,T,220830,104125,60.301491N,24.361074E,62,19.5,108
21810,T,220830,104126,60.301476N,24.361170E,62,20.0,108
21811,T,220830,104127,60.301464N,24.361267E,62,20.1,106
21812,T,220830,104128,60.301453N,24.361370E,62,20.8,105
21813,T,220830,104129,60.301449N,24.361471E,62,20.0,88
21814,T,220830,104130,60.301449N,24.361576E,62,20.6,92
21815,T,220830,104131,60.301441N,24.361683E,62,21.3,92
21816,T,220830,104132,60.301434N,24.361788E,61,21.4,93
21817,T,220830,104133,60.301422N,24.361898E,61,22.3,94
21818,T,220830,104134,60.301414N,24.362015E,61,22.7,95
21819,T,220830,104135,60.301403N,24.362129E,61,23.1,101
21820,T,220830,104136,60.301392N,24.362247E,61,24.0,106
21821,T,220830,104137,60.301373N,24.362364E,60,24.0,105
21822,T,220830,104138,60.301361N,24.362482E,60,24.4,105
21823,T,220830,104139,60.301338N,24.362604E,60,26.1,106
21824,T,220830,104140,60.301319N,24.362732E,59,26.7,106
21825,T,220830,104141,60.301304N,24.362862E,59,26.6,106
21826,T,220830,104142,60.301285N,24.362986E,59,26.0,106
21827,T,220830,104143,60.301266N,24.363115E,59,26.9,107
21828,T,220830,104144,60.301247N,24.363243E,59,26.8,106
21829,T,220830,104145,60.301228N,24.363379E,59,27.5,105
21830,T,220830,104146,60.301208N,24.363516E,59,28.7,109
21831,T,220830,104147,60.301189N,24.363651E,58,28.1,107
21832,T,220830,104148,60.301163N,24.363785E,58,28.1,110
21833,T,220830,104149,60.301144N,24.363930E,58,30.3,107
21834,T,220830,104150,60.301125N,24.364080E,59,31.0,107
21835,T,220830,104151,60.301105N,24.364239E,58,31.4,105
21836,T,220830,104152,60.301083N,24.364393E,58,31.7,104
21837,T,220830,104153,60.301067N,24.364550E,58,31.8,102
21838,T,220830,104154,60.301048N,24.364710E,58,32.6,102
21839,T,220830,104155,60.301025N,24.364872E,58,33.7,103
21840,T,220830,104156,60.300999N,24.365038E,58,34.0,104
21841,T,220830,104157,60.300976N,24.365200E,58,33.0,104
21842,T,220830,104158,60.300957N,24.365364E,58,32.9,105
21843,T,220830,104159,60.300926N,24.365528E,58,33.8,105
21844,T,220830,104200,60.300903N,24.365696E,58,33.7,106
21845,T,220830,104201,60.300884N,24.365858E,58,32.7,105
21846,T,220830,104202,60.300861N,24.366024E,58,33.9,105
21847,T,220830,104203,60.300838N,24.366186E,58,32.8,105
21848,T,220830,104204,60.300812N,24.366354E,58,34.0,106
21849,T,220830,104205,60.300793N,24.366522E,58,34.1,105
21850,T,220830,104206,60.300770N,24.366695E,58,35.1,105
21851,T,220830,104207,60.300739N,24.366867E,58,35.5,105
21852,T,220830,104208,60.300713N,24.367050E,57,37.1,106
21853,T,220830,104209,60.300678N,24.367241E,56,38.0,106
21854,T,220830,104210,60.300648N,24.367432E,56,37.9,107
21855,T,220830,104211,60.300617N,24.367624E,55,37.5,108
21856,T,220830,104212,60.300587N,24.367817E,55,38.5,107
21857,T,220830,104213,60.300560N,24.368011E,54,39.1,106
21858,T,220830,104214,60.300529N,24.368204E,53,38.3,105
21859,T,220830,104215,60.300503N,24.368393E,53,38.2,105
21860,T,220830,104216,60.300472N,24.368576E,52,38.3,106
21861,T,220830,104217,60.300442N,24.368765E,51,38.7,106
21862,T,220830,104218,60.300407N,24.368954E,51,38.8,107
21863,T,220830,104219,60.300381N,24.369139E,50,38.9,107
21864,T,220830,104220,60.300350N,24.369322E,49,38.8,107
21865,T,220830,104221,60.300320N,24.369495E,48,36.6,106
21866,T,220830,104222,60.300297N,24.369665E,48,35.1,107
21867,T,220830,104223,60.300266N,24.369835E,48,34.8,106
21868,T,220830,104224,60.300247N,24.369995E,47,32.2,106
21869,T,220830,104225,60.300224N,24.370148E,47,31.9,106
21870,T,220830,104226,60.300205N,24.370302E,48,30.6,106
21871,T,220830,104227,60.300179N,24.370453E,47,29.3,106
21872,T,220830,104228,60.300156N,24.370596E,47,28.2,106
21873,T,220830,104229,60.300137N,24.370728E,47,27.0,106
21874,T,220830,104230,60.300114N,24.370857E,47,26.4,107
21875,T,220830,104231,60.300091N,24.370981E,47,26.0,108
21876,T,220830,104232,60.300076N,24.371103E,47,25.1,107
21877,T,220830,104233,60.300060N,24.371222E,46,24.3,106
21878,T,220830,104234,60.300045N,24.371336E,46,23.5,106
21879,T,220830,104235,60.300030N,24.371449E,47,22.5,105
21880,T,220830,104236,60.300011N,24.371555E,47,21.7,105
21881,T,220830,104237,60.299999N,24.371656E,47,21.3,107
21882,T,220830,104238,60.299980N,24.371756E,47,20.3,107
21883,T,220830,104239,60.299969N,24.371853E,47,19.5,106
21884,T,220830,104240,60.299957N,24.371946E,47,19.5,106
21885,T,220830,104241,60.299938N,24.372042E,47,19.5,105
21886,T,220830,104242,60.299927N,24.372135E,47,19.6,105
21887,T,220830,104243,60.299911N,24.372231E,47,19.2,106
21888,T,220830,104244,60.299900N,24.372322E,47,19.3,106
21889,T,220830,104245,60.299881N,24.372414E,47,19.2,107
21890,T,220830,104246,60.299870N,24.372505E,47,19.1,107
21891,T,220830,104247,60.299847N,24.372597E,47,19.0,109
21892,T,220830,104248,60.299831N,24.372683E,47,18.3,110
21893,T,220830,104249,60.299820N,24.372765E,47,17.2,105
21894,T,220830,104250,60.299809N,24.372847E,47,16.9,106
21895,T,220830,104251,60.299797N,24.372931E,47,16.9,104
21896,T,220830,104252,60.299786N,24.373014E,47,17.1,106
21897,T,220830,104253,60.299770N,24.373096E,47,17.1,104
21898,T,220830,104254,60.299759N,24.373177E,47,16.0,105
21899,T,220830,104255,60.299747N,24.373255E,47,15.6,105
21900,T,220830,104256,60.299736N,24.373329E,46,16.4,107
21901,T,220830,104257,60.299721N,24.373409E,46,16.3,107
21902,T,220830,104258,60.299706N,24.373491E,46,15.5,108
21903,T,220830,104259,60.299690N,24.373564E,47,14.6,107
21904,T,220830,104300,60.299675N,24.373638E,47,14.8,107
21905,T,220830,104301,60.299656N,24.373709E,47,15.6,114
21906,T,220830,104302,60.299641N,24.373779E,47,14.9,112
21907,T,220830,104303,60.299629N,24.373854E,47,14.9,111
21908,T,220830,104304,60.299618N,24.373924E,47,15.0,110
21909,T,220830,104305,60.299599N,24.373997E,47,14.8,109
21910,T,220830,104306,60.299587N,24.374067E,47,14.7,108
21911,T,220830,104307,60.299572N,24.374138E,47,14.7,108
21912,T,220830,104308,60.299561N,24.374207E,47,14.6,109
21913,T,220830,104309,60.299545N,24.374277E,46,15.3,110
21914,T,220830,104310,60.299526N,24.374352E,46,15.6,111
21915,T,220830,104311,60.299511N,24.374424E,46,15.6,113
21916,T,220830,104312,60.299496N,24.374496E,46,15.7,114
21917,T,220830,104313,60.299480N,24.374565E,45,15.7,114
21918,T,220830,104314,60.299465N,24.374636E,45,15.7,114
21919,T,220830,104315,60.299446N,24.374708E,45,15.8,114
21920,T,220830,104316,60.299431N,24.374783E,45,16.2,114
21921,T,220830,104317,60.299412N,24.374859E,45,16.4,113
21922,T,220830,104318,60.299393N,24.374941E,45,17.5,114
21923,T,220830,104319,60.299374N,24.375023E,45,17.9,115
21924,T,220830,104320,60.299351N,24.375105E,45,18.5,115
21925,T,220830,104321,60.299332N,24.375193E,45,18.9,116
21926,T,220830,104322,60.299313N,24.375277E,44,18.9,115
21927,T,220830,104323,60.299290N,24.375364E,44,19.7,115
21928,T,220830,104324,60.299263N,24.375456E,43,20.0,115
21929,T,220830,104325,60.299240N,24.375553E,44,21.1,115
21930,T,220830,104326,60.299217N,24.375648E,44,21.6,116
21931,T,220830,104327,60.299187N,24.375748E,43,22.6,117
21932,T,220830,104328,60.299160N,24.375856E,43,23.8,117
21933,T,220830,104329,60.299129N,24.375969E,42,24.8,116
21934,T,220830,104330,60.299099N,24.376087E,42,25.7,116
21935,T,220830,104331,60.299068N,24.376205E,42,26.7,117
21936,T,220830,104332,60.299030N,24.376328E,42,27.5,117
21937,T,220830,104333,60.299000N,24.376455E,41,28.1,117
21938,T,220830,104334,60.298969N,24.376581E,41,28.2,117
21939,T,220830,104335,60.298931N,24.376713E,41,28.7,117
21940,T,220830,104336,60.298901N,24.376842E,41,29.1,117
21941,T,220830,104337,60.298866N,24.376972E,41,29.0,117
21942,T,220830,104338,60.298832N,24.377100E,41,28.9,117
21943,T,220830,104339,60.298801N,24.377228E,41,28.4,117
21944,T,220830,104340,60.298767N,24.377354E,41,27.6,117
21945,T,220830,104341,60.298733N,24.377476E,41,26.9,117
21946,T,220830,104342,60.298702N,24.377596E,41,26.0,117
21947,T,220830,104343,60.298672N,24.377710E,41,25.2,117
21948,T,220830,104344,60.298645N,24.377819E,41,24.2,117
21949,T,220830,104345,60.298615N,24.377926E,41,24.0,117
21950,T,220830,104346,60.298592N,24.378035E,40,24.0,117
21951,T,220830,104347,60.298561N,24.378141E,40,24.1,117
21952,T,220830,104348,60.298531N,24.378250E,40,24.4,117
21953,T,220830,104349,60.298504N,24.378359E,40,24.4,117
21954,T,220830,104350,60.298477N,24.378466E,40,24.4,117
21955,T,220830,104351,60.298447N,24.378576E,40,24.4,117
21956,T,220830,104352,60.298420N,24.378683E,40,24.7,117
21957,T,220830,104353,60.298393N,24.378794E,40,24.8,117
21958,T,220830,104354,60.298359N,24.378904E,40,25.4,117
21959,T,220830,104355,60.298332N,24.379019E,40,25.7,117
21960,T,220830,104356,60.298302N,24.379135E,40,25.9,117
21961,T,220830,104357,60.298271N,24.379250E,39,25.9,117
21962,T,220830,104358,60.298241N,24.379364E,39,26.0,117
21963,T,220830,104359,60.298206N,24.379478E,39,25.9,117
21964,T,220830,104400,60.298180N,24.379595E,39,25.9,117
21965,T,220830,104401,60.298149N,24.379704E,39,25.8,117
21966,T,220830,104402,60.298115N,24.379818E,39,25.5,118
21967,T,220830,104403,60.298084N,24.379934E,39,25.5,118
21968,T,220830,104404,60.298058N,24.380051E,39,25.4,118
21969,T,220830,104405,60.298027N,24.380161E,39,25.3,117
21970,T,220830,104406,60.298000N,24.380274E,39,25.0,117
21971,T,220830,104407,60.297970N,24.380383E,39,23.8,117
21972,T,220830,104408,60.297943N,24.380484E,39,23.1,118
21973,T,220830,104409,60.297920N,24.380585E,40,21.7,118
21974,T,220830,104410,60.297897N,24.380676E,40,20.3,118
21975,T,220830,104411,60.297871N,24.380764E,40,19.1,118
21976,T,220830,104412,60.297848N,24.380844E,40,18.1,118
21977,T,220830,104413,60.297832N,24.380924E,41,17.3,117
21978,T,220830,104414,60.297813N,24.380999E,41,16.2,117
21979,T,220830,104415,60.297791N,24.381067E,41,15.2,117
21980,T,220830,104416,60.297775N,24.381134E,42,14.7,117
21981,T,220830,104417,60.297760N,24.381199E,42,14.3,117
21982,T,220830,104418,60.297741N,24.381262E,42,14.2,117
21983,T,220830,104419,60.297729N,24.381325E,42,14.2,117
21984,T,220830,104420,60.297710N,24.381386E,43,13.7,117
21985,T,220830,104421,60.297691N,24.381447E,43,13.7,117
21986,T,220830,104422,60.297680N,24.381508E,43,13.6,117
21987,T,220830,104423,60.297661N,24.381571E,43,13.7,117
21988,T,220830,104424,60.297649N,24.381632E,43,13.6,117
21989,T,220830,104425,60.297630N,24.381693E,44,13.7,117
21990,T,220830,104426,60.297611N,24.381754E,44,13.7,117
21991,T,220830,104427,60.297596N,24.381817E,44,13.7,118
21992,T,220830,104428,60.297581N,24.381876E,44,13.8,118
21993,T,220830,104429,60.297565N,24.381941E,45,13.8,117
21994,T,220830,104430,60.297546N,24.382004E,45,13.9,117
21995,T,220830,104431,60.297531N,24.382071E,45,13.9,117
21996,T,220830,104432,60.297512N,24.382135E,45,14.0,117
21997,T,220830,104433,60.297497N,24.382202E,45,14.0,117
21998,T,220830,104434,60.297478N,24.382269E,46,14.5,117
21999,T,220830,104435,60.297459N,24.382334E,46,14.8,117
22000,T,220830,104436,60.297443N,24.382401E,46,14.8,117
22001,T,220830,104437,60.297424N,24.382465E,46,15.1,117
22002,T,220830,104438,60.297409N,24.382534E,46,15.2,117
22003,T,220830,104439,60.297394N,24.382601E,46,15.2,117
22004,T,220830,104440,60.297371N,24.382666E,46,15.3,117
22005,T,220830,104441,60.297356N,24.382736E,46,15.4,117
22006,T,220830,104442,60.297337N,24.382805E,46,15.7,118
22007,T,220830,104443,60.297321N,24.382874E,46,16.1,118
22008,T,220830,104444,60.297298N,24.382944E,46,16.5,117
22009,T,220830,104445,60.297279N,24.383020E,46,17.0,117
22010,T,220830,104446,60.297260N,24.383097E,46,17.4,117
22011,T,220830,104447,60.297241N,24.383171E,46,18.2,118
22012,T,220830,104448,60.297218N,24.383253E,46,19.2,118
22013,T,220830,104449,60.297195N,24.383341E,46,20.5,119
22014,T,220830,104450,60.297169N,24.383430E,46,21.2,119
22015,T,220830,104451,60.297146N,24.383524E,46,21.8,119
22016,T,220830,104452,60.297115N,24.383619E,45,22.9,119
22017,T,220830,104453,60.297085N,24.383722E,45,24.1,120
22018,T,220830,104454,60.297050N,24.383829E,45,25.4,120
22019,T,220830,104455,60.297020N,24.383944E,44,26.7,120
22020,T,220830,104456,60.296986N,24.384060E,44,28.2,120
22021,T,220830,104457,60.296947N,24.384184E,43,29.4,120
22022,T,220830,104458,60.296913N,24.384315E,43,30.3,121
22023,T,220830,104459,60.296871N,24.384447E,42,31.2,121
22024,T,220830,104500,60.296833N,24.384586E,42,32.0,120
22025,T,220830,104501,60.296791N,24.384735E,42,32.8,120
22026,T,220830,104502,60.296749N,24.384884E,41,33.7,120
22027,T,220830,104503,60.296703N,24.385033E,41,34.1,120
22028,T,220830,104504,60.296661N,24.385181E,40,34.1,120
22029,T,220830,104505,60.296619N,24.385330E,40,34.0,120
22030,T,220830,104506,60.296577N,24.385477E,40,33.9,120
22031,T,220830,104507,60.296532N,24.385624E,39,33.8,120
22032,T,220830,104508,60.296490N,24.385773E,39,33.9,120
22033,T,220830,104509,60.296448N,24.385920E,38,34.2,120
22034,T,220830,104510,60.296406N,24.386070E,38,34.3,120
22035,T,220830,104511,60.296360N,24.386221E,38,34.3,121
22036,T,220830,104512,60.296314N,24.386368E,38,33.9,120
22037,T,220830,104513,60.296272N,24.386517E,38,33.4,120
22038,T,220830,104514,60.296230N,24.386660E,37,32.9,120
22039,T,220830,104515,60.296188N,24.386801E,37,32.4,120
22040,T,220830,104516,60.296146N,24.386938E,37,31.7,120
22041,T,220830,104517,60.296108N,24.387074E,37,30.9,120
22042,T,220830,104518,60.296066N,24.387203E,37,29.6,120
22043,T,220830,104519,60.296032N,24.387327E,37,27.7,121
22044,T,220830,104520,60.295998N,24.387444E,38,26.2,121
22045,T,220830,104521,60.295963N,24.387556E,38,25.7,120
22046,T,220830,104522,60.295933N,24.387665E,38,25.0,120
22047,T,220830,104523,60.295898N,24.387772E,38,24.2,120
22048,T,220830,104524,60.295872N,24.387875E,39,23.1,120
22049,T,220830,104525,60.295841N,24.387970E,39,21.6,120
22050,T,220830,104526,60.295815N,24.388062E,40,20.7,121
22051,T,220830,104527,60.295792N,24.388145E,40,19.1,120
22052,T,220830,104528,60.295769N,24.388224E,41,17.1,121
22053,T,220830,104529,60.295746N,24.388296E,41,17.0,120
22054,T,220830,104530,60.295723N,24.388371E,41,16.6,120
22055,T,220830,104531,60.295700N,24.388437E,42,16.1,120
22056,T,220830,104532,60.295685N,24.388504E,42,16.0,121
22057,T,220830,104533,60.295658N,24.388575E,42,15.9,121
22058,T,220830,104534,60.295643N,24.388639E,43,15.8,121
22059,T,220830,104535,60.295624N,24.388708E,43,15.7,120
22060,T,220830,104536,60.295605N,24.388777E,43,15.6,120
22061,T,220830,104537,60.295586N,24.388840E,44,14.9,120
22062,T,220830,104538,60.295563N,24.388905E,44,14.8,120
22063,T,220830,104539,60.295547N,24.388966E,44,14.7,120
22064,T,220830,104540,60.295528N,24.389030E,44,14.6,120
22065,T,220830,104541,60.295513N,24.389091E,45,14.3,121
22066,T,220830,104542,60.295490N,24.389153E,45,14.4,121
22067,T,220830,104543,60.295471N,24.389212E,45,14.4,121
22068,T,220830,104544,60.295452N,24.389273E,46,14.3,122
22069,T,220830,104545,60.295433N,24.389332E,46,14.3,124
22070,T,220830,104546,60.295418N,24.389393E,47,13.7,119
22071,T,220830,104547,60.295399N,24.389448E,47,13.8,117
22072,T,220830,104548,60.295380N,24.389511E,47,13.8,121
22073,T,220830,104549,60.295364N,24.389572E,47,14.0,120
22074,T,220830,104550,60.295345N,24.389631E,47,13.6,120
22075,T,220830,104551,60.295326N,24.389692E,47,13.6,121
22076,T,220830,104552,60.295311N,24.389751E,48,13.1,118
22077,T,220830,104553,60.295292N,24.389811E,48,13.6,119
22078,T,220830,104554,60.295277N,24.389870E,48,13.6,119
22079,T,220830,104555,60.295261N,24.389929E,48,13.1,119
22080,T,220830,104556,60.295238N,24.389988E,48,13.2,119
22081,T,220830,104557,60.295223N,24.390045E,48,12.9,120
22082,T,220830,104558,60.295208N,24.390104E,48,12.8,119
22083,T,220830,104559,60.295193N,24.390162E,48,13.3,119
22084,T,220830,104600,60.295177N,24.390221E,48,12.4,118
22085,T,220830,104601,60.295158N,24.390276E,48,12.5,119
22086,T,220830,104602,60.295143N,24.390329E,48,12.4,119
22087,T,220830,104603,60.295128N,24.390385E,49,12.4,120
22088,T,220830,104604,60.295113N,24.390438E,48,12.0,116
22089,T,220830,104605,60.295097N,24.390495E,48,11.5,117
22090,T,220830,104606,60.295078N,24.390553E,49,12.0,118
22091,T,220830,104607,60.295063N,24.390604E,49,12.5,124
22092,T,220830,104608,60.295048N,24.390657E,49,12.5,124
22093,T,220830,104609,60.295036N,24.390717E,49,13.0,123
22094,T,220830,104610,60.295021N,24.390774E,49,12.9,122
22095,T,220830,104611,60.295010N,24.390825E,49,11.8,112
22096,T,220830,104612,60.294991N,24.390882E,49,12.1,113
22097,T,220830,104613,60.294979N,24.390936E,50,12.0,114
22098,T,220830,104614,60.294964N,24.390984E,50,11.9,114
22099,T,220830,104615,60.294949N,24.391035E,49,11.4,117
22100,T,220830,104616,60.294933N,24.391088E,50,11.5,119
22101,T,220830,104617,60.294914N,24.391140E,50,11.6,120
22102,T,220830,104618,60.294899N,24.391193E,51,11.6,120
22103,T,220830,104619,60.294884N,24.391245E,51,11.6,121
22104,T,220830,104620,60.294872N,24.391293E,51,11.3,121
22105,T,220830,104621,60.294857N,24.391342E,51,11.3,120
22106,T,220830,104622,60.294846N,24.391390E,52,10.4,111
22107,T,220830,104623,60.294830N,24.391436E,52,10.3,112
22108,T,220830,104624,60.294815N,24.391483E,52,11.4,113
22109,T,220830,104625,60.294800N,24.391533E,52,11.3,114
22110,T,220830,104626,60.294785N,24.391581E,52,11.8,114
22111,T,220830,104627,60.294769N,24.391634E,53,11.9,115
22112,T,220830,104628,60.294758N,24.391684E,53,11.8,117
22113,T,220830,104629,60.294739N,24.391731E,53,11.4,119
22114,T,220830,104630,60.294724N,24.391781E,53,11.5,120
22115,T,220830,104631,60.294708N,24.391836E,53,11.5,121
22116,T,220830,104632,60.294693N,24.391884E,53,11.4,121
22117,T,220830,104633,60.294678N,24.391937E,54,12.0,122
22118,T,220830,104634,60.294659N,24.391989E,54,11.2,121
22119,T,220830,104635,60.294647N,24.392042E,54,11.7,120
22120,T,220830,104636,60.294632N,24.392092E,54,11.7,121
22121,T,220830,104637,60.294613N,24.392143E,55,12.2,121
22122,T,220830,104638,60.294598N,24.392197E,55,12.2,120
22123,T,220830,104639,60.294579N,24.392250E,55,12.5,120
22124,T,220830,104640,60.294559N,24.392303E,55,12.7,120
22125,T,220830,104641,60.294548N,24.392361E,56,12.7,119
22126,T,220830,104642,60.294529N,24.392416E,56,12.8,120
22127,T,220830,104643,60.294514N,24.392471E,56,12.9,121
22128,T,220830,104644,60.294495N,24.392530E,56,13.3,121
22129,T,220830,104645,60.294476N,24.392588E,56,13.7,121
22130,T,220830,104646,60.294460N,24.392649E,57,14.0,120
22131,T,220830,104647,60.294441N,24.392710E,57,14.6,120
22132,T,220830,104648,60.294418N,24.392775E,56,15.2,121
22133,T,220830,104649,60.294399N,24.392838E,56,15.8,121
22134,T,220830,104650,60.294380N,24.392910E,56,16.7,119
22135,T,220830,104651,60.294361N,24.392984E,55,17.3,119
22136,T,220830,104652,60.294338N,24.393059E,55,17.9,119
22137,T,220830,104653,60.294312N,24.393139E,55,19.1,120
22138,T,220830,104654,60.294289N,24.393223E,55,19.8,121
22139,T,220830,104655,60.294258N,24.393312E,54,20.9,121
22140,T,220830,104656,60.294231N,24.393404E,54,22.5,121
22141,T,220830,104657,60.294205N,24.393503E,54,23.5,120
22142,T,220830,104658,60.294170N,24.393610E,53,24.5,120
22143,T,220830,104659,60.294140N,24.393719E,53,25.2,120
22144,T,220830,104700,60.294109N,24.393829E,53,26.1,120
22145,T,220830,104701,60.294071N,24.393948E,53,26.9,120
22146,T,220830,104702,60.294041N,24.394066E,52,27.5,120
22147,T,220830,104703,60.294003N,24.394190E,52,28.2,120
22148,T,220830,104704,60.293968N,24.394316E,52,29.0,120
22149,T,220830,104705,60.293926N,24.394449E,51,29.6,119
22150,T,220830,104706,60.293892N,24.394587E,51,30.2,119
22151,T,220830,104707,60.293858N,24.394722E,50,30.7,118
22152,T,220830,104708,60.293816N,24.394855E,50,30.7,118
22153,T,220830,104709,60.293781N,24.394997E,50,31.6,117
22154,T,220830,104710,60.293743N,24.395140E,49,32.0,116
22155,T,220830,104711,60.293713N,24.395290E,49,32.0,115
22156,T,220830,104712,60.293674N,24.395439E,48,32.5,114
22157,T,220830,104713,60.293644N,24.395596E,48,32.9,113
22158,T,220830,104714,60.293613N,24.395754E,48,33.5,112
22159,T,220830,104715,60.293579N,24.395914E,47,34.2,111
22160,T,220830,104716,60.293552N,24.396078E,47,34.2,110
22161,T,220830,104717,60.293522N,24.396242E,46,34.1,109
22162,T,220830,104718,60.293491N,24.396404E,46,34.0,109
22163,T,220830,104719,60.293465N,24.396566E,45,34.1,108
22164,T,220830,104720,60.293442N,24.396734E,45,34.9,107
22165,T,220830,104721,60.293411N,24.396904E,44,35.5,106
22166,T,220830,104722,60.293392N,24.397076E,43,35.6,105
22167,T,220830,104723,60.293369N,24.397255E,43,36.0,103
22168,T,220830,104724,60.293350N,24.397432E,42,36.5,102
22169,T,220830,104725,60.293331N,24.397615E,42,37.1,101
22170,T,220830,104726,60.293316N,24.397802E,41,37.5,100
22171,T,220830,104727,60.293301N,24.397989E,40,38.0,99
22172,T,220830,104728,60.293285N,24.398180E,40,38.1,99
22173,T,220830,104729,60.293266N,24.398371E,39,38.5,99
22174,T,220830,104730,60.293255N,24.398563E,38,38.5,98
22175,T,220830,104731,60.293243N,24.398756E,38,38.2,97
22176,T,220830,104732,60.293232N,24.398945E,37,38.1,97
22177,T,220830,104733,60.293221N,24.399136E,37,38.0,97
22178,T,220830,104734,60.293201N,24.399323E,36,37.5,98
22179,T,220830,104735,60.293182N,24.399504E,36,36.6,100
22180,T,220830,104736,60.293159N,24.399679E,36,35.5,102
22181,T,220830,104737,60.293140N,24.399853E,36,35.0,104
22182,T,220830,104738,60.293118N,24.400021E,35,34.2,105
22183,T,220830,104739,60.293091N,24.400185E,35,33.6,107
22184,T,220830,104740,60.293064N,24.400343E,35,33.1,108
22185,T,220830,104741,60.293037N,24.400496E,35,32.4,110
22186,T,220830,104742,60.293007N,24.400644E,35,31.2,111
22187,T,220830,104743,60.292980N,24.400785E,35,30.2,112
22188,T,220830,104744,60.292953N,24.400921E,35,28.7,113
22189,T,220830,104745,60.292919N,24.401047E,35,27.1,114
22190,T,220830,104746,60.292889N,24.401163E,35,25.4,116
22191,T,220830,104747,60.292858N,24.401272E,35,23.7,117
22192,T,220830,104748,60.292831N,24.401373E,35,22.6,118
22193,T,220830,104749,60.292809N,24.401466E,36,21.4,118
22194,T,220830,104750,60.292782N,24.401556E,36,19.7,118
22195,T,220830,104751,60.292759N,24.401638E,36,18.5,119
22196,T,220830,104752,60.292736N,24.401714E,36,17.3,120
22197,T,220830,104753,60.292717N,24.401785E,37,16.2,120
22198,T,220830,104754,60.292698N,24.401854E,37,14.8,120
22199,T,220830,104755,60.292679N,24.401915E,37,13.9,120
22200,T,220830,104756,60.292660N,24.401972E,38,13.2,120
22201,T,220830,104757,60.292645N,24.402025E,38,12.6,120
22202,T,220830,104758,60.292629N,24.402079E,38,12.5,120
22203,T,220830,104759,60.292610N,24.402132E,38,12.5,120
22204,T,220830,104800,60.292595N,24.402184E,39,12.0,120
22205,T,220830,104801,60.292580N,24.402239E,39,12.1,119
22206,T,220830,104802,60.292568N,24.402285E,40,9.3,117
22207,T,220830,104803,60.292561N,24.402325E,40,8.7,123
22208,T,220830,104804,60.292549N,24.402363E,40,8.8,121
22209,T,220830,104805,60.292534N,24.402403E,40,10.0,122
22210,T,220830,104806,60.292519N,24.402447E,40,11.1,122
22211,T,220830,104807,60.292503N,24.402496E,41,12.0,119
22212,T,220830,104808,60.292488N,24.402546E,41,12.0,122
22213,T,220830,104809,60.292473N,24.402597E,41,11.6,122
22214,T,220830,104810,60.292461N,24.402651E,41,12.1,117
22215,T,220830,104811,60.292442N,24.402704E,42,12.6,119
22216,T,220830,104812,60.292427N,24.402756E,42,12.1,119
22217,T,220830,104813,60.292412N,24.402807E,42,12.2,121
22218,T,220830,104814,60.292397N,24.402859E,42,12.0,122
22219,T,220830,104815,60.292381N,24.402905E,42,11.6,123
22220,T,220830,104816,60.292362N,24.402950E,43,11.7,123
22221,T,220830,104817,60.292347N,24.403004E,43,11.9,123
22222,T,220830,104818,60.292332N,24.403055E,43,11.8,122
22223,T,220830,104819,60.292316N,24.403105E,44,11.8,122
22224,T,220830,104820,60.292301N,24.403154E,44,11.8,122
22225,T,220830,104821,60.292282N,24.403204E,44,11.8,123
22226,T,220830,104822,60.292267N,24.403255E,44,11.8,123
22227,T,220830,104823,60.292248N,24.403305E,44,11.9,123
22228,T,220830,104824,60.292233N,24.403357E,44,12.0,123
22229,T,220830,104825,60.292217N,24.403404E,45,11.6,124
22230,T,220830,104826,60.292198N,24.403452E,45,11.1,124
22231,T,220830,104827,60.292183N,24.403500E,45,10.7,125
22232,T,220830,104828,60.292168N,24.403543E,45,10.7,126
22233,T,220830,104829,60.292152N,24.403589E,45,11.2,126
22234,T,220830,104830,60.292137N,24.403637E,46,11.3,126
22235,T,220830,104831,60.292114N,24.403683E,46,11.3,126
22236,T,220830,104832,60.292099N,24.403730E,46,11.4,126
22237,T,220830,104833,60.292080N,24.403778E,46,11.4,127
22238,T,220830,104834,60.292065N,24.403824E,46,11.5,128
22239,T,220830,104835,60.292049N,24.403868E,46,11.5,129
22240,T,220830,104836,60.292027N,24.403915E,47,11.5,129
22241,T,220830,104837,60.292007N,24.403961E,47,11.4,130
22242,T,220830,104838,60.291992N,24.404005E,47,11.4,131
22243,T,220830,104839,60.291973N,24.404055E,47,11.4,131
22244,T,220830,104840,60.291950N,24.404099E,47,11.4,131
22245,T,220830,104841,60.291931N,24.404144E,48,11.5,132
22246,T,220830,104842,60.291912N,24.404188E,48,11.5,131
22247,T,220830,104843,60.291897N,24.404236E,48,11.9,131
22248,T,220830,104844,60.291878N,24.404276E,48,11.4,132
22249,T,220830,104845,60.291855N,24.404316E,48,10.3,132
22250,T,220830,104846,60.291836N,24.404352E,48,10.9,134
22251,T,220830,104847,60.291821N,24.404392E,49,10.8,134
22252,T,220830,104848,60.291801N,24.404432E,49,11.9,135
22253,T,220830,104849,60.291779N,24.404476E,49,11.4,135
22254,T,220830,104850,60.291759N,24.404516E,50,11.1,135
22255,T,220830,104851,60.291740N,24.404554E,50,11.1,136
22256,T,220830,104852,60.291721N,24.404594E,50,11.5,136
22257,T,220830,104853,60.291695N,24.404634E,51,11.6,137
22258,T,220830,104854,60.291672N,24.404671E,51,11.7,139
22259,T,220830,104855,60.291653N,24.404705E,51,11.1,140
22260,T,220830,104856,60.291634N,24.404737E,51,10.7,142
22261,T,220830,104857,60.291607N,24.404774E,52,11.8,143
22262,T,220830,104858,60.291584N,24.404808E,52,11.9,144
22263,T,220830,104859,60.291561N,24.404844E,52,10.5,144
22264,T,220830,104900,60.291538N,24.404877E,52,11.0,145
22265,T,220830,104901,60.291515N,24.404907E,53,10.3,144
22266,T,220830,104902,60.291496N,24.404942E,53,10.3,143
22267,T,220830,104903,60.291477N,24.404976E,53,10.9,142
22268,T,220830,104904,60.291451N,24.405006E,53,9.7,144
22269,T,220830,104905,60.291431N,24.405039E,53,11.1,144
22270,T,220830,104906,60.291409N,24.405067E,54,11.0,149
22271,T,220830,104907,60.291386N,24.405098E,54,11.6,147
22272,T,220830,104908,60.291359N,24.405130E,54,11.5,147
22273,T,220830,104909,60.291336N,24.405163E,54,11.5,148
22274,T,220830,104910,60.291313N,24.405191E,55,11.5,147
22275,T,220830,104911,60.291283N,24.405220E,55,11.4,149
22276,T,220830,104912,60.291260N,24.405249E,55,11.0,149
22277,T,220830,104913,60.291241N,24.405275E,55,10.6,149
22278,T,220830,104914,60.291218N,24.405304E,55,11.0,149
22279,T,220830,104915,60.291191N,24.405329E,56,11.0,150
22280,T,220830,104916,60.291164N,24.405355E,56,11.1,150
22281,T,220830,104917,60.291142N,24.405382E,56,11.1,150
22282,T,220830,104918,60.291111N,24.405411E,57,11.0,151
22283,T,220830,104919,60.291088N,24.405437E,57,11.1,151
22284,T,220830,104920,60.291061N,24.405464E,57,11.2,152
22285,T,220830,104921,60.291035N,24.405493E,57,11.2,153
22286,T,220830,104922,60.291008N,24.405518E,57,11.9,154
22287,T,220830,104923,60.290981N,24.405544E,57,11.9,154
22288,T,220830,104924,60.290951N,24.405569E,58,11.7,155
22289,T,220830,104925,60.290928N,24.405592E,58,11.7,156
22290,T,220830,104926,60.290897N,24.405613E,57,11.6,156
22291,T,220830,104927,60.290871N,24.405636E,58,11.6,157
22292,T,220830,104928,60.290844N,24.405657E,58,11.6,157
22293,T,220830,104929,60.290817N,24.405676E,58,11.9,157
22294,T,220830,104930,60.290791N,24.405699E,58,12.2,157
22295,T,220830,104931,60.290760N,24.405720E,58,12.2,158
22296,T,220830,104932,60.290733N,24.405743E,58,12.5,158
22297,T,220830,104933,60.290703N,24.405764E,58,12.6,159
22298,T,220830,104934,60.290676N,24.405785E,58,12.7,161
22299,T,220830,104935,60.290646N,24.405804E,58,13.4,161
22300,T,220830,104936,60.290611N,24.405825E,58,14.3,162
22301,T,220830,104937,60.290581N,24.405844E,58,14.5,162
22302,T,220830,104938,60.290543N,24.405865E,58,14.7,163
22303,T,220830,104939,60.290508N,24.405882E,58,15.3,164
22304,T,220830,104940,60.290466N,24.405903E,58,15.7,165
22305,T,220830,104941,60.290432N,24.405922E,58,15.7,165
22306,T,220830,104942,60.290394N,24.405943E,59,15.8,165
22307,T,220830,104943,60.290352N,24.405960E,59,16.2,166
22308,T,220830,104944,60.290318N,24.405977E,59,16.6,167
22309,T,220830,104945,60.290272N,24.405996E,59,17.0,168
22310,T,220830,104946,60.290234N,24.406010E,59,17.4,168
22311,T,220830,104947,60.290188N,24.406029E,59,17.8,169
22312,T,220830,104948,60.290146N,24.406044E,59,17.9,169
22313,T,220830,104949,60.290100N,24.406055E,59,18.4,171
22314,T,220830,104950,60.290054N,24.406059E,59,19.0,173
22315,T,220830,104951,60.290009N,24.406067E,59,19.6,175
22316,T,220830,104952,60.289955N,24.406073E,59,20.3,177
22317,T,220830,104953,60.289906N,24.406075E,59,21.0,179
22318,T,220830,104954,60.289848N,24.406075E,59,21.2,180
22319,T,220830,104955,60.289795N,24.406071E,59,21.6,182
22320,T,220830,104956,60.289742N,24.406067E,59,21.1,182
22321,T,220830,104957,60.289688N,24.406059E,58,21.0,183
22322,T,220830,104958,60.289635N,24.406052E,58,21.0,184
22323,T,220830,104959,60.289581N,24.406044E,58,21.6,184
22324,T,220830,105000,60.289524N,24.406036E,58,22.5,184
22325,T,220830,105001,60.289467N,24.406029E,58,23.5,184
22326,T,220830,105002,60.289410N,24.406025E,57,24.2,183
22327,T,220830,105003,60.289345N,24.406025E,57,25.5,181
22328,T,220830,105004,60.289280N,24.406021E,57,26.2,181
22329,T,220830,105005,60.289211N,24.406015E,56,27.0,180
22330,T,220830,105006,60.289143N,24.406013E,56,27.9,180
22331,T,220830,105007,60.289070N,24.406012E,55,28.7,180
22332,T,220830,105008,60.289001N,24.406012E,55,29.4,180
22333,T,220830,105009,60.288925N,24.406008E,55,30.7,180
22334,T,220830,105010,60.288849N,24.406004E,55,30.6,180
22335,T,220830,105011,60.288773N,24.405998E,54,30.6,181
22336,T,220830,105012,60.288696N,24.405993E,54,30.0,182
22337,T,220830,105013,60.288620N,24.405985E,54,30.0,182
22338,T,220830,105014,60.288548N,24.405977E,54,30.0,182
22339,T,220830,105015,60.288471N,24.405975E,54,29.5,182
22340,T,220830,105016,60.288399N,24.405973E,54,29.1,181
22341,T,220830,105017,60.288326N,24.405972E,54,28.8,180
22342,T,220830,105018,60.288258N,24.405968E,53,28.7,180
22343,T,220830,105019,60.288185N,24.405964E,53,28.0,179
22344,T,220830,105020,60.288113N,24.405970E,53,28.0,178
22345,T,220830,105021,60.288044N,24.405975E,53,27.6,177
22346,T,220830,105022,60.287975N,24.405979E,53,27.4,177
22347,T,220830,105023,60.287907N,24.405987E,53,27.5,176
22348,T,220830,105024,60.287842N,24.405996E,53,27.6,176
22349,T,220830,105025,60.287769N,24.406006E,53,28.1,175
22350,T,220830,105026,60.287701N,24.406025E,53,28.1,174
22351,T,220830,105027,60.287632N,24.406042E,53,28.5,173
22352,T,220830,105028,60.287560N,24.406059E,53,28.5,172
22353,T,220830,105029,60.287487N,24.406080E,53,28.5,171
22354,T,220830,105030,60.287418N,24.406103E,52,28.5,171
22355,T,220830,105031,60.287350N,24.406124E,52,28.5,170
22356,T,220830,105032,60.287281N,24.406151E,52,28.9,170
22357,T,220830,105033,60.287209N,24.406174E,52,28.9,169
22358,T,220830,105034,60.287140N,24.406200E,52,28.9,169
22359,T,220830,105035,60.287067N,24.406235E,52,29.4,167
22360,T,220830,105036,60.286995N,24.406269E,52,29.7,166
22361,T,220830,105037,60.286922N,24.406307E,52,30.1,165
22362,T,220830,105038,60.286846N,24.406345E,52,30.7,164
22363,T,220830,105039,60.286777N,24.406387E,51,30.7,164
22364,T,220830,105040,60.286701N,24.406431E,51,31.2,163
22365,T,220830,105041,60.286629N,24.406475E,51,31.1,163
22366,T,220830,105042,60.286552N,24.406519E,51,31.3,162
22367,T,220830,105043,60.286480N,24.406569E,50,31.2,162
22368,T,220830,105044,60.286404N,24.406618E,50,31.2,161
22369,T,220830,105045,60.286327N,24.406664E,49,30.9,161
22370,T,220830,105046,60.286255N,24.406712E,49,30.9,161
22371,T,220830,105047,60.286182N,24.406757E,49,30.0,161
22372,T,220830,105048,60.286114N,24.406803E,49,30.0,162
22373,T,220830,105049,60.286041N,24.406853E,48,29.9,161
22374,T,220830,105050,60.285969N,24.406904E,48,29.5,161
22375,T,220830,105051,60.285896N,24.406946E,48,29.4,161
22376,T,220830,105052,60.285824N,24.406996E,48,29.1,161
22377,T,220830,105053,60.285755N,24.407040E,47,28.7,161
22378,T,220830,105054,60.285686N,24.407084E,47,28.2,161
22379,T,220830,105055,60.285622N,24.407127E,47,28.2,162
22380,T,220830,105056,60.285553N,24.407171E,47,28.2,162
22381,T,220830,105057,60.285488N,24.407215E,47,28.5,162
22382,T,220830,105058,60.285419N,24.407261E,46,28.6,162
22383,T,220830,105059,60.285351N,24.407305E,46,28.7,161
22384,T,220830,105100,60.285282N,24.407351E,45,28.8,161
22385,T,220830,105101,60.285217N,24.407396E,45,28.8,161
22386,T,220830,105102,60.285149N,24.407440E,45,28.8,161
22387,T,220830,105103,60.285080N,24.407484E,45,28.8,161
22388,T,220830,105104,60.285011N,24.407536E,45,28.8,161
22389,T,220830,105105,60.284943N,24.407579E,45,28.8,162
22390,T,220830,105106,60.284878N,24.407623E,45,28.7,162
22391,T,220830,105107,60.284805N,24.407673E,45,28.7,162
22392,T,220830,105108,60.284737N,24.407719E,45,28.3,162
22393,T,220830,105109,60.284672N,24.407761E,45,28.2,161
22394,T,220830,105110,60.284603N,24.407804E,44,27.7,162
22395,T,220830,105111,60.284538N,24.407850E,45,27.6,162
22396,T,220830,105112,60.284473N,24.407888E,45,27.5,162
22397,T,220830,105113,60.284409N,24.407928E,45,27.4,163
22398,T,220830,105114,60.284340N,24.407965E,45,26.9,164
22399,T,220830,105115,60.284279N,24.408003E,45,26.5,164
22400,T,220830,105116,60.284218N,24.408035E,45,26.3,165
22401,T,220830,105117,60.284157N,24.408056E,44,25.4,166
22402,T,220830,105118,60.284092N,24.408085E,44,24.5,166
22403,T,220830,105119,60.284035N,24.408110E,44,24.2,167
22404,T,220830,105120,60.283981N,24.408134E,44,23.7,168
22405,T,220830,105121,60.283920N,24.408148E,43,23.1,169
22406,T,220830,105122,60.283859N,24.408167E,44,23.0,170
22407,T,220830,105123,60.283810N,24.408188E,44,20.8,171
22408,T,220830,105124,60.283756N,24.408207E,44,21.5,172
22409,T,220830,105125,60.283703N,24.408224E,45,19.1,172
22410,T,220830,105126,60.283657N,24.408239E,45,19.7,171
22411,T,220830,105127,60.283600N,24.408249E,45,21.0,173
22412,T,220830,105128,60.283550N,24.408257E,45,20.3,174
22413,T,220830,105129,60.283501N,24.408264E,45,19.0,173
22414,T,220830,105130,60.283451N,24.408276E,45,19.0,174
22415,T,220830,105131,60.283405N,24.408279E,46,20.2,176
22416,T,220830,105132,60.283352N,24.408291E,46,19.5,175
22417,T,220830,105133,60.283302N,24.408300E,46,18.8,176
22418,T,220830,105134,60.283257N,24.408308E,46,20.3,176
22419,T,220830,105135,60.283203N,24.408318E,46,20.3,175
22420,T,220830,105136,60.283157N,24.408327E,47,20.7,175
22421,T,220830,105137,60.283100N,24.408340E,47,20.8,175
22422,T,220830,105138,60.283047N,24.408350E,47,21.3,175
22423,T,220830,105139,60.282993N,24.408356E,47,21.4,175
22424,T,220830,105140,60.282940N,24.408365E,47,22.0,175
22425,T,220830,105141,60.282883N,24.408379E,47,22.0,175
22426,T,220830,105142,60.282829N,24.408388E,48,22.5,175
22427,T,220830,105143,60.282768N,24.408396E,48,22.5,175
22428,T,220830,105144,60.282711N,24.408405E,48,22.9,175
22429,T,220830,105145,60.282658N,24.408417E,48,22.9,175
22430,T,220830,105146,60.282600N,24.408422E,47,23.0,175
22431,T,220830,105147,60.282539N,24.408432E,47,23.3,175
22432,T,220830,105148,60.282478N,24.408443E,47,23.9,174
22433,T,220830,105149,60.282421N,24.408457E,47,24.0,174
22434,T,220830,105150,60.282360N,24.408470E,47,24.6,173
22435,T,220830,105151,60.282299N,24.408484E,46,24.5,173
22436,T,220830,105152,60.282242N,24.408503E,46,24.2,173
22437,T,220830,105153,60.282181N,24.408512E,46,24.2,174
22438,T,220830,105154,60.282120N,24.408524E,46,24.7,174
22439,T,220830,105155,60.282055N,24.408537E,46,25.0,174
22440,T,220830,105156,60.281994N,24.408552E,46,25.6,173
22441,T,220830,105157,60.281925N,24.408569E,46,25.5,172
22442,T,220830,105158,60.281860N,24.408590E,46,25.7,171
22443,T,220830,105159,60.281799N,24.408607E,46,25.1,170
22444,T,220830,105200,60.281734N,24.408630E,46,24.6,170
22445,T,220830,105201,60.281677N,24.408651E,46,24.6,169
22446,T,220830,105202,60.281616N,24.408670E,47,24.6,169
22447,T,220830,105203,60.281555N,24.408693E,47,24.9,169
22448,T,220830,105204,60.281490N,24.408722E,47,24.6,168
22449,T,220830,105205,60.281433N,24.408751E,47,25.2,167
22450,T,220830,105206,60.281372N,24.408779E,47,24.5,166
22451,T,220830,105207,60.281311N,24.408812E,47,25.0,165
22452,T,220830,105208,60.281254N,24.408842E,47,25.2,165
22453,T,220830,105209,60.281193N,24.408876E,48,24.3,164
22454,T,220830,105210,60.281136N,24.408916E,48,24.7,163
22455,T,220830,105211,60.281075N,24.408955E,48,24.7,161
22456,T,220830,105212,60.281017N,24.408997E,48,24.6,160
22457,T,220830,105213,60.280960N,24.409037E,48,24.2,159
22458,T,220830,105214,60.280903N,24.409077E,48,24.2,160
22459,T,220830,105215,60.280849N,24.409119E,48,24.1,159
22460,T,220830,105216,60.280792N,24.409164E,48,24.2,158
22461,T,220830,105217,60.280735N,24.409216E,47,24.2,156
22462,T,220830,105218,60.280682N,24.409266E,48,23.7,155
22463,T,220830,105219,60.280624N,24.409315E,47,23.8,155
22464,T,220830,105220,60.280567N,24.409370E,48,23.7,154
22465,T,220830,105221,60.280518N,24.409424E,49,23.8,154
22466,T,220830,105222,60.280460N,24.409479E,49,23.8,153
22467,T,220830,105223,60.280403N,24.409544E,49,23.7,152
22468,T,220830,105224,60.280354N,24.409603E,49,22.9,151
22469,T,220830,105225,60.280300N,24.409662E,49,22.8,150
22470,T,220830,105226,60.280254N,24.409716E,50,21.2,150
22471,T,220830,105227,60.280212N,24.409773E,50,20.0,149
22472,T,220830,105228,60.280167N,24.409824E,50,19.6,148
22473,T,220830,105229,60.280125N,24.409885E,51,21.4,147
22474,T,220830,105230,60.280079N,24.409939E,50,19.0,147
22475,T,220830,105231,60.280041N,24.409992E,51,19.1,147
22476,T,220830,105232,60.279999N,24.410046E,51,19.2,147
22477,T,220830,105233,60.279957N,24.410101E,51,19.1,147
22478,T,220830,105234,60.279915N,24.410151E,51,18.8,147
22479,T,220830,105235,60.279881N,24.410204E,51,18.8,146
22480,T,220830,105236,60.279839N,24.410261E,51,18.4,145
22481,T,220830,105237,60.279800N,24.410318E,52,18.3,144
22482,T,220830,105238,60.279762N,24.410372E,52,17.8,144
22483,T,220830,105239,60.279728N,24.410423E,53,17.5,144
22484,T,220830,105240,60.279697N,24.410477E,53,17.4,142
22485,T,220830,105241,60.279659N,24.410530E,53,17.1,142
22486,T,220830,105242,60.279633N,24.410583E,53,16.2,140
22487,T,220830,105243,60.279598N,24.410639E,54,16.1,138
22488,T,220830,105244,60.279572N,24.410696E,54,16.9,136
22489,T,220830,105245,60.279549N,24.410749E,54,14.0,134
22490,T,220830,105246,60.279518N,24.410810E,55,16.4,132
22491,T,220830,105247,60.279488N,24.410877E,55,19.3,132
22492,T,220830,105248,60.279453N,24.410952E,55,19.7,132
22493,T,220830,105249,60.279415N,24.411030E,56,20.6,132
22494,T,220830,105250,60.279373N,24.411112E,56,21.8,133
22495,T,220830,105251,60.279331N,24.411194E,56,22.1,134
22496,T,220830,105252,60.279289N,24.411278E,56,23.1,134
22497,T,220830,105253,60.279247N,24.411367E,56,23.2,133
22498,T,220830,105254,60.279202N,24.411474E,55,24.2,133
22499,T,220830,105255,60.279156N,24.411572E,55,24.2,132
22500,T,220830,105256,60.279114N,24.411663E,55,24.7,132
22501,T,220830,105257,60.279072N,24.411757E,55,24.7,132
22502,T,220830,105258,60.279022N,24.411848E,55,24.8,132
22503,T,220830,105259,60.278984N,24.411942E,54,24.7,131
22504,T,220830,105300,60.278942N,24.412031E,54,24.7,132
22505,T,220830,105301,60.278900N,24.412121E,54,24.1,133
22506,T,220830,105302,60.278854N,24.412210E,54,24.3,133
22507,T,220830,105303,60.278812N,24.412298E,54,25.1,134
22508,T,220830,105304,60.278767N,24.412386E,54,24.7,135
22509,T,220830,105305,60.278725N,24.412470E,54,24.0,135
22510,T,220830,105306,60.278679N,24.412552E,54,24.0,136
22511,T,220830,105307,60.278637N,24.412636E,54,23.4,136
22512,T,220830,105308,60.278595N,24.412716E,54,23.1,136
22513,T,220830,105309,60.278557N,24.412796E,54,22.7,136
22514,T,220830,105310,60.278511N,24.412876E,54,22.4,136
22515,T,220830,105311,60.278473N,24.412956E,54,22.5,135
22516,T,220830,105312,60.278431N,24.413044E,54,23.0,134
22517,T,220830,105313,60.278393N,24.413132E,54,23.1,132
22518,T,220830,105314,60.278351N,24.413219E,54,23.0,131
22519,T,220830,105315,60.278316N,24.413309E,54,22.9,130
22520,T,220830,105316,60.278275N,24.413397E,54,23.4,131
22521,T,220830,105317,60.278236N,24.413486E,54,24.0,131
22522,T,220830,105318,60.278194N,24.413576E,54,24.6,131
22523,T,220830,105319,60.278152N,24.413668E,54,24.9,132
22524,T,220830,105320,60.278107N,24.413759E,54,25.9,133
22525,T,220830,105321,60.278061N,24.413857E,53,26.7,133
22526,T,220830,105322,60.278015N,24.413956E,53,26.7,133
22527,T,220830,105323,60.277969N,24.414059E,53,28.5,133
22528,T,220830,105324,60.277920N,24.414164E,52,29.6,133
22529,T,220830,105325,60.277863N,24.414274E,52,30.7,133
22530,T,220830,105326,60.277809N,24.414389E,51,31.9,133
22531,T,220830,105327,60.277752N,24.414511E,51,32.9,133
22532,T,220830,105328,60.277691N,24.414637E,50,34.1,133
22533,T,220830,105329,60.277637N,24.414764E,50,34.9,133
22534,T,220830,105330,60.277576N,24.414898E,49,35.6,132
22535,T,220830,105331,60.277515N,24.415030E,49,36.1,132
22536,T,220830,105332,60.277451N,24.415165E,48,37.0,132
22537,T,220830,105333,60.277390N,24.415304E,48,37.6,133
22538,T,220830,105334,60.277321N,24.415442E,47,37.8,133
22539,T,220830,105335,60.277256N,24.415579E,46,37.8,134
22540,T,220830,105336,60.277187N,24.415716E,46,38.1,134
22541,T,220830,105337,60.277122N,24.415854E,45,37.4,134
22542,T,220830,105338,60.277061N,24.415993E,45,37.8,134
22543,T,220830,105339,60.276997N,24.416132E,44,37.8,134
22544,T,220830,105340,60.276928N,24.416271E,44,37.7,134
22545,T,220830,105341,60.276863N,24.416412E,43,37.8,133
22546,T,220830,105342,60.276798N,24.416552E,43,37.3,133
22547,T,220830,105343,60.276741N,24.416695E,43,37.3,132
22548,T,220830,105344,60.276676N,24.416836E,42,37.7,132
22549,T,220830,105345,60.276611N,24.416977E,42,37.6,132
22550,T,220830,105346,60.276546N,24.417116E,41,37.6,132
22551,T,220830,105347,60.276482N,24.417253E,41,37.6,133
22552,T,220830,105348,60.276417N,24.417391E,40,37.6,133
22553,T,220830,105349,60.276352N,24.417530E,40,37.7,133
22554,T,220830,105350,60.276287N,24.417665E,39,37.7,133
22555,T,220830,105351,60.276218N,24.417805E,39,37.8,133
22556,T,220830,105352,60.276157N,24.417942E,38,37.8,133
22557,T,220830,105353,60.276093N,24.418079E,38,37.8,133
22558,T,220830,105354,60.276028N,24.418217E,37,37.8,133
22559,T,220830,105355,60.275959N,24.418352E,37,37.8,133
22560,T,220830,105356,60.275894N,24.418484E,36,37.4,134
22561,T,220830,105357,60.275833N,24.418619E,36,37.3,134
22562,T,220830,105358,60.275768N,24.418755E,36,37.0,133
22563,T,220830,105359,60.275703N,24.418886E,36,36.4,133
22564,T,220830,105400,60.275639N,24.419016E,35,35.7,133
22565,T,220830,105401,60.275581N,24.419144E,35,35.2,133
22566,T,220830,105402,60.275520N,24.419273E,35,34.3,133
22567,T,220830,105403,60.275459N,24.419395E,34,33.7,133
22568,T,220830,105404,60.275406N,24.419514E,34,33.0,134
22569,T,220830,105405,60.275345N,24.419628E,34,32.3,134
22570,T,220830,105406,60.275288N,24.419739E,34,31.4,135
22571,T,220830,105407,60.275234N,24.419844E,34,30.3,135
22572,T,220830,105408,60.275185N,24.419945E,33,29.7,135
22573,T,220830,105409,60.275131N,24.420048E,33,28.8,134
22574,T,220830,105410,60.275085N,24.420149E,33,27.8,134
22575,T,220830,105411,60.275040N,24.420248E,33,26.7,133
22576,T,220830,105412,60.274994N,24.420343E,33,26.2,133
22577,T,220830,105413,60.274948N,24.420439E,33,25.6,132
22578,T,220830,105414,60.274906N,24.420532E,33,25.1,132
22579,T,220830,105415,60.274868N,24.420624E,33,24.6,132
22580,T,220830,105416,60.274830N,24.420713E,33,24.1,132
22581,T,220830,105417,60.274788N,24.420801E,33,23.4,132
22582,T,220830,105418,60.274750N,24.420885E,33,23.3,132
22583,T,220830,105419,60.274712N,24.420975E,33,23.4,132
22584,T,220830,105420,60.274673N,24.421061E,33,23.5,132
22585,T,220830,105421,60.274632N,24.421144E,33,23.5,133
22586,T,220830,105422,60.274593N,24.421227E,33,23.5,134
22587,T,220830,105423,60.274551N,24.421312E,33,23.5,134
22588,T,220830,105424,60.274509N,24.421398E,33,23.5,134
22589,T,220830,105425,60.274467N,24.421484E,33,23.5,134
22590,T,220830,105426,60.274429N,24.421566E,33,23.8,134
22591,T,220830,105427,60.274384N,24.421650E,33,23.7,135
22592,T,220830,105428,60.274342N,24.421732E,33,23.8,136
22593,T,220830,105429,60.274300N,24.421816E,33,23.8,136
22594,T,220830,105430,60.274261N,24.421900E,33,23.7,135
22595,T,220830,105431,60.274216N,24.421986E,33,24.1,134
22596,T,220830,105432,60.274174N,24.422071E,33,24.1,135
22597,T,220830,105433,60.274128N,24.422157E,33,25.0,135
22598,T,220830,105434,60.274082N,24.422249E,33,25.0,134
22599,T,220830,105435,60.274044N,24.422342E,33,24.9,133
22600,T,220830,105436,60.273998N,24.422436E,33,25.0,132
22601,T,220830,105437,60.273960N,24.422527E,32,25.1,131
22602,T,220830,105438,60.273914N,24.422625E,32,25.2,131
22603,T,220830,105439,60.273872N,24.422716E,32,25.2,132
22604,T,220830,105440,60.273830N,24.422810E,32,25.3,132
22605,T,220830,105441,60.273792N,24.422903E,32,25.2,132
22606,T,220830,105442,60.273746N,24.422997E,32,24.7,132
22607,T,220830,105443,60.273705N,24.423084E,32,24.2,132
22608,T,220830,105444,60.273663N,24.423174E,32,23.4,133
22609,T,220830,105445,60.273624N,24.423258E,32,22.8,133
22610,T,220830,105446,60.273582N,24.423342E,32,22.2,132
22611,T,220830,105447,60.273552N,24.423424E,32,21.6,131
22612,T,220830,105448,60.273514N,24.423506E,33,21.2,131
22613,T,220830,105449,60.273479N,24.423588E,33,20.8,131
22614,T,220830,105450,60.273445N,24.423666E,33,20.7,131
22615,T,220830,105451,60.273411N,24.423746E,34,20.3,130
22616,T,220830,105452,60.273380N,24.423826E,34,20.2,129
22617,T,220830,105453,60.273350N,24.423906E,34,19.9,128
22618,T,220830,105454,60.273315N,24.423986E,34,20.0,127
22619,T,220830,105455,60.273285N,24.424070E,34,20.5,126
22620,T,220830,105456,60.273254N,24.424154E,34,20.5,126
22621,T,220830,105457,60.273224N,24.424238E,35,20.5,125
22622,T,220830,105458,60.273193N,24.424320E,35,19.7,129
22623,T,220830,105459,60.273163N,24.424402E,35,20.7,128
22624,T,220830,105500,60.273136N,24.424488E,35,20.2,125
22625,T,220830,105501,60.273109N,24.424576E,35,20.3,123
22626,T,220830,105502,60.273075N,24.424662E,35,21.0,124
22627,T,220830,105503,60.273048N,24.424749E,35,20.5,123
22628,T,220830,105504,60.273026N,24.424835E,35,20.0,121
22629,T,220830,105505,60.272995N,24.424925E,35,20.1,121
22630,T,220830,105506,60.272968N,24.425013E,35,20.6,120
22631,T,220830,105507,60.272945N,24.425100E,35,20.5,119
22632,T,220830,105508,60.272919N,24.425192E,35,20.5,119
22633,T,220830,105509,60.272896N,24.425283E,35,20.4,118
22634,T,220830,105510,60.272873N,24.425381E,36,20.5,117
22635,T,220830,105511,60.272846N,24.425474E,36,20.5,116
22636,T,220830,105512,60.272827N,24.425568E,36,20.5,116
22637,T,220830,105513,60.272804N,24.425659E,36,20.4,116
22638,T,220830,105514,60.272785N,24.425756E,36,20.0,116
22639,T,220830,105515,60.272758N,24.425844E,37,19.9,116
22640,T,220830,105516,60.272739N,24.425936E,37,19.5,116
22641,T,220830,105517,60.272720N,24.426023E,37,19.2,115
22642,T,220830,105518,60.272701N,24.426113E,37,19.2,115
22643,T,220830,105519,60.272678N,24.426203E,37,19.1,115
22644,T,220830,105520,60.272659N,24.426287E,37,18.7,115
22645,T,220830,105521,60.272636N,24.426371E,37,18.7,115
22646,T,220830,105522,60.272621N,24.426456E,37,18.7,114
22647,T,220830,105523,60.272598N,24.426544E,38,18.8,114
22648,T,220830,105524,60.272579N,24.426634E,38,19.3,113
22649,T,220830,105525,60.272560N,24.426725E,38,19.7,111
22650,T,220830,105526,60.272545N,24.426823E,38,20.0,110
22651,T,220830,105527,60.272530N,24.426918E,38,20.5,109
22652,T,220830,105528,60.272511N,24.427019E,38,21.1,108
22653,T,220830,105529,60.272495N,24.427124E,37,22.0,107
22654,T,220830,105530,60.272476N,24.427235E,37,23.3,107
22655,T,220830,105531,60.272461N,24.427343E,37,23.9,107
22656,T,220830,105532,60.272442N,24.427460E,37,24.5,107
22657,T,220830,105533,60.272423N,24.427578E,37,24.8,107
22658,T,220830,105534,60.272404N,24.427698E,37,25.6,108
22659,T,220830,105535,60.272385N,24.427822E,36,25.6,108
22660,T,220830,105536,60.272366N,24.427944E,36,25.6,108
22661,T,220830,105537,60.272343N,24.428068E,36,25.9,108
22662,T,220830,105538,60.272320N,24.428192E,36,26.0,108
22663,T,220830,105539,60.272301N,24.428316E,35,26.4,108
22664,T,220830,105540,60.272282N,24.428442E,35,26.5,108
22665,T,220830,105541,60.272259N,24.428568E,35,26.8,108
22666,T,220830,105542,60.272240N,24.428696E,35,27.0,108
22667,T,220830,105543,60.272217N,24.428827E,34,27.0,108
22668,T,220830,105544,60.272198N,24.428959E,34,27.0,107
22669,T,220830,105545,60.272175N,24.429087E,34,26.9,107
22670,T,220830,105546,60.272156N,24.429216E,34,27.0,108
22671,T,220830,105547,60.272137N,24.429342E,34,26.1,108
22672,T,220830,105548,60.272118N,24.429468E,34,26.1,108
22673,T,220830,105549,60.272095N,24.429594E,34,26.0,108
22674,T,220830,105550,60.272076N,24.429716E,34,25.7,108
22675,T,220830,105551,60.272057N,24.429836E,34,24.9,108
22676,T,220830,105552,60.272038N,24.429955E,34,24.6,108
22677,T,220830,105553,60.272018N,24.430071E,34,24.0,107
22678,T,220830,105554,60.271999N,24.430183E,34,23.6,107
22679,T,220830,105555,60.271980N,24.430296E,34,23.0,107
22680,T,220830,105556,60.271965N,24.430405E,34,22.9,107
22681,T,220830,105557,60.271950N,24.430513E,34,23.0,107
22682,T,220830,105558,60.271931N,24.430622E,33,23.0,107
22683,T,220830,105559,60.271915N,24.430733E,33,22.8,106
22684,T,220830,105600,60.271893N,24.430832E,33,21.9,121
22685,T,220830,105601,60.271854N,24.430910E,33,21.8,140
22686,T,220830,105602,60.271812N,24.430984E,33,22.2,139
22687,T,220830,105603,60.271778N,24.431065E,32,22.9,120
22688,T,220830,105604,60.271751N,24.431164E,33,22.1,111
22689,T,220830,105605,60.271732N,24.431265E,32,21.4,113
22690,T,220830,105606,60.271713N,24.431364E,32,22.0,112
22691,T,220830,105607,60.271687N,24.431473E,32,23.6,111
22692,T,220830,105608,60.271667N,24.431581E,32,23.7,110
22693,T,220830,105609,60.271648N,24.431700E,32,24.7,109
22694,T,220830,105610,60.271629N,24.431818E,32,24.8,108
22695,T,220830,105611,60.271606N,24.431944E,31,25.2,107
22696,T,220830,105612,60.271591N,24.432068E,31,25.7,106
22697,T,220830,105613,60.271568N,24.432190E,31,26.3,107
22698,T,220830,105614,60.271553N,24.432316E,31,26.4,107
22699,T,220830,105615,60.271530N,24.432440E,31,25.4,107
22700,T,220830,105616,60.271511N,24.432556E,31,23.6,108
22701,T,220830,105617,60.271496N,24.432665E,32,21.9,108
22702,T,220830,105618,60.271481N,24.432764E,32,19.6,107
22703,T,220830,105619,60.271469N,24.432858E,33,18.5,107
22704,T,220830,105620,60.271458N,24.432943E,33,17.0,106
22705,T,220830,105621,60.271442N,24.433023E,34,16.4,106
22706,T,220830,105622,60.271431N,24.433096E,34,15.0,107
22707,T,220830,105623,60.271420N,24.433165E,34,14.1,107
22708,T,220830,105624,60.271412N,24.433231E,35,13.5,107
22709,T,220830,105625,60.271400N,24.433296E,36,13.4,107
22710,T,220830,105626,60.271393N,24.433355E,36,12.5,107
22711,T,220830,105627,60.271381N,24.433418E,36,12.6,107
22712,T,220830,105628,60.271374N,24.433477E,37,12.5,106
22713,T,220830,105629,60.271362N,24.433537E,37,12.0,107
22714,T,220830,105630,60.271355N,24.433592E,37,11.7,107
22715,T,220830,105631,60.271347N,24.433647E,37,12.0,108
22716,T,220830,105632,60.271339N,24.433706E,38,12.0,107
22717,T,220830,105633,60.271328N,24.433764E,38,12.1,108
22718,T,220830,105634,60.271317N,24.433825E,38,12.5,108
22719,T,220830,105635,60.271309N,24.433889E,38,13.6,108
22720,T,220830,105636,60.271297N,24.433956E,38,14.0,108
22721,T,220830,105637,60.271282N,24.434027E,38,14.9,108
22722,T,220830,105638,60.271271N,24.434097E,38,14.9,108
22723,T,220830,105639,60.271259N,24.434174E,38,15.5,108
22724,T,220830,105640,60.271248N,24.434248E,38,15.6,108
22725,T,220830,105641,60.271233N,24.434324E,38,16.2,108
22726,T,220830,105642,60.271221N,24.434404E,38,16.5,108
22727,T,220830,105643,60.271206N,24.434484E,38,16.7,108
22728,T,220830,105644,60.271191N,24.434565E,39,17.0,109
22729,T,220830,105645,60.271175N,24.434650E,39,17.1,109
22730,T,220830,105646,60.271160N,24.434734E,39,17.0,108
22731,T,220830,105647,60.271149N,24.434816E,39,17.1,108
22732,T,220830,105648,60.271137N,24.434896E,39,17.5,108
22733,T,220830,105649,60.271118N,24.434982E,39,17.8,108
22734,T,220830,105650,60.271103N,24.435066E,39,17.8,110
22735,T,220830,105651,60.271084N,24.435148E,39,18.3,110
22736,T,220830,105652,60.271065N,24.435230E,39,18.3,111
22737,T,220830,105653,60.271042N,24.435308E,39,18.3,112
22738,T,220830,105654,60.271015N,24.435387E,39,18.4,117
22739,T,220830,105655,60.270996N,24.435471E,39,18.3,112
22740,T,220830,105656,60.270981N,24.435555E,39,17.6,108
22741,T,220830,105657,60.270969N,24.435637E,40,16.7,103
22742,T,220830,105658,60.270962N,24.435717E,40,16.3,100
22743,T,220830,105659,60.270950N,24.435797E,40,15.7,100
22744,T,220830,105700,60.270947N,24.435869E,41,15.0,99
22745,T,220830,105701,60.270939N,24.435944E,41,14.8,97
22746,T,220830,105702,60.270939N,24.436014E,41,13.9,97
22747,T,220830,105703,60.270931N,24.436081E,42,13.4,98
22748,T,220830,105704,60.270927N,24.436148E,42,13.5,98
22749,T,220830,105705,60.270920N,24.436214E,43,13.9,100
22750,T,220830,105706,60.270912N,24.436277E,43,12.7,102
22751,T,220830,105707,60.270908N,24.436337E,43,12.0,103
22752,T,220830,105708,60.270901N,24.436392E,44,11.9,106
22753,T,220830,105709,60.270889N,24.436449E,44,12.0,108
22754,T,220830,105710,60.270882N,24.436504E,45,11.1,108
22755,T,220830,105711,60.270870N,24.436556E,45,10.5,109
22756,T,220830,105712,60.270863N,24.436604E,45,10.6,108
22757,T,220830,105713,60.270859N,24.436649E,46,10.6,109
22758,T,220830,105714,60.270851N,24.436699E,46,10.6,108
22759,T,220830,105715,60.270840N,24.436747E,46,10.6,108
22760,T,220830,105716,60.270832N,24.436796E,47,10.5,107
22761,T,220830,105717,60.270828N,24.436844E,47,10.5,105
22762,T,220830,105718,60.270821N,24.436892E,47,10.1,106
22763,T,220830,105719,60.270809N,24.436943E,47,11.1,108
22764,T,220830,105720,60.270805N,24.436998E,48,10.5,104
22765,T,220830,105721,60.270798N,24.437050E,48,10.8,105
22766,T,220830,105722,60.270786N,24.437103E,48,11.0,106
22767,T,220830,105723,60.270779N,24.437157E,48,11.0,105
22768,T,220830,105724,60.270767N,24.437210E,48,11.1,106
22769,T,220830,105725,60.270760N,24.437263E,48,11.8,109
22770,T,220830,105726,60.270748N,24.437323E,48,12.0,107
22771,T,220830,105727,60.270741N,24.437382E,48,12.8,108
22772,T,220830,105728,60.270729N,24.437445E,48,12.9,108
22773,T,220830,105729,60.270718N,24.437506E,48,13.5,108
22774,T,220830,105730,60.270706N,24.437574E,48,13.6,107
22775,T,220830,105731,60.270695N,24.437637E,48,13.6,106
22776,T,220830,105732,60.270687N,24.437704E,49,13.6,104
22777,T,220830,105733,60.270679N,24.437773E,49,13.6,103
22778,T,220830,105734,60.270676N,24.437840E,49,13.7,101
22779,T,220830,105735,60.270668N,24.437908E,49,13.7,101
22780,T,220830,105736,60.270660N,24.437977E,49,13.7,101
22781,T,220830,105737,60.270657N,24.438044E,50,13.7,100
22782,T,220830,105738,60.270649N,24.438108E,50,13.4,100
22783,T,220830,105739,60.270645N,24.438175E,50,13.5,99
22784,T,220830,105740,60.270638N,24.438242E,50,13.0,100
22785,T,220830,105741,60.270634N,24.438305E,51,12.2,101
22786,T,220830,105742,60.270630N,24.438364E,51,12.2,101
22787,T,220830,105743,60.270618N,24.438423E,51,12.0,102
22788,T,220830,105744,60.270615N,24.438482E,51,11.9,102
22789,T,220830,105745,60.270611N,24.438536E,51,11.9,102
22790,T,220830,105746,60.270603N,24.438593E,52,11.8,102
22791,T,220830,105747,60.270599N,24.438648E,52,11.8,103
22792,T,220830,105748,60.270592N,24.438707E,52,12.5,104
22793,T,220830,105749,60.270580N,24.438772E,52,13.0,105
22794,T,220830,105750,60.270573N,24.438835E,52,13.0,104
22795,T,220830,105751,60.270569N,24.438898E,52,13.0,103
22796,T,220830,105752,60.270561N,24.438963E,52,13.0,108
22797,T,220830,105753,60.270542N,24.439022E,52,13.0,118
22798,T,220830,105754,60.270523N,24.439075E,52,13.6,128
22799,T,220830,105755,60.270500N,24.439131E,52,14.3,131
22800,T,220830,105756,60.270481N,24.439188E,52,15.3,129
22801,T,220830,105757,60.270451N,24.439255E,52,16.0,125
22802,T,220830,105758,60.270428N,24.439323E,51,18.0,125
22803,T,220830,105759,60.270401N,24.439404E,51,19.7,125
22804,T,220830,105800,60.270367N,24.439491E,51,21.8,123
22805,T,220830,105801,60.270340N,24.439590E,50,23.6,121
22806,T,220830,105802,60.270313N,24.439697E,50,24.9,120
22807,T,220830,105803,60.270283N,24.439816E,50,25.5,119
22808,T,220830,105804,60.270260N,24.439938E,50,25.1,118
22809,T,220830,105805,60.270245N,24.440058E,50,23.9,117
22810,T,220830,105806,60.270229N,24.440172E,50,21.8,116
22811,T,220830,105807,60.270222N,24.440275E,50,19.8,114
22812,T,220830,105808,60.270206N,24.440374E,50,19.0,113
22813,T,220830,105809,60.270203N,24.440468E,51,17.9,111
22814,T,220830,105810,60.270199N,24.440554E,51,16.5,109
22815,T,220830,105811,60.270195N,24.440636E,51,15.9,108
22816,T,220830,105812,60.270195N,24.440716E,52,15.2,106
22817,T,220830,105813,60.270191N,24.440790E,52,14.6,105
22818,T,220830,105814,60.270187N,24.440863E,52,14.0,104
22819,T,220830,105815,60.270184N,24.440926E,52,13.6,103
22820,T,220830,105816,60.270180N,24.440996E,52,13.2,101
22821,T,220830,105817,60.270172N,24.441057E,53,13.1,106
22822,T,220830,105818,60.270164N,24.441124E,53,13.0,106
22823,T,220830,105819,60.270153N,24.441191E,53,13.3,107
22824,T,220830,105820,60.270142N,24.441254E,53,13.9,109
22825,T,220830,105821,60.270126N,24.441320E,53,14.3,114
22826,T,220830,105822,60.270111N,24.441383E,53,15.5,120
22827,T,220830,105823,60.270088N,24.441452E,53,16.4,124
22828,T,220830,105824,60.270065N,24.441525E,53,17.0,122
22829,T,220830,105825,60.270042N,24.441595E,53,17.1,121
22830,T,220830,105826,60.270023N,24.441669E,53,17.0,115
22831,T,220830,105827,60.270004N,24.441744E,53,15.4,114
22832,T,220830,105828,60.269993N,24.441816E,53,15.7,112
22833,T,220830,105829,60.269981N,24.441893E,53,15.2,96
22834,T,220830,105830,60.269981N,24.441969E,53,15.3,84
22835,T,220830,105831,60.269985N,24.442043E,53,15.5,76
22836,T,220830,105832,60.269997N,24.442122E,53,15.5,72
22837,T,220830,105833,60.270012N,24.442194E,53,15.5,57
22838,T,220830,105834,60.270035N,24.442253E,53,15.0,44
22839,T,220830,105835,60.270065N,24.442295E,53,13.6,30
22840,T,220830,105836,60.270096N,24.442324E,53,14.5,23
22841,T,220830,105837,60.270130N,24.442352E,53,15.7,22
22842,T,220830,105838,60.270164N,24.442389E,54,14.2,23
22843,T,220830,105839,60.270184N,24.442446E,54,15.3,29
22844,T,220830,105840,60.270180N,24.442522E,54,16.0,36
22845,T,220830,105841,60.270168N,24.442598E,54,15.9,43
22846,T,220830,105842,60.270157N,24.442677E,54,17.3,50
22847,T,220830,105843,60.270142N,24.442764E,54,18.1,56
22848,T,220830,105844,60.270126N,24.442852E,54,18.1,62
22849,T,220830,105845,60.270119N,24.442945E,54,19.6,66
22850,T,220830,105846,60.270111N,24.443047E,53,20.0,70
22851,T,220830,105847,60.270103N,24.443148E,53,20.3,74
22852,T,220830,105848,60.270096N,24.443251E,53,20.2,77
22853,T,220830,105849,60.270092N,24.443350E,53,20.2,80
22854,T,220830,105850,60.270084N,24.443445E,53,20.1,102
22855,T,220830,105851,60.270073N,24.443546E,53,20.5,105
22856,T,220830,105852,60.270061N,24.443649E,53,21.2,104
22857,T,220830,105853,60.270046N,24.443756E,53,22.1,103
22858,T,220830,105854,60.270035N,24.443863E,53,21.0,102
22859,T,220830,105855,60.270020N,24.443964E,53,20.7,104
22860,T,220830,105856,60.270008N,24.444059E,53,19.4,105
22861,T,220830,105857,60.269993N,24.444155E,53,19.8,105
22862,T,220830,105858,60.269981N,24.444246E,52,19.3,107
22863,T,220830,105859,60.269958N,24.444338E,52,19.3,108
22864,T,220830,105900,60.269947N,24.444429E,52,19.8,107
22865,T,220830,105901,60.269932N,24.444525E,52,19.0,107
22866,T,220830,105902,60.269913N,24.444614E,52,18.6,112
22867,T,220830,105903,60.269894N,24.444700E,52,19.5,116
22868,T,220830,105904,60.269871N,24.444784E,51,18.3,116
22869,T,220830,105905,60.269848N,24.444866E,51,18.8,114
22870,T,220830,105906,60.269833N,24.444952E,51,18.1,113
22871,T,220830,105907,60.269814N,24.445036E,51,18.0,114
22872,T,220830,105908,60.269791N,24.445116E,51,17.2,115
22873,T,220830,105909,60.269775N,24.445198E,51,17.8,113
22874,T,220830,105910,60.269756N,24.445282E,50,17.9,114
22875,T,220830,105911,60.269737N,24.445364E,50,17.5,114
22876,T,220830,105912,60.269718N,24.445452E,50,18.3,105
22877,T,220830,105913,60.269711N,24.445543E,50,19.2,100
22878,T,220830,105914,60.269707N,24.445639E,50,18.2,84
22879,T,220830,105915,60.269714N,24.445732E,50,18.5,80
22880,T,220830,105916,60.269718N,24.445829E,50,18.0,83
22881,T,220830,105917,60.269726N,24.445932E,50,18.4,85
22882,T,220830,105918,60.269726N,24.446024E,51,18.3,86
22883,T,220830,105919,60.269718N,24.446117E,52,18.3,98
22884,T,220830,105920,60.269703N,24.446207E,52,18.0,113
22885,T,220830,105921,60.269684N,24.446283E,53,17.1,127
22886,T,220830,105922,60.269661N,24.446339E,53,13.8,134
22887,T,220830,105923,60.269634N,24.446384E,53,13.8,132
22888,T,220830,105924,60.269608N,24.446428E,53,12.1,133
22889,T,220830,105925,60.269585N,24.446461E,53,14.2,134
22890,T,220830,105926,60.269550N,24.446491E,53,15.4,136
22891,T,220830,105927,60.269516N,24.446524E,53,16.5,138
22892,T,220830,105928,60.269482N,24.446569E,53,16.5,142
22893,T,220830,105929,60.269451N,24.446629E,53,17.0,129
22894,T,220830,105930,60.269428N,24.446699E,53,17.4,118
22895,T,220830,105931,60.269409N,24.446781E,53,18.1,110
22896,T,220830,105932,60.269390N,24.446871E,53,18.4,109
22897,T,220830,105933,60.269379N,24.446959E,53,18.5,107
22898,T,220830,105934,60.269363N,24.447050E,53,19.1,108
22899,T,220830,105935,60.269352N,24.447144E,53,19.8,108
22900,T,220830,105936,60.269333N,24.447241E,53,19.8,109
22901,T,220830,105937,60.269321N,24.447336E,53,20.1,109
22902,T,220830,105938,60.269299N,24.447433E,52,20.5,108
22903,T,220830,105939,60.269287N,24.447536E,53,20.9,108
22904,T,220830,105940,60.269272N,24.447638E,53,21.0,107
22905,T,220830,105941,60.269253N,24.447744E,53,21.5,108
22906,T,220830,105942,60.269238N,24.447845E,53,21.4,108
22907,T,220830,105943,60.269218N,24.447948E,53,20.9,107
22908,T,220830,105944,60.269203N,24.448053E,53,22.0,108
22909,T,220830,105945,60.269188N,24.448160E,53,22.1,108
22910,T,220830,105946,60.269169N,24.448265E,53,22.0,108
22911,T,220830,105947,60.269154N,24.448374E,53,22.3,108
22912,T,220830,105948,60.269138N,24.448484E,53,20.3,107
22913,T,220830,105949,60.269127N,24.448593E,52,22.1,105
22914,T,220830,105950,60.269112N,24.448704E,52,22.2,105
22915,T,220830,105951,60.269093N,24.448811E,52,22.2,105
22916,T,220830,105952,60.269077N,24.448921E,52,22.6,106
22917,T,220830,105953,60.269058N,24.449034E,52,23.5,107
22918,T,220830,105954,60.269039N,24.449146E,52,23.4,108
22919,T,220830,105955,60.269020N,24.449261E,52,24.0,109
22920,T,220830,105956,60.269001N,24.449375E,52,24.4,110
22921,T,220830,105957,60.268978N,24.449490E,52,24.3,109
22922,T,220830,105958,60.268959N,24.449604E,52,23.7,108
22923,T,220830,105959,60.268944N,24.449718E,51,24.0,107
22924,T,220830,110000,60.268929N,24.449835E,51,23.7,105
22925,T,220830,110001,60.268921N,24.449947E,51,22.5,98
22926,T,220830,110002,60.268913N,24.450062E,51,22.6,95
22927,T,220830,110003,60.268902N,24.450176E,51,22.9,97
22928,T,220830,110004,60.268890N,24.450293E,51,22.6,99
22929,T,220830,110005,60.268879N,24.450403E,50,22.5,102
22930,T,220830,110006,60.268860N,24.450516E,50,22.7,103
22931,T,220830,110007,60.268845N,24.450626E,50,24.0,105
22932,T,220830,110008,60.268829N,24.450745E,49,23.9,106
22933,T,220830,110009,60.268810N,24.450859E,49,23.9,105
22934,T,220830,110010,60.268795N,24.450977E,49,24.0,105
22935,T,220830,110011,60.268780N,24.451096E,49,24.1,106
22936,T,220830,110012,60.268761N,24.451214E,48,25.1,106
22937,T,220830,110013,60.268742N,24.451338E,48,26.2,108
22938,T,220830,110014,60.268719N,24.451466E,48,26.2,108
22939,T,220830,110015,60.268700N,24.451593E,48,25.7,108
22940,T,220830,110016,60.268677N,24.451715E,48,25.7,109
22941,T,220830,110017,60.268658N,24.451839E,48,25.6,109
22942,T,220830,110018,60.268635N,24.451962E,48,25.6,109
22943,T,220830,110019,60.268612N,24.452087E,48,25.6,109
22944,T,220830,110020,60.268593N,24.452215E,47,25.6,108
22945,T,220830,110021,60.268574N,24.452335E,47,25.0,108
22946,T,220830,110022,60.268551N,24.452456E,47,25.0,108
22947,T,220830,110023,60.268536N,24.452576E,47,23.8,108
22948,T,220830,110024,60.268517N,24.452696E,47,24.7,107
22949,T,220830,110025,60.268497N,24.452814E,47,23.7,107
22950,T,220830,110026,60.268478N,24.452929E,47,24.1,106
22951,T,220830,110027,60.268459N,24.453045E,47,24.6,106
22952,T,220830,110028,60.268440N,24.453163E,46,25.0,106
22953,T,220830,110029,60.268421N,24.453283E,46,25.4,107
22954,T,220830,110030,60.268398N,24.453407E,46,25.4,107
22955,T,220830,110031,60.268379N,24.453529E,46,25.5,107
22956,T,220830,110032,60.268364N,24.453653E,46,25.8,108
22957,T,220830,110033,60.268345N,24.453775E,46,25.9,107
22958,T,220830,110034,60.268326N,24.453901E,46,25.9,107
22959,T,220830,110035,60.268303N,24.454023E,46,25.8,108
22960,T,220830,110036,60.268284N,24.454147E,46,25.5,108
22961,T,220830,110037,60.268265N,24.454268E,46,25.5,108
22962,T,220830,110038,60.268246N,24.454390E,46,25.5,108
22963,T,220830,110039,60.268223N,24.454514E,45,25.7,108
22964,T,220830,110040,60.268204N,24.454636E,45,25.7,108
22965,T,220830,110041,60.268181N,24.454760E,45,25.7,108
22966,T,220830,110042,60.268162N,24.454882E,45,25.8,108
22967,T,220830,110043,60.268139N,24.455004E,44,25.9,108
22968,T,220830,110044,60.268120N,24.455132E,44,26.4,107
22969,T,220830,110045,60.268105N,24.455259E,44,26.7,106
22970,T,220830,110046,60.268085N,24.455393E,44,27.0,106
22971,T,220830,110047,60.268063N,24.455523E,43,27.2,107
22972,T,220830,110048,60.268040N,24.455652E,43,27.2,107
22973,T,220830,110049,60.268021N,24.455784E,43,27.2,108
22974,T,220830,110050,60.267998N,24.455915E,43,27.1,109
22975,T,220830,110051,60.267975N,24.456041E,43,26.5,109
22976,T,220830,110052,60.267952N,24.456163E,43,26.0,110
22977,T,220830,110053,60.267929N,24.456282E,42,25.3,111
22978,T,220830,110054,60.267902N,24.456396E,42,24.8,112
22979,T,220830,110055,60.267879N,24.456507E,42,24.0,114
22980,T,220830,110056,60.267857N,24.456615E,42,23.9,114
22981,T,220830,110057,60.267838N,24.456728E,42,23.9,107
22982,T,220830,110058,60.267818N,24.456846E,42,24.0,104
22983,T,220830,110059,60.267807N,24.456964E,42,23.9,102
22984,T,220830,110100,60.267796N,24.457085E,42,24.5,101
22985,T,220830,110101,60.267780N,24.457207E,41,25.1,103
22986,T,220830,110102,60.267769N,24.457333E,41,25.2,102
22987,T,220830,110103,60.267757N,24.457457E,41,24.7,101
22988,T,220830,110104,60.267738N,24.457577E,40,24.3,103
22989,T,220830,110105,60.267719N,24.457687E,40,22.5,112
22990,T,220830,110106,60.267693N,24.457775E,40,21.2,139
22991,T,220830,110107,60.267647N,24.457838E,40,20.7,145
22992,T,220830,110108,60.267612N,24.457905E,40,19.5,144
22993,T,220830,110109,60.267578N,24.457975E,39,19.5,143
22994,T,220830,110110,60.267548N,24.458052E,39,19.9,141
22995,T,220830,110111,60.267517N,24.458136E,38,21.6,139
22996,T,220830,110112,60.267487N,24.458233E,38,23.2,119
22997,T,220830,110113,60.267464N,24.458338E,38,24.5,111
22998,T,220830,110114,60.267445N,24.458458E,37,25.5,108
22999,T,220830,110115,60.267422N,24.458584E,37,26.6,108
23000,T,220830,110116,60.267399N,24.458714E,36,27.5,109
23001,T,220830,110117,60.267380N,24.458841E,35,27.5,109
23002,T,220830,110118,60.267357N,24.458973E,34,27.5,108
23003,T,220830,110119,60.267330N,24.459105E,34,28.3,109
23004,T,220830,110120,60.267307N,24.459244E,33,28.8,110
23005,T,220830,110121,60.267281N,24.459385E,33,29.3,111
23006,T,220830,110122,60.267246N,24.459524E,33,30.1,112
23007,T,220830,110123,60.267216N,24.459663E,33,30.5,113
23008,T,220830,110124,60.267189N,24.459810E,33,30.6,113
23009,T,220830,110125,60.267159N,24.459953E,33,30.7,112
23010,T,220830,110126,60.267132N,24.460096E,33,30.7,112
23011,T,220830,110127,60.267101N,24.460236E,33,30.3,113
23012,T,220830,110128,60.267071N,24.460377E,33,29.6,113
23013,T,220830,110129,60.267040N,24.460510E,33,28.8,114
23014,T,220830,110130,60.267014N,24.460640E,33,28.2,114
23015,T,220830,110131,60.266979N,24.460766E,33,27.4,114
23016,T,220830,110132,60.266956N,24.460888E,33,26.4,114
23017,T,220830,110133,60.266930N,24.461006E,33,26.3,115
23018,T,220830,110134,60.266899N,24.461124E,33,25.5,115
23019,T,220830,110135,60.266872N,24.461241E,33,25.5,115
23020,T,220830,110136,60.266846N,24.461351E,33,24.5,115
23021,T,220830,110137,60.266819N,24.461464E,33,24.4,115
23022,T,220830,110138,60.266792N,24.461573E,34,24.1,115
23023,T,220830,110139,60.266766N,24.461681E,33,24.1,115
23024,T,220830,110140,60.266739N,24.461794E,33,25.4,116
23025,T,220830,110141,60.266708N,24.461908E,33,25.7,117
23026,T,220830,110142,60.266678N,24.462021E,33,25.2,118
23027,T,220830,110143,60.266647N,24.462132E,33,25.1,117
23028,T,220830,110144,60.266621N,24.462244E,33,25.1,117
23029,T,220830,110145,60.266590N,24.462360E,33,25.2,118
23030,T,220830,110146,60.266560N,24.462473E,33,24.9,118
23031,T,220830,110147,60.266533N,24.462582E,33,24.6,118
23032,T,220830,110148,60.266502N,24.462690E,33,24.5,118
23033,T,220830,110149,60.266472N,24.462795E,33,24.1,119
23034,T,220830,110150,60.266449N,24.462900E,33,23.0,119
23035,T,220830,110151,60.266418N,24.462999E,34,22.5,119
23036,T,220830,110152,60.266392N,24.463097E,34,22.5,120
23037,T,220830,110153,60.266365N,24.463190E,34,21.3,120
23038,T,220830,110154,60.266335N,24.463282E,34,20.9,120
23039,T,220830,110155,60.266312N,24.463375E,34,21.3,121
23040,T,220830,110156,60.266285N,24.463465E,34,20.4,121
23041,T,220830,110157,60.266254N,24.463554E,34,20.5,121
23042,T,220830,110158,60.266232N,24.463642E,34,20.3,121
23043,T,220830,110159,60.266205N,24.463732E,34,20.4,121
23044,T,220830,110200,60.266178N,24.463820E,34,20.8,121
23045,T,220830,110201,60.266148N,24.463909E,34,21.5,122
23046,T,220830,110202,60.266121N,24.464003E,34,21.0,122
23047,T,220830,110203,60.266090N,24.464092E,34,21.6,122
23048,T,220830,110204,60.266064N,24.464184E,34,22.1,122
23049,T,220830,110205,60.266037N,24.464277E,34,22.2,122
23050,T,220830,110206,60.266003N,24.464371E,34,22.2,121
23051,T,220830,110207,60.265976N,24.464464E,35,22.3,122
23052,T,220830,110208,60.265949N,24.464556E,34,22.3,121
23053,T,220830,110209,60.265919N,24.464647E,35,22.2,121
23054,T,220830,110210,60.265892N,24.464741E,35,22.1,122
23055,T,220830,110211,60.265862N,24.464832E,35,21.7,122
23056,T,220830,110212,60.265831N,24.464922E,35,21.3,122
23057,T,220830,110213,60.265804N,24.465010E,35,21.4,123
23058,T,220830,110214,60.265778N,24.465101E,35,21.5,122
23059,T,220830,110215,60.265747N,24.465193E,35,21.3,122
23060,T,220830,110216,60.265720N,24.465282E,35,20.8,121
23061,T,220830,110217,60.265694N,24.465376E,35,21.0,121
23062,T,220830,110218,60.265663N,24.465467E,35,21.8,121
23063,T,220830,110219,60.265633N,24.465557E,35,21.9,121
23064,T,220830,110220,60.265598N,24.465651E,35,21.9,122
23065,T,220830,110221,60.265572N,24.465744E,35,22.8,122
23066,T,220830,110222,60.265545N,24.465841E,35,22.3,122
23067,T,220830,110223,60.265511N,24.465939E,35,23.2,122
23068,T,220830,110224,60.265480N,24.466036E,35,23.3,122
23069,T,220830,110225,60.265450N,24.466131E,35,23.4,122
23070,T,220830,110226,60.265419N,24.466228E,35,23.3,123
23071,T,220830,110227,60.265388N,24.466322E,35,22.6,123
23072,T,220830,110228,60.265354N,24.466415E,35,22.2,123
23073,T,220830,110229,60.265324N,24.466513E,35,22.1,122
23074,T,220830,110230,60.265297N,24.466610E,35,22.2,122
23075,T,220830,110231,60.265263N,24.466703E,35,22.1,122
23076,T,220830,110232,60.265232N,24.466801E,35,22.0,123
23077,T,220830,110233,60.265202N,24.466894E,36,21.9,123
23078,T,220830,110234,60.265167N,24.466984E,36,21.8,123
23079,T,220830,110235,60.265141N,24.467077E,36,21.7,123
23080,T,220830,110236,60.265114N,24.467171E,36,21.7,123
23081,T,220830,110237,60.265083N,24.467264E,37,21.6,122
23082,T,220830,110238,60.265057N,24.467356E,37,21.6,122
23083,T,220830,110239,60.265030N,24.467447E,37,21.5,121
23084,T,220830,110240,60.264996N,24.467541E,37,21.8,121
23085,T,220830,110241,60.264969N,24.467634E,37,21.7,121
23086,T,220830,110242,60.264938N,24.467728E,37,22.6,122
23087,T,220830,110243,60.264908N,24.467827E,37,23.5,122
23088,T,220830,110244,60.264877N,24.467924E,37,23.4,122
23089,T,220830,110245,60.264839N,24.468021E,37,23.1,122
23090,T,220830,110246,60.264812N,24.468117E,37,22.8,122
23091,T,220830,110247,60.264778N,24.468214E,37,22.7,122
23092,T,220830,110248,60.264751N,24.468309E,37,22.7,122
23093,T,220830,110249,60.264721N,24.468407E,37,22.7,122
23094,T,220830,110250,60.264687N,24.468504E,37,22.7,122
23095,T,220830,110251,60.264660N,24.468599E,37,22.6,121
23096,T,220830,110252,60.264629N,24.468699E,37,23.1,122
23097,T,220830,110253,60.264595N,24.468794E,36,23.4,123
23098,T,220830,110254,60.264565N,24.468889E,36,23.5,123
23099,T,220830,110255,60.264530N,24.468988E,36,23.1,123
23100,T,220830,110256,60.264500N,24.469090E,37,23.6,123
23101,T,220830,110257,60.264469N,24.469194E,36,23.6,122
23102,T,220830,110258,60.264435N,24.469294E,36,23.3,122
23103,T,220830,110259,60.264404N,24.469397E,37,23.6,122
23104,T,220830,110300,60.264374N,24.469496E,37,23.5,122
23105,T,220830,110301,60.264339N,24.469593E,37,23.1,122
23106,T,220830,110302,60.264309N,24.469690E,36,23.1,122
23107,T,220830,110303,60.264278N,24.469786E,37,22.6,122
23108,T,220830,110304,60.264248N,24.469881E,37,22.5,122
23109,T,220830,110305,60.264221N,24.469976E,37,22.4,122
23110,T,220830,110306,60.264187N,24.470066E,37,21.9,123
23111,T,220830,110307,60.264156N,24.470156E,37,21.4,123
23112,T,220830,110308,60.264130N,24.470243E,37,21.2,124
23113,T,220830,110309,60.264099N,24.470325E,37,20.3,124
23114,T,220830,110310,60.264072N,24.470409E,37,20.2,124
23115,T,220830,110311,60.264042N,24.470490E,37,19.4,125
23116,T,220830,110312,60.264015N,24.470570E,37,19.4,125
23117,T,220830,110313,60.263988N,24.470646E,37,18.5,124
23118,T,220830,110314,60.263962N,24.470722E,38,17.7,124
23119,T,220830,110315,60.263935N,24.470795E,38,17.1,124
23120,T,220830,110316,60.263912N,24.470861E,38,16.7,124
23121,T,220830,110317,60.263889N,24.470932E,38,16.7,123
23122,T,220830,110318,60.263866N,24.470999E,38,16.0,124
23123,T,220830,110319,60.263844N,24.471064E,37,16.2,124
23124,T,220830,110320,60.263821N,24.471132E,37,16.3,124
23125,T,220830,110321,60.263802N,24.471207E,37,16.9,122
23126,T,220830,110322,60.263775N,24.471279E,37,16.5,123
23127,T,220830,110323,60.263756N,24.471354E,37,17.1,122
23128,T,220830,110324,60.263733N,24.471426E,37,17.1,122
23129,T,220830,110325,60.263714N,24.471516E,37,17.9,121
23130,T,220830,110326,60.263683N,24.471592E,37,17.4,121
23131,T,220830,110327,60.263660N,24.471678E,37,17.4,120
23132,T,220830,110328,60.263638N,24.471756E,37,17.3,121
23133,T,220830,110329,60.263611N,24.471834E,37,17.8,121
23134,T,220830,110330,60.263588N,24.471910E,37,17.3,123
23135,T,220830,110331,60.263565N,24.471989E,37,17.9,123
23136,T,220830,110332,60.263538N,24.472063E,38,17.9,122
23137,T,220830,110333,60.263512N,24.472143E,38,18.0,122
23138,T,220830,110334,60.263489N,24.472216E,37,18.0,122
23139,T,220830,110335,60.263466N,24.472296E,38,18.7,122
23140,T,220830,110336,60.263439N,24.472374E,37,18.8,122
23141,T,220830,110337,60.263412N,24.472456E,37,19.2,122
23142,T,220830,110338,60.263390N,24.472538E,37,19.2,121
23143,T,220830,110339,60.263363N,24.472620E,37,19.5,121
23144,T,220830,110340,60.263336N,24.472704E,37,19.5,121
23145,T,220830,110341,60.263309N,24.472788E,38,19.5,121
23146,T,220830,110342,60.263279N,24.472874E,38,19.1,121
23147,T,220830,110343,60.263256N,24.472954E,38,19.1,122
23148,T,220830,110344,60.263233N,24.473030E,38,19.1,123
23149,T,220830,110345,60.263203N,24.473108E,38,18.6,123
23150,T,220830,110346,60.263180N,24.473186E,38,18.6,123
23151,T,220830,110347,60.263153N,24.473270E,39,18.5,122
23152,T,220830,110348,60.263126N,24.473354E,40,18.6,122
23153,T,220830,110349,60.263100N,24.473429E,40,18.5,123
23154,T,220830,110350,60.263077N,24.473503E,40,18.4,124
23155,T,220830,110351,60.263046N,24.473576E,39,18.4,124
23156,T,220830,110352,60.263020N,24.473658E,40,18.7,125
23157,T,220830,110353,60.262997N,24.473736E,40,18.9,125
23158,T,220830,110354,60.262966N,24.473812E,40,18.8,125
23159,T,220830,110355,60.262939N,24.473888E,40,18.8,125
23160,T,220830,110356,60.262913N,24.473957E,41,18.7,126
23161,T,220830,110357,60.262882N,24.474024E,41,18.7,127
23162,T,220830,110358,60.262856N,24.474096E,41,17.8,128
23163,T,220830,110359,60.262829N,24.474161E,41,17.7,129
23164,T,220830,110400,60.262798N,24.474230E,41,17.1,129
23165,T,220830,110401,60.262772N,24.474295E,41,17.1,129
23166,T,220830,110402,60.262749N,24.474363E,42,17.0,130
23167,T,220830,110403,60.262714N,24.474430E,42,16.5,130
23168,T,220830,110404,60.262688N,24.474495E,43,16.5,130
23169,T,220830,110405,60.262665N,24.474556E,43,16.5,130
23170,T,220830,110406,60.262634N,24.474615E,43,16.5,131
23171,T,220830,110407,60.262608N,24.474676E,43,16.4,131
23172,T,220830,110408,60.262581N,24.474737E,44,16.3,132
23173,T,220830,110409,60.262554N,24.474798E,44,16.0,132
23174,T,220830,110410,60.262527N,24.474855E,44,15.6,133
23175,T,220830,110411,60.262501N,24.474911E,45,15.6,134
23176,T,220830,110412,60.262470N,24.474964E,45,15.6,134
23177,T,220830,110413,60.262447N,24.475021E,45,15.3,134
23178,T,220830,110414,60.262421N,24.475075E,45,15.2,134
23179,T,220830,110415,60.262390N,24.475128E,46,15.2,134
23180,T,220830,110416,60.262367N,24.475183E,46,15.2,134
23181,T,220830,110417,60.262341N,24.475237E,46,14.6,135
23182,T,220830,110418,60.262318N,24.475285E,46,14.2,135
23183,T,220830,110419,60.262287N,24.475334E,46,14.2,135
23184,T,220830,110420,60.262264N,24.475384E,46,14.1,134
23185,T,220830,110421,60.262241N,24.475435E,47,14.0,138
23186,T,220830,110422,60.262211N,24.475479E,47,14.1,136
23187,T,220830,110423,60.262188N,24.475531E,47,14.1,136
23188,T,220830,110424,60.262161N,24.475576E,47,14.1,137
23189,T,220830,110425,60.262135N,24.475624E,48,14.2,137
23190,T,220830,110426,60.262108N,24.475676E,48,14.3,137
23191,T,220830,110427,60.262081N,24.475725E,48,14.4,138
23192,T,220830,110428,60.262051N,24.475777E,48,14.4,138
23193,T,220830,110429,60.262028N,24.475828E,48,14.1,138
23194,T,220830,110430,60.262001N,24.475878E,49,14.0,139
23195,T,220830,110431,60.261971N,24.475927E,49,13.6,139
23196,T,220830,110432,60.261948N,24.475977E,49,13.1,140
23197,T,220830,110433,60.261925N,24.476019E,49,12.4,140
23198,T,220830,110434,60.261902N,24.476063E,49,12.8,140
23199,T,220830,110435,60.261871N,24.476103E,50,13.2,139
23200,T,220830,110436,60.261848N,24.476145E,50,13.7,139
23201,T,220830,110437,60.261826N,24.476189E,50,14.3,139
23202,T,220830,110438,60.261795N,24.476234E,50,14.4,138
23203,T,220830,110439,60.261768N,24.476278E,50,14.0,137
23204,T,220830,110440,60.261753N,24.476332E,50,13.7,136
23205,T,220830,110441,60.261742N,24.476397E,50,12.8,133
23206,T,220830,110442,60.261742N,24.476456E,50,11.7,130
23207,T,220830,110443,60.261738N,24.476517E,50,11.8,126
23208,T,220830,110444,60.261742N,24.476576E,50,11.7,123
23209,T,220830,110445,60.261749N,24.476629E,50,10.2,119
23210,T,220830,110446,60.261749N,24.476669E,50,5.9,116
23211,T,220830,110447,60.261749N,24.476696E,51,5.1,114
23212,T,220830,110448,60.261742N,24.476728E,51,7.4,112
23213,T,220830,110449,60.261742N,24.476772E,51,9.3,110
23214,T,220830,110450,60.261753N,24.476822E,51,10.6,107
23215,T,220830,110451,60.261765N,24.476875E,51,13.5,103
23216,T,220830,110452,60.261784N,24.476934E,52,13.5,98
23217,T,220830,110453,60.261803N,24.476988E,52,12.8,94
23218,T,220830,110454,60.261822N,24.477041E,52,12.3,58
23219,T,220830,110455,60.261833N,24.477093E,52,8.9,78
23220,T,220830,110456,60.261837N,24.477133E,52,6.2,86
23221,T,220830,110457,60.261837N,24.477161E,53,5.4,93
23222,T,220830,110458,60.261848N,24.477196E,53,5.8,91
23223,T,220830,110459,60.261852N,24.477224E,53,5.9,90
23224,T,220830,110500,60.261848N,24.477262E,53,7.8,91
23225,T,220830,110501,60.261848N,24.477310E,53,9.2,89
23226,T,220830,110502,60.261848N,24.477358E,54,8.3,88
23227,T,220830,110503,60.261852N,24.477404E,54,6.7,70
23228,T,220830,110504,60.261860N,24.477446E,55,6.8,67
23229,T,220830,110505,60.261860N,24.477482E,55,6.9,69
23230,T,220830,110506,60.261864N,24.477518E,56,7.3,70
23231,T,220830,110507,60.261871N,24.477554E,56,6.3,68
23232,T,220830,110508,60.261875N,24.477585E,57,6.4,67
23233,T,220830,110509,60.261887N,24.477604E,57,6.8,64
23234,T,220830,110510,60.261902N,24.477631E,57,6.8,63
23235,T,220830,110511,60.261913N,24.477659E,58,8.1,61
23236,T,220830,110512,60.261925N,24.477680E,58,6.2,59
23237,T,220830,110513,60.261940N,24.477694E,58,6.6,56
23238,T,220830,110514,60.261951N,24.477711E,59,6.0,54
23239,T,220830,110515,60.261967N,24.477724E,59,5.4,50
23240,T,220830,110516,60.261978N,24.477736E,59,0.0,50
23241,T,220830,110517,60.261978N,24.477739E,60,0.0,50
23242,T,220830,110518,60.261978N,24.477739E,60,0.0,50
23243,T,220830,110519,60.261978N,24.477741E,60,0.0,50
23244,T,220830,110520,60.261978N,24.477741E,60,0.0,50
23245,T,220830,110521,60.261978N,24.477741E,60,0.0,50
23246,T,220830,110522,60.261978N,24.477737E,60,0.0,50
23247,T,220830,110523,60.261978N,24.477736E,60,0.0,50
23248,T,220830,110524,60.261986N,24.477736E,60,0.0,50
23249,T,220830,110525,60.261990N,24.477749E,60,0.0,50
23250,T,220830,110526,60.261993N,24.477758E,60,0.0,50
23251,T,220830,110527,60.261993N,24.477758E,60,0.0,50
23252,T,220830,110528,60.261993N,24.477757E,60,0.0,50
23253,T,220830,110529,60.261997N,24.477757E,60,0.0,50
23254,T,220830,110530,60.261993N,24.477757E,60,0.0,50
23255,T,220830,110531,60.261993N,24.477757E,60,0.0,50
23256,T,220830,110532,60.261997N,24.477757E,60,0.0,50
23257,T,220830,110533,60.261997N,24.477757E,60,0.0,50
23258,T,220830,110534,60.261997N,24.477757E,60,0.0,50
23259,T,220830,110535,60.261997N,24.477757E,60,0.0,50
23260,T,220830,110536,60.261993N,24.477757E,60,0.0,50
23261,T,220830,110537,60.261993N,24.477755E,60,0.0,50
23262,T,220830,110538,60.261993N,24.477755E,60,0.0,50
23263,T,220830,110539,60.261993N,24.477755E,60,0.0,50
23264,T,220830,110540,60.261993N,24.477755E,60,0.0,50
23265,T,220830,110541,60.261993N,24.477755E,60,0.0,50
23266,T,220830,110542,60.261993N,24.477755E,60,0.0,50
23267,T,220830,110543,60.261993N,24.477755E,60,0.0,50
23268,T,220830,110544,60.261993N,24.477755E,60,0.0,50
23269,T,220830,110545,60.261993N,24.477755E,60,0.0,50
23270,T,220830,110546,60.261993N,24.477755E,60,0.0,50
23271,T,220830,110547,60.261993N,24.477755E,60,0.0,50
23272,T,220830,110548,60.261993N,24.477755E,60,0.0,50
23273,T,220830,110549,60.261993N,24.477755E,60,0.0,50
23274,T,220830,110550,60.261993N,24.477755E,60,0.0,50
23275,T,220830,110551,60.261993N,24.477755E,60,0.0,50
23276,T,220830,110552,60.261993N,24.477755E,60,0.0,50
23277,T,220830,110553,60.261993N,24.477755E,60,0.0,50
23278,T,220830,110554,60.261993N,24.477755E,60,0.0,50
23279,T,220830,110555,60.261993N,24.477755E,60,0.0,50
23280,T,220830,110556,60.261993N,24.477755E,60,0.0,50
23281,T,220830,110557,60.261993N,24.477755E,60,0.0,50
23282,T,220830,110558,60.261993N,24.477755E,60,0.0,50
23283,T,220830,110559,60.261993N,24.477755E,60,0.0,50
23284,T,220830,110600,60.261993N,24.477755E,60,0.0,50
23285,T,220830,110601,60.261993N,24.477755E,60,0.0,50
23286,T,220830,110602,60.261993N,24.477755E,60,0.0,50
23287,T,220830,110603,60.261993N,24.477755E,60,0.0,50
23288,T,220830,110604,60.261993N,24.477755E,60,0.0,50
23289,T,220830,110605,60.261993N,24.477755E,60,0.0,50
23290,T,220830,110606,60.261993N,24.477755E,60,0.0,50
23291,T,220830,110607,60.261993N,24.477755E,60,0.0,50
23292,T,220830,110608,60.261993N,24.477755E,60,0.0,50
23293,T,220830,110609,60.261993N,24.477755E,60,0.0,50
23294,T,220830,110610,60.261993N,24.477755E,60,0.0,50
23295,T,220830,110611,60.261993N,24.477755E,60,0.0,50
23296,T,220830,110612,60.261993N,24.477755E,60,0.0,50
23297,T,220830,110613,60.261993N,24.477755E,60,0.0,50
23298,T,220830,110614,60.261993N,24.477755E,60,0.0,50
23299,T,220830,110615,60.261993N,24.477755E,60,0.0,50
23300,T,220830,110616,60.261993N,24.477755E,60,0.0,50
23301,T,220830,110617,60.261993N,24.477755E,60,0.0,50
23302,T,220830,110618,60.261993N,24.477755E,60,0.0,50
23303,T,220830,110619,60.261993N,24.477755E,60,0.0,50
23304,T,220830,110620,60.261993N,24.477755E,60,0.0,50
23305,T,220830,110621,60.261993N,24.477755E,60,0.0,50
23306,T,220830,110622,60.261993N,24.477755E,60,0.0,50
23307,T,220830,110623,60.261993N,24.477755E,60,0.0,50
23308,T,220830,110624,60.261993N,24.477755E,60,0.0,50
23309,T,220830,110625,60.261993N,24.477755E,60,0.0,50
23310,T,220830,110626,60.261993N,24.477755E,60,0.0,50
23311,T,220830,110627,60.261993N,24.477755E,60,0.0,50
23312,T,220830,110628,60.261993N,24.477755E,60,0.0,50
23313,T,220830,110629,60.261993N,24.477755E,60,0.0,50
23314,T,220830,110630,60.261993N,24.477755E,60,0.0,50
23315,T,220830,110631,60.261993N,24.477755E,60,0.0,50
23316,T,220830,110632,60.261993N,24.477755E,60,0.0,50
23317,T,220830,110633,60.261993N,24.477755E,60,0.0,50
23318,T,220830,110634,60.261993N,24.477755E,60,0.0,50
23319,T,220830,110635,60.261993N,24.477755E,60,0.0,50
23320,T,220830,110636,60.261993N,24.477755E,60,0.0,50
23321,T,220830,110637,60.261993N,24.477755E,60,0.0,50
23322,T,220830,110638,60.261993N,24.477755E,60,0.0,50
23323,T,220830,110639,60.261993N,24.477755E,60,0.0,50
23324,T,220830,110640,60.261993N,24.477755E,60,0.0,50
23325,T,220830,110641,60.261993N,24.477755E,60,0.0,50
23326,T,220830,110642,60.261993N,24.477755E,60,0.0,50
23327,T,220830,110643,60.261993N,24.477755E,60,0.0,50
23328,T,220830,110644,60.261993N,24.477755E,60,0.0,50
23329,T,220830,110645,60.261993N,24.477755E,60,0.0,50
23330,T,220830,110646,60.261993N,24.477755E,60,0.0,50
23331,T,220830,110647,60.261993N,24.477755E,60,0.0,50
23332,T,220830,110648,60.261993N,24.477755E,60,0.0,50
23333,T,220830,110649,60.261993N,24.477755E,60,0.0,50
23334,T,220830,110650,60.261993N,24.477755E,60,0.0,50
23335,T,220830,110651,60.261993N,24.477755E,60,0.0,50
23336,T,220830,110652,60.261993N,24.477755E,60,0.0,50
23337,T,220830,110653,60.261993N,24.477755E,60,0.0,50
23338,T,220830,110654,60.261993N,24.477755E,60,0.0,50
23339,T,220830,110655,60.261993N,24.477755E,60,0.0,50
23340,T,220830,110656,60.261993N,24.477755E,60,0.0,50
23341,T,220830,110657,60.261993N,24.477755E,60,0.0,50
23342,T,220830,110658,60.261993N,24.477755E,60,0.0,50
23343,T,220830,110659,60.261993N,24.477755E,60,0.0,50
23344,T,220830,110700,60.261993N,24.477755E,60,0.0,50
23345,T,220830,110701,60.261993N,24.477755E,60,0.0,50
23346,T,220830,110702,60.261993N,24.477755E,60,0.0,50
23347,T,220830,110703,60.261993N,24.477755E,60,0.0,50
23348,T,220830,110704,60.261993N,24.477755E,60,0.0,50
23349,T,220830,110705,60.261993N,24.477755E,60,0.0,50
23350,T,220830,110706,60.261993N,24.477755E,60,0.0,50
23351,T,220830,110707,60.261993N,24.477755E,60,0.0,50
23352,T,220830,110708,60.261993N,24.477755E,60,0.0,50
23353,T,220830,110709,60.261993N,24.477755E,60,0.0,50
23354,T,220830,110710,60.261993N,24.477755E,60,0.0,50
23355,T,220830,110711,60.261993N,24.477755E,60,0.0,50
23356,T,220830,110712,60.261993N,24.477755E,60,0.0,50
23357,T,220830,110713,60.261993N,24.477755E,60,0.0,50
23358,T,220830,110714,60.261993N,24.477755E,60,0.0,50
23359,T,220830,110715,60.261993N,24.477755E,60,0.0,50
23360,T,220830,110716,60.261993N,24.477755E,60,0.0,50
23361,T,220830,110717,60.261993N,24.477755E,60,0.0,50
23362,T,220830,110718,60.261993N,24.477755E,60,0.0,50
23363,T,220830,110719,60.261993N,24.477755E,60,0.0,50
23364,T,220830,110720,60.261993N,24.477755E,60,0.0,50
23365,T,220830,110721,60.261993N,24.477755E,60,0.0,50
23366,T,220830,110722,60.261993N,24.477755E,60,0.0,50
23367,T,220830,110723,60.261993N,24.477755E,60,0.0,50
23368,T,220830,110724,60.261993N,24.477755E,60,0.0,50
23369,T,220830,110725,60.261993N,24.477755E,60,0.0,50
23370,T,220830,110726,60.261993N,24.477755E,60,0.0,50
23371,T,220830,110727,60.261993N,24.477755E,60,0.0,50
23372,T,220830,110728,60.261993N,24.477755E,60,0.0,50
23373,T,220830,110729,60.261993N,24.477755E,60,0.0,50
23374,T,220830,110730,60.261993N,24.477755E,60,0.0,50
23375,T,220830,110731,60.261993N,24.477755E,60,0.0,50
23376,T,220830,110732,60.261993N,24.477755E,60,0.0,50
23377,T,220830,110733,60.261993N,24.477755E,60,0.0,50
23378,T,220830,110734,60.261993N,24.477755E,60,0.0,50
23379,T,220830,110735,60.261993N,24.477755E,60,0.0,50
23380,T,220830,110736,60.261993N,24.477755E,60,0.0,50
23381,T,220830,110737,60.261993N,24.477755E,60,0.0,50
23382,T,220830,110738,60.261993N,24.477755E,60,0.0,50
23383,T,220830,110739,60.261993N,24.477755E,60,0.0,50
23384,T,220830,110740,60.261993N,24.477755E,60,0.0,50
23385,T,220830,110741,60.261993N,24.477755E,60,0.0,50
23386,T,220830,110742,60.261993N,24.477755E,60,0.0,50
23387,T,220830,110743,60.261993N,24.477755E,60,0.0,50
23388,T,220830,110744,60.261993N,24.477755E,60,0.0,50
23389,T,220830,110745,60.261993N,24.477755E,60,0.0,50
23390,T,220830,110746,60.261993N,24.477755E,60,0.0,50
23391,T,220830,110747,60.261993N,24.477755E,60,0.0,50
23392,T,220830,110748,60.261993N,24.477755E,60,0.0,50
23393,T,220830,110749,60.261993N,24.477755E,60,0.0,50
23394,T,220830,110750,60.261993N,24.477755E,60,0.0,50
23395,T,220830,110751,60.261993N,24.477755E,60,0.0,50
23396,T,220830,110752,60.261993N,24.477755E,60,0.0,50
23397,T,220830,110753,60.261993N,24.477755E,60,0.0,50
23398,T,220830,110754,60.261993N,24.477755E,60,0.0,50
23399,T,220830,110755,60.261993N,24.477755E,60,0.0,50
23400,T,220830,110756,60.261993N,24.477755E,60,0.0,50
23401,T,220830,110757,60.261993N,24.477755E,60,0.0,50
23402,T,220830,110758,60.261993N,24.477755E,60,0.0,50
23403,T,220830,110759,60.261993N,24.477755E,60,0.0,50
23404,T,220830,110800,60.261993N,24.477755E,60,0.0,50
23405,T,220830,110801,60.261993N,24.477755E,60,0.0,50
23406,T,220830,110802,60.261993N,24.477755E,60,0.0,50
23407,T,220830,110803,60.261993N,24.477753E,60,0.0,50
23408,T,220830,110804,60.261993N,24.477753E,60,0.0,50
23409,T,220830,110805,60.261993N,24.477753E,60,0.0,50
23410,T,220830,110806,60.261993N,24.477753E,60,0.0,50
23411,T,220830,110807,60.261993N,24.477753E,60,0.0,50
23412,T,220830,110808,60.261993N,24.477753E,60,0.0,50
23413,T,220830,110809,60.261993N,24.477753E,60,0.0,50
23414,T,220830,110810,60.261993N,24.477753E,60,0.0,50
23415,T,220830,110811,60.261993N,24.477753E,60,0.0,50
23416,T,220830,110812,60.261993N,24.477753E,60,0.0,50
23417,T,220830,110813,60.261993N,24.477753E,60,0.0,50
23418,T,220830,110814,60.261993N,24.477753E,60,0.0,50
23419,T,220830,110815,60.261993N,24.477753E,60,0.0,50
23420,T,220830,110816,60.261993N,24.477753E,60,0.0,50
23421,T,220830,110817,60.261993N,24.477753E,60,0.0,50
23422,T,220830,110818,60.261993N,24.477753E,60,0.0,50
23423,T,220830,110819,60.261993N,24.477753E,60,0.0,50
23424,T,220830,110820,60.261993N,24.477753E,60,0.0,50
23425,T,220830,110821,60.261993N,24.477753E,60,0.0,50
23426,T,220830,110822,60.261993N,24.477753E,60,0.0,50
23427,T,220830,110823,60.261993N,24.477753E,60,0.0,50
23428,T,220830,110824,60.261993N,24.477753E,60,0.0,50
23429,T,220830,110825,60.261993N,24.477753E,60,0.0,50
23430,T,220830,110826,60.261993N,24.477753E,60,0.0,50
23431,T,220830,110827,60.261993N,24.477753E,60,0.0,50
23432,T,220830,110828,60.261993N,24.477753E,60,0.0,50
23433,T,220830,110829,60.261993N,24.477753E,60,0.0,50
23434,T,220830,110830,60.261993N,24.477753E,60,0.0,50
23435,T,220830,110831,60.261993N,24.477753E,60,0.0,50
23436,T,220830,110832,60.261993N,24.477753E,60,0.0,50
23437,T,220830,110833,60.261993N,24.477753E,60,0.0,50
23438,T,220830,110834,60.261993N,24.477753E,60,0.0,50
23439,T,220830,110835,60.261993N,24.477753E,60,0.0,50
23440,T,220830,110836,60.261993N,24.477753E,60,0.0,50
23441,T,220830,110837,60.261993N,24.477753E,60,0.0,50
23442,T,220830,110838,60.261993N,24.477753E,60,0.0,50
23443,T,220830,110839,60.261993N,24.477753E,60,0.0,50
23444,T,220830,110840,60.261990N,24.477743E,60,5.4,233
23445,T,220830,110841,60.261974N,24.477724E,60,6.6,214
23446,T,220830,110842,60.261959N,24.477703E,60,10.7,216
23447,T,220830,110843,60.261940N,24.477659E,60,12.3,218
23448,T,220830,110844,60.261929N,24.477610E,59,10.9,222
23449,T,220830,110845,60.261917N,24.477556E,59,11.5,224
23450,T,220830,110846,60.261909N,24.477507E,59,10.5,228
23451,T,220830,110847,60.261906N,24.477453E,59,10.5,231
23452,T,220830,110848,60.261902N,24.477394E,58,12.9,235
23453,T,220830,110849,60.261890N,24.477318E,58,14.6,238
23454,T,220830,110850,60.261887N,24.477240E,58,17.4,241
23455,T,220830,110851,60.261871N,24.477154E,58,19.0,242
23456,T,220830,110852,60.261852N,24.477070E,58,17.5,243
23457,T,220830,110853,60.261829N,24.476990E,58,18.7,242
23458,T,220830,110854,60.261799N,24.476925E,58,15.9,241
23459,T,220830,110855,60.261772N,24.476875E,58,11.5,240
23460,T,220830,110856,60.261753N,24.476845E,58,9.8,237
23461,T,220830,110857,60.261730N,24.476822E,58,5.9,236
23462,T,220830,110858,60.261719N,24.476797E,58,6.8,234
23463,T,220830,110859,60.261707N,24.476772E,58,6.1,234
23464,T,220830,110900,60.261692N,24.476744E,58,11.4,233
23465,T,220830,110901,60.261665N,24.476715E,59,11.9,231
23466,T,220830,110902,60.261631N,24.476706E,59,14.5,227
23467,T,220830,110903,60.261593N,24.476727E,59,17.5,222
23468,T,220830,110904,60.261551N,24.476776E,59,19.2,216
23469,T,220830,110905,60.261513N,24.476839E,58,20.0,209
23470,T,220830,110906,60.261471N,24.476906E,58,21.0,203
23471,T,220830,110907,60.261429N,24.476974E,58,21.5,196
23472,T,220830,110908,60.261383N,24.477045E,58,22.7,190
23473,T,220830,110909,60.261341N,24.477123E,58,24.0,185
23474,T,220830,110910,60.261295N,24.477207E,58,24.5,180
23475,T,220830,110911,60.261250N,24.477291E,58,24.5,175
23476,T,220830,110912,60.261204N,24.477377E,58,25.1,171
23477,T,220830,110913,60.261162N,24.477465E,58,25.7,167
23478,T,220830,110914,60.261112N,24.477554E,58,26.3,163
23479,T,220830,110915,60.261059N,24.477642E,57,26.7,160
23480,T,220830,110916,60.261009N,24.477730E,57,27.3,157
23481,T,220830,110917,60.260960N,24.477823E,57,27.6,155
23482,T,220830,110918,60.260902N,24.477917E,57,27.7,152
23483,T,220830,110919,60.260853N,24.478012E,57,27.8,150
23484,T,220830,110920,60.260799N,24.478109E,57,28.5,149
23485,T,220830,110921,60.260742N,24.478210E,56,28.5,147
23486,T,220830,110922,60.260693N,24.478312E,56,28.9,146
23487,T,220830,110923,60.260639N,24.478416E,56,29.9,144
23488,T,220830,110924,60.260586N,24.478523E,55,31.1,143
23489,T,220830,110925,60.260529N,24.478638E,55,31.5,142
23490,T,220830,110926,60.260471N,24.478756E,54,32.6,141
23491,T,220830,110927,60.260414N,24.478880E,54,33.5,140
23492,T,220830,110928,60.260361N,24.479008E,53,34.4,139
23493,T,220830,110929,60.260303N,24.479141E,53,35.0,138
23494,T,220830,110930,60.260246N,24.479280E,52,35.6,137
23495,T,220830,110931,60.260193N,24.479422E,52,35.3,136
23496,T,220830,110932,60.260139N,24.479565E,51,35.0,135
23497,T,220830,110933,60.260090N,24.479704E,51,34.3,134
23498,T,220830,110934,60.260036N,24.479843E,51,33.5,133
23499,T,220830,110935,60.259991N,24.479984E,51,32.6,132
23500,T,220830,110936,60.259949N,24.480118E,50,31.7,131
23501,T,220830,110937,60.259903N,24.480249E,51,30.2,130
23502,T,220830,110938,60.259865N,24.480377E,51,29.3,129
23503,T,220830,110939,60.259830N,24.480503E,51,27.7,128
23504,T,220830,110940,60.259796N,24.480631E,51,27.6,127
23505,T,220830,110941,60.259766N,24.480753E,51,26.5,126
23506,T,220830,110942,60.259731N,24.480869E,51,25.5,125
23507,T,220830,110943,60.259705N,24.480984E,52,24.8,124
23508,T,220830,110944,60.259682N,24.481100E,52,23.9,123
23509,T,220830,110945,60.259651N,24.481209E,52,24.3,123
23510,T,220830,110946,60.259628N,24.481316E,52,24.3,122
23511,T,220830,110947,60.259605N,24.481426E,52,23.8,121
23512,T,220830,110948,60.259579N,24.481541E,52,23.7,120
23513,T,220830,110949,60.259560N,24.481649E,52,23.6,119
23514,T,220830,110950,60.259541N,24.481758E,52,23.6,118
23515,T,220830,110951,60.259518N,24.481876E,53,24.0,118
23516,T,220830,110952,60.259491N,24.481991E,53,24.1,117
23517,T,220830,110953,60.259472N,24.482113E,53,25.0,116
23518,T,220830,110954,60.259449N,24.482231E,53,25.1,115
23519,T,220830,110955,60.259434N,24.482351E,52,25.5,114
23520,T,220830,110956,60.259411N,24.482479E,52,25.8,114
23521,T,220830,110957,60.259392N,24.482607E,52,26.0,113
23522,T,220830,110958,60.259377N,24.482735E,51,26.4,112
23523,T,220830,110959,60.259361N,24.482862E,51,26.4,111
23524,T,220830,111000,60.259342N,24.482996E,51,26.9,110
23525,T,220830,111001,60.259327N,24.483130E,51,27.2,110
23526,T,220830,111002,60.259312N,24.483269E,51,27.3,109
23527,T,220830,111003,60.259300N,24.483402E,50,27.4,108
23528,T,220830,111004,60.259281N,24.483540E,50,28.0,107
23529,T,220830,111005,60.259270N,24.483683E,50,28.4,107
23530,T,220830,111006,60.259247N,24.483824E,50,28.8,106
23531,T,220830,111007,60.259235N,24.483969E,50,28.9,106
23532,T,220830,111008,60.259220N,24.484116E,50,29.0,104
23533,T,220830,111009,60.259205N,24.484262E,50,29.1,103
23534,T,220830,111010,60.259190N,24.484406E,50,29.0,101
23535,T,220830,111011,60.259174N,24.484547E,49,28.5,100
23536,T,220830,111012,60.259159N,24.484688E,49,28.9,100
23537,T,220830,111013,60.259144N,24.484837E,49,28.9,100
23538,T,220830,111014,60.259129N,24.484983E,49,29.3,100
23539,T,220830,111015,60.259113N,24.485138E,49,29.4,101
23540,T,220830,111016,60.259094N,24.485289E,50,29.5,101
23541,T,220830,111017,60.259083N,24.485428E,49,29.5,101
23542,T,220830,111018,60.259068N,24.485575E,48,29.5,101
23543,T,220830,111019,60.259052N,24.485718E,48,29.6,101
23544,T,220830,111020,60.259037N,24.485867E,48,30.1,101
23545,T,220830,111021,60.259022N,24.486013E,48,30.1,101
23546,T,220830,111022,60.259003N,24.486158E,48,29.8,102
23547,T,220830,111023,60.258987N,24.486301E,48,29.4,102
23548,T,220830,111024,60.258972N,24.486444E,48,29.1,101
23549,T,220830,111025,60.258961N,24.486584E,48,28.4,101
23550,T,220830,111026,60.258945N,24.486719E,48,27.4,101
23551,T,220830,111027,60.258930N,24.486853E,48,26.6,101
23552,T,220830,111028,60.258915N,24.486982E,48,26.1,101
23553,T,220830,111029,60.258904N,24.487112E,48,26.0,101
23554,T,220830,111030,60.258888N,24.487238E,48,25.5,101
23555,T,220830,111031,60.258877N,24.487362E,48,25.1,101
23556,T,220830,111032,60.258865N,24.487484E,48,25.0,101
23557,T,220830,111033,60.258846N,24.487606E,48,24.5,102
23558,T,220830,111034,60.258835N,24.487724E,48,24.5,102
23559,T,220830,111035,60.258823N,24.487844E,48,24.5,102
23560,T,220830,111036,60.258812N,24.487965E,48,24.6,102
23561,T,220830,111037,60.258801N,24.488087E,48,25.0,102
23562,T,220830,111038,60.258789N,24.488211E,48,25.0,102
23563,T,220830,111039,60.258774N,24.488333E,48,24.5,102
23564,T,220830,111040,60.258759N,24.488455E,48,24.9,101
23565,T,220830,111041,60.258747N,24.488579E,47,25.6,101
23566,T,220830,111042,60.258732N,24.488708E,47,26.5,101
23567,T,220830,111043,60.258720N,24.488840E,47,27.4,101
23568,T,220830,111044,60.258705N,24.488976E,47,28.0,101
23569,T,220830,111045,60.258690N,24.489117E,46,28.8,102
23570,T,220830,111046,60.258675N,24.489254E,46,29.0,101
23571,T,220830,111047,60.258659N,24.489395E,46,29.1,101
23572,T,220830,111048,60.258648N,24.489542E,45,29.5,102
23573,T,220830,111049,60.258633N,24.489691E,45,29.9,102
23574,T,220830,111050,60.258617N,24.489836E,45,30.0,102
23575,T,220830,111051,60.258598N,24.489985E,44,30.0,102
23576,T,220830,111052,60.258583N,24.490133E,44,29.7,101
23577,T,220830,111053,60.258568N,24.490276E,44,29.1,101
23578,T,220830,111054,60.258553N,24.490421E,44,28.3,101
23579,T,220830,111055,60.258537N,24.490561E,44,27.8,101
23580,T,220830,111056,60.258526N,24.490700E,44,27.7,101
23581,T,220830,111057,60.258511N,24.490835E,44,27.3,101
23582,T,220830,111058,60.258495N,24.490969E,44,27.2,101
23583,T,220830,111059,60.258480N,24.491104E,44,26.8,101
23584,T,220830,111100,60.258469N,24.491234E,44,26.3,101
23585,T,220830,111101,60.258457N,24.491358E,44,25.6,102
23586,T,220830,111102,60.258438N,24.491482E,44,23.9,101
23587,T,220830,111103,60.258430N,24.491596E,44,22.9,101
23588,T,220830,111104,60.258419N,24.491705E,45,21.4,101
23589,T,220830,111105,60.258408N,24.491806E,45,20.7,101
23590,T,220830,111106,60.258400N,24.491905E,45,19.9,101
23591,T,220830,111107,60.258389N,24.492004E,45,19.3,101
23592,T,220830,111108,60.258381N,24.492098E,46,19.3,100
23593,T,220830,111109,60.258373N,24.492191E,45,19.4,100
23594,T,220830,111110,60.258362N,24.492290E,45,19.7,99
23595,T,220830,111111,60.258350N,24.492386E,45,19.7,99
23596,T,220830,111112,60.258343N,24.492483E,45,19.6,99
23597,T,220830,111113,60.258331N,24.492588E,45,20.9,100
23598,T,220830,111114,60.258324N,24.492693E,45,20.8,100
23599,T,220830,111115,60.258312N,24.492796E,44,21.8,100
23600,T,220830,111116,60.258301N,24.492905E,44,21.8,101
23601,T,220830,111117,60.258289N,24.493013E,44,22.7,101
23602,T,220830,111118,60.258270N,24.493128E,43,23.6,102
23603,T,220830,111119,60.258255N,24.493244E,43,23.7,102
23604,T,220830,111120,60.258240N,24.493366E,42,25.2,102
23605,T,220830,111121,60.258224N,24.493492E,42,25.5,103
23606,T,220830,111122,60.258209N,24.493622E,41,26.5,103
23607,T,220830,111123,60.258190N,24.493755E,41,28.0,104
23608,T,220830,111124,60.258167N,24.493896E,40,28.7,105
23609,T,220830,111125,60.258152N,24.494036E,40,29.7,105
23610,T,220830,111126,60.258129N,24.494186E,39,30.8,106
23611,T,220830,111127,60.258102N,24.494337E,38,31.0,107
23612,T,220830,111128,60.258080N,24.494492E,38,31.5,107
23613,T,220830,111129,60.258057N,24.494644E,38,31.4,107
23614,T,220830,111130,60.258038N,24.494797E,38,31.0,107
23615,T,220830,111131,60.258011N,24.494946E,38,30.5,107
23616,T,220830,111132,60.257988N,24.495092E,37,29.7,107
23617,T,220830,111133,60.257965N,24.495234E,37,28.7,107
23618,T,220830,111134,60.257938N,24.495373E,37,28.3,108
23619,T,220830,111135,60.257919N,24.495506E,37,28.3,108
23620,T,220830,111136,60.257896N,24.495644E,37,27.9,108
23621,T,220830,111137,60.257874N,24.495775E,38,27.8,108
23622,T,220830,111138,60.257851N,24.495907E,38,27.2,108
23623,T,220830,111139,60.257832N,24.496037E,38,26.7,108
23624,T,220830,111140,60.257809N,24.496161E,38,26.2,108
23625,T,220830,111141,60.257790N,24.496283E,38,25.1,108
23626,T,220830,111142,60.257767N,24.496403E,39,24.1,107
23627,T,220830,111143,60.257751N,24.496515E,39,23.6,108
23628,T,220830,111144,60.257732N,24.496628E,39,23.3,107
23629,T,220830,111145,60.257717N,24.496738E,39,23.3,107
23630,T,220830,111146,60.257702N,24.496847E,39,23.2,107
23631,T,220830,111147,60.257679N,24.496960E,40,23.2,107
23632,T,220830,111148,60.257664N,24.497070E,40,23.2,107
23633,T,220830,111149,60.257648N,24.497183E,40,22.5,108
23634,T,220830,111150,60.257633N,24.497288E,40,21.7,109
23635,T,220830,111151,60.257610N,24.497396E,40,23.2,104
23636,T,220830,111152,60.257599N,24.497503E,41,22.5,105
23637,T,220830,111153,60.257584N,24.497608E,41,21.7,107
23638,T,220830,111154,60.257568N,24.497707E,41,21.4,107
23639,T,220830,111155,60.257549N,24.497807E,41,20.7,109
23640,T,220830,111156,60.257530N,24.497904E,41,20.8,109
23641,T,220830,111157,60.257515N,24.498005E,42,20.9,109
23642,T,220830,111158,60.257496N,24.498100E,41,20.8,109
23643,T,220830,111159,60.257481N,24.498199E,42,20.8,109
23644,T,220830,111200,60.257462N,24.498299E,42,21.0,110
23645,T,220830,111201,60.257439N,24.498398E,42,21.5,110
23646,T,220830,111202,60.257420N,24.498501E,42,21.1,110
23647,T,220830,111203,60.257401N,24.498600E,42,21.7,111
23648,T,220830,111204,60.257381N,24.498705E,42,21.8,112
23649,T,220830,111205,60.257355N,24.498804E,42,22.6,113
23650,T,220830,111206,60.257332N,24.498911E,41,23.3,114
23651,T,220830,111207,60.257309N,24.499016E,41,23.9,115
23652,T,220830,111208,60.257278N,24.499125E,41,23.8,116
23653,T,220830,111209,60.257252N,24.499231E,41,23.8,117
23654,T,220830,111210,60.257225N,24.499338E,41,24.3,118
23655,T,220830,111211,60.257195N,24.499447E,41,25.0,119
23656,T,220830,111212,60.257164N,24.499552E,40,25.2,120
23657,T,220830,111213,60.257130N,24.499662E,40,26.1,121
23658,T,220830,111214,60.257092N,24.499777E,39,27.3,122
23659,T,220830,111215,60.257057N,24.499891E,39,28.0,123
23660,T,220830,111216,60.257011N,24.500008E,38,28.4,125
23661,T,220830,111217,60.256973N,24.500124E,38,28.7,126
23662,T,220830,111218,60.256927N,24.500237E,38,28.4,127
23663,T,220830,111219,60.256886N,24.500347E,37,28.5,128
23664,T,220830,111220,60.256840N,24.500452E,37,29.3,131
23665,T,220830,111221,60.256790N,24.500561E,37,28.5,132
23666,T,220830,111222,60.256744N,24.500660E,37,26.4,133
23667,T,220830,111223,60.256702N,24.500751E,37,25.8,133
23668,T,220830,111224,60.256668N,24.500839E,38,24.5,133
23669,T,220830,111225,60.256634N,24.500933E,39,22.4,132
23670,T,220830,111226,60.256588N,24.501020E,39,23.8,132
23671,T,220830,111227,60.256550N,24.501097E,39,21.7,133
23672,T,220830,111228,60.256512N,24.501160E,39,18.7,134
23673,T,220830,111229,60.256481N,24.501228E,40,19.6,134
23674,T,220830,111230,60.256443N,24.501295E,40,18.1,135
23675,T,220830,111231,60.256413N,24.501358E,40,17.7,135
23676,T,220830,111232,60.256378N,24.501423E,41,17.1,134
23677,T,220830,111233,60.256351N,24.501486E,41,16.6,135
23678,T,220830,111234,60.256321N,24.501549E,41,16.6,135
23679,T,220830,111235,60.256290N,24.501604E,41,14.9,134
23680,T,220830,111236,60.256260N,24.501659E,41,16.0,134
23681,T,220830,111237,60.256229N,24.501720E,42,17.3,140
23682,T,220830,111238,60.256195N,24.501780E,42,15.5,139
23683,T,220830,111239,60.256168N,24.501839E,43,15.6,140
23684,T,220830,111240,60.256142N,24.501896E,43,14.6,139
23685,T,220830,111241,60.256115N,24.501953E,44,14.6,138
23686,T,220830,111242,60.256092N,24.502007E,44,14.5,135
23687,T,220830,111243,60.256065N,24.502064E,45,14.6,134
23688,T,220830,111244,60.256035N,24.502123E,45,15.0,134
23689,T,220830,111245,60.256008N,24.502176E,45,15.1,142
23690,T,220830,111246,60.255978N,24.502228E,45,14.5,141
23691,T,220830,111247,60.255951N,24.502283E,45,14.4,140
23692,T,220830,111248,60.255928N,24.502340E,46,13.5,139
23693,T,220830,111249,60.255909N,24.502390E,46,12.4,138
23694,T,220830,111250,60.255882N,24.502436E,46,12.3,137
23695,T,220830,111251,60.255859N,24.502483E,47,11.6,137
23696,T,220830,111252,60.255836N,24.502529E,47,12.1,136
23697,T,220830,111253,60.255814N,24.502577E,48,11.5,134
23698,T,220830,111254,60.255783N,24.502623E,48,13.6,134
23699,T,220830,111255,60.255760N,24.502674E,48,13.1,134
23700,T,220830,111256,60.255737N,24.502726E,48,14.5,133
23701,T,220830,111257,60.255707N,24.502785E,48,14.6,133
23702,T,220830,111258,60.255680N,24.502844E,49,14.7,135
23703,T,220830,111259,60.255653N,24.502901E,49,15.2,134
23704,T,220830,111300,60.255627N,24.502968E,49,16.6,133
23705,T,220830,111301,60.255596N,24.503033E,49,16.7,133
23706,T,220830,111302,60.255562N,24.503098E,49,16.7,133
23707,T,220830,111303,60.255531N,24.503168E,50,17.6,132
23708,T,220830,111304,60.255501N,24.503239E,49,17.5,132
23709,T,220830,111305,60.255463N,24.503313E,49,18.7,132
23710,T,220830,111306,60.255428N,24.503386E,49,18.8,132
23711,T,220830,111307,60.255390N,24.503462E,49,19.6,133
23712,T,220830,111308,60.255360N,24.503538E,50,19.3,134
23713,T,220830,111309,60.255322N,24.503616E,49,19.7,134
23714,T,220830,111310,60.255283N,24.503693E,49,20.1,134
23715,T,220830,111311,60.255249N,24.503771E,49,20.2,134
23716,T,220830,111312,60.255203N,24.503862E,49,23.1,134
23717,T,220830,111313,60.255161N,24.503954E,48,23.9,134
23718,T,220830,111314,60.255112N,24.504047E,48,25.4,134
23719,T,220830,111315,60.255074N,24.504150E,48,26.5,132
23720,T,220830,111316,60.255024N,24.504257E,47,27.8,131
23721,T,220830,111317,60.254971N,24.504368E,46,29.0,131
23722,T,220830,111318,60.254921N,24.504480E,45,30.0,132
23723,T,220830,111319,60.254860N,24.504593E,44,31.0,133
23724,T,220830,111320,60.254807N,24.504702E,44,31.1,134
23725,T,220830,111321,60.254749N,24.504816E,44,32.5,135
23726,T,220830,111322,60.254688N,24.504938E,43,33.2,134
23727,T,220830,111323,60.254627N,24.505062E,43,33.9,133
23728,T,220830,111324,60.254566N,24.505184E,43,33.5,133
23729,T,220830,111325,60.254513N,24.505310E,42,33.6,132
23730,T,220830,111326,60.254456N,24.505434E,42,32.6,132
23731,T,220830,111327,60.254398N,24.505548E,42,32.0,133
23732,T,220830,111328,60.254345N,24.505657E,42,30.5,133
23733,T,220830,111329,60.254292N,24.505762E,42,28.9,134
23734,T,220830,111330,60.254246N,24.505863E,42,27.3,134
23735,T,220830,111331,60.254196N,24.505964E,42,27.3,134
23736,T,220830,111332,60.254147N,24.506058E,42,27.0,134
23737,T,220830,111333,60.254101N,24.506157E,43,27.0,133
23738,T,220830,111334,60.254051N,24.506252E,42,26.9,134
23739,T,220830,111335,60.254005N,24.506346E,42,26.1,134
23740,T,220830,111336,60.253960N,24.506439E,42,25.1,133
23741,T,220830,111337,60.253918N,24.506533E,42,25.0,133
23742,T,220830,111338,60.253872N,24.506624E,42,25.1,134
23743,T,220830,111339,60.253822N,24.506718E,42,25.5,134
23744,T,220830,111340,60.253780N,24.506809E,42,25.5,134
23745,T,220830,111341,60.253731N,24.506901E,41,25.2,134
23746,T,220830,111342,60.253689N,24.506996E,41,26.1,134
23747,T,220830,111343,60.253639N,24.507093E,41,26.2,133
23748,T,220830,111344,60.253597N,24.507189E,41,26.1,133
23749,T,220830,111345,60.253551N,24.507280E,40,25.2,133
23750,T,220830,111346,60.253513N,24.507374E,40,24.7,133
23751,T,220830,111347,60.253464N,24.507471E,40,25.8,132
23752,T,220830,111348,60.253422N,24.507570E,39,25.5,132
23753,T,220830,111349,60.253372N,24.507668E,39,26.1,132
23754,T,220830,111350,60.253326N,24.507769E,38,26.5,132
23755,T,220830,111351,60.253288N,24.507866E,38,25.9,131
23756,T,220830,111352,60.253239N,24.507977E,38,25.8,130
23757,T,220830,111353,60.253201N,24.508083E,38,25.9,129
23758,T,220830,111354,60.253155N,24.508188E,38,25.8,129
23759,T,220830,111355,60.253120N,24.508291E,37,24.6,127
23760,T,220830,111356,60.253078N,24.508404E,38,25.1,125
23761,T,220830,111357,60.253044N,24.508507E,37,24.8,124
23762,T,220830,111358,60.253014N,24.508615E,38,25.2,123
23763,T,220830,111359,60.252979N,24.508722E,38,23.5,122
23764,T,220830,111400,60.252956N,24.508823E,39,22.2,122
23765,T,220830,111401,60.252930N,24.508917E,39,20.9,121
23766,T,220830,111402,60.252903N,24.509010E,40,19.8,120
23767,T,220830,111403,60.252880N,24.509100E,41,19.7,118
23768,T,220830,111404,60.252857N,24.509184E,41,18.5,117
23769,T,220830,111405,60.252838N,24.509270E,41,17.7,116
23770,T,220830,111406,60.252815N,24.509354E,42,16.8,116
23771,T,220830,111407,60.252796N,24.509436E,42,17.3,115
23772,T,220830,111408,60.252781N,24.509516E,43,16.7,114
23773,T,220830,111409,60.252762N,24.509588E,43,16.0,114
23774,T,220830,111410,60.252743N,24.509661E,43,15.5,114
23775,T,220830,111411,60.252724N,24.509727E,44,15.0,114
23776,T,220830,111412,60.252712N,24.509796E,44,14.6,114
23777,T,220830,111413,60.252697N,24.509863E,44,14.6,113
23778,T,220830,111414,60.252686N,24.509928E,44,14.5,113
23779,T,220830,111415,60.252670N,24.509996E,44,14.5,111
23780,T,220830,111416,60.252659N,24.510061E,44,14.4,110
23781,T,220830,111417,60.252644N,24.510134E,45,14.5,109
23782,T,220830,111418,60.252632N,24.510201E,45,14.5,109
23783,T,220830,111419,60.252621N,24.510267E,45,14.5,109
23784,T,220830,111420,60.252609N,24.510336E,45,14.6,105
23785,T,220830,111421,60.252602N,24.510408E,45,15.0,104
23786,T,220830,111422,60.252590N,24.510477E,45,14.9,106
23787,T,220830,111423,60.252579N,24.510546E,46,14.9,106
23788,T,220830,111424,60.252571N,24.510616E,46,15.1,104
23789,T,220830,111425,60.252567N,24.510689E,46,15.2,103
23790,T,220830,111426,60.252556N,24.510761E,46,15.3,104
23791,T,220830,111427,60.252548N,24.510836E,46,15.3,103
23792,T,220830,111428,60.252541N,24.510916E,46,15.9,103
23793,T,220830,111429,60.252533N,24.510992E,46,15.8,102
23794,T,220830,111430,60.252525N,24.511063E,46,14.3,101
23795,T,220830,111431,60.252522N,24.511131E,47,13.6,88
23796,T,220830,111432,60.252522N,24.511204E,46,15.6,89
23797,T,220830,111433,60.252514N,24.511282E,46,16.2,90
23798,T,220830,111434,60.252502N,24.511364E,46,16.6,91
23799,T,220830,111435,60.252495N,24.511444E,46,16.1,92
23800,T,220830,111436,60.252483N,24.511530E,46,16.8,93
23801,T,220830,111437,60.252476N,24.511614E,46,16.0,94
23802,T,220830,111438,60.252468N,24.511698E,46,17.0,95
23803,T,220830,111439,60.252457N,24.511784E,47,17.0,96
23804,T,220830,111440,60.252445N,24.511868E,47,16.9,99
23805,T,220830,111441,60.252438N,24.511951E,47,16.9,99
23806,T,220830,111442,60.252426N,24.512035E,47,16.6,98
23807,T,220830,111443,60.252415N,24.512123E,47,17.1,103
23808,T,220830,111444,60.252407N,24.512215E,48,17.9,104
23809,T,220830,111445,60.252392N,24.512300E,48,17.5,105
23810,T,220830,111446,60.252384N,24.512388E,48,17.6,100
23811,T,220830,111447,60.252377N,24.512476E,48,16.4,97
23812,T,220830,111448,60.252369N,24.512558E,49,17.2,100
23813,T,220830,111449,60.252365N,24.512644E,49,16.4,97
23814,T,220830,111450,60.252361N,24.512728E,50,16.4,95
23815,T,220830,111451,60.252357N,24.512810E,50,16.3,94
23816,T,220830,111452,60.252354N,24.512894E,50,16.4,96
23817,T,220830,111453,60.252338N,24.512978E,50,17.2,95
23818,T,220830,111454,60.252331N,24.513067E,50,17.7,95
23819,T,220830,111455,60.252323N,24.513161E,51,17.3,96
23820,T,220830,111456,60.252319N,24.513245E,51,16.2,92
23821,T,220830,111457,60.252316N,24.513329E,52,16.2,91
23822,T,220830,111458,60.252316N,24.513412E,53,16.3,92
23823,T,220830,111459,60.252312N,24.513496E,53,16.3,94
23824,T,220830,111500,60.252312N,24.513577E,54,15.8,92
23825,T,220830,111501,60.252308N,24.513659E,54,15.8,91
23826,T,220830,111502,60.252312N,24.513739E,54,14.9,91
23827,T,220830,111503,60.252312N,24.513817E,55,15.4,83
23828,T,220830,111504,60.252316N,24.513903E,55,16.2,83
23829,T,220830,111505,60.252319N,24.513987E,56,16.5,83
23830,T,220830,111506,60.252323N,24.514076E,56,16.6,88
23831,T,220830,111507,60.252327N,24.514160E,56,15.8,88
23832,T,220830,111508,60.252331N,24.514242E,57,15.7,87
23833,T,220830,111509,60.252338N,24.514318E,57,15.4,86
23834,T,220830,111510,60.252342N,24.514397E,57,16.3,85
23835,T,220830,111511,60.252350N,24.514477E,58,15.0,85
23836,T,220830,111512,60.252354N,24.514553E,58,15.1,85
23837,T,220830,111513,60.252354N,24.514631E,58,16.0,84
23838,T,220830,111514,60.252361N,24.514711E,59,15.9,83
23839,T,220830,111515,60.252369N,24.514791E,59,15.9,82
23840,T,220830,111516,60.252377N,24.514866E,59,15.4,71
23841,T,220830,111517,60.252384N,24.514942E,59,14.7,72
23842,T,220830,111518,60.252392N,24.515017E,59,13.9,72
23843,T,220830,111519,60.252396N,24.515085E,59,13.5,75
23844,T,220830,111520,60.252403N,24.515156E,58,13.5,75
23845,T,220830,111521,60.252411N,24.515224E,58,13.4,74
23846,T,220830,111522,60.252415N,24.515287E,58,12.8,76
23847,T,220830,111523,60.252422N,24.515348E,58,11.9,77
23848,T,220830,111524,60.252426N,24.515406E,57,11.9,77
23849,T,220830,111525,60.252438N,24.515478E,57,13.3,77
23850,T,220830,111526,60.252441N,24.515545E,57,13.0,77
23851,T,220830,111527,60.252449N,24.515614E,57,13.1,76
23852,T,220830,111528,60.252457N,24.515680E,58,13.5,74
23853,T,220830,111529,60.252468N,24.515745E,58,13.5,73
23854,T,220830,111530,60.252480N,24.515810E,58,13.2,72
23855,T,220830,111531,60.252487N,24.515877E,57,13.1,72
23856,T,220830,111532,60.252491N,24.515940E,57,13.5,73
23857,T,220830,111533,60.252499N,24.516006E,57,13.4,75
23858,T,220830,111534,60.252514N,24.516073E,57,13.4,76
23859,T,220830,111535,60.252522N,24.516136E,57,13.2,75
23860,T,220830,111536,60.252533N,24.516199E,57,13.3,74
23861,T,220830,111537,60.252541N,24.516264E,57,13.9,78
23862,T,220830,111538,60.252552N,24.516333E,56,13.8,77
23863,T,220830,111539,60.252560N,24.516396E,56,13.9,77
23864,T,220830,111540,60.252571N,24.516466E,57,14.8,75
23865,T,220830,111541,60.252579N,24.516541E,57,14.9,79
23866,T,220830,111542,60.252590N,24.516617E,57,15.9,78
23867,T,220830,111543,60.252602N,24.516697E,57,16.5,77
23868,T,220830,111544,60.252609N,24.516775E,57,16.6,75
23869,T,220830,111545,60.252625N,24.516857E,57,17.0,73
23870,T,220830,111546,60.252636N,24.516945E,57,17.8,75
23871,T,220830,111547,60.252647N,24.517036E,57,18.4,74
23872,T,220830,111548,60.252659N,24.517124E,57,18.8,74
23873,T,220830,111549,60.252670N,24.517220E,57,19.4,75
23874,T,220830,111550,60.252682N,24.517317E,57,19.1,75
23875,T,220830,111551,60.252693N,24.517410E,57,19.0,75
23876,T,220830,111552,60.252705N,24.517506E,57,19.6,76
23877,T,220830,111553,60.252716N,24.517605E,57,19.7,76
23878,T,220830,111554,60.252728N,24.517702E,57,20.0,76
23879,T,220830,111555,60.252739N,24.517801E,57,20.1,77
23880,T,220830,111556,60.252747N,24.517900E,57,20.1,76
23881,T,220830,111557,60.252754N,24.518002E,57,20.2,77
23882,T,220830,111558,60.252762N,24.518105E,58,20.2,78
23883,T,220830,111559,60.252769N,24.518204E,58,19.8,79
23884,T,220830,111600,60.252777N,24.518307E,58,20.6,80
23885,T,220830,111601,60.252785N,24.518410E,58,20.3,81
23886,T,220830,111602,60.252792N,24.518513E,58,20.2,82
23887,T,220830,111603,60.252796N,24.518616E,58,20.8,84
23888,T,220830,111604,60.252800N,24.518724E,58,20.7,84
23889,T,220830,111605,60.252808N,24.518826E,58,20.7,85
23890,T,220830,111606,60.252811N,24.518936E,58,21.5,86
23891,T,220830,111607,60.252815N,24.519045E,59,21.6,87
23892,T,220830,111608,60.252819N,24.519156E,59,21.7,88
23893,T,220830,111609,60.252819N,24.519264E,59,21.6,89
23894,T,220830,111610,60.252815N,24.519377E,58,21.8,92
23895,T,220830,111611,60.252815N,24.519485E,58,21.8,89
23896,T,220830,111612,60.252815N,24.519600E,58,22.1,90
23897,T,220830,111613,60.252815N,24.519714E,58,22.5,91
23898,T,220830,111614,60.252811N,24.519831E,58,22.8,93
23899,T,220830,111615,60.252808N,24.519943E,58,22.8,94
23900,T,220830,111616,60.252800N,24.520063E,58,23.7,96
23901,T,220830,111617,60.252792N,24.520184E,58,24.2,98
23902,T,220830,111618,60.252785N,24.520300E,58,22.7,98
23903,T,220830,111619,60.252781N,24.520416E,58,23.1,98
23904,T,220830,111620,60.252769N,24.520533E,58,23.1,99
23905,T,220830,111621,60.252762N,24.520647E,58,23.1,99
23906,T,220830,111622,60.252750N,24.520763E,57,23.2,100
23907,T,220830,111623,60.252735N,24.520880E,58,23.7,102
23908,T,220830,111624,60.252720N,24.520996E,57,23.5,104
23909,T,220830,111625,60.252701N,24.521114E,56,23.7,105
23910,T,220830,111626,60.252686N,24.521236E,56,24.7,105
23911,T,220830,111627,60.252666N,24.521362E,55,24.1,106
23912,T,220830,111628,60.252647N,24.521488E,55,25.8,105
23913,T,220830,111629,60.252628N,24.521618E,55,25.9,107
23914,T,220830,111630,60.252602N,24.521748E,55,26.7,108
23915,T,220830,111631,60.252571N,24.521877E,54,27.4,110
23916,T,220830,111632,60.252544N,24.522017E,53,28.9,111
23917,T,220830,111633,60.252518N,24.522150E,53,28.5,113
23918,T,220830,111634,60.252487N,24.522278E,52,27.8,113
23919,T,220830,111635,60.252460N,24.522408E,51,27.7,114
23920,T,220830,111636,60.252434N,24.522539E,51,28.7,116
23921,T,220830,111637,60.252396N,24.522669E,51,27.2,116
23922,T,220830,111638,60.252369N,24.522797E,50,26.7,115
23923,T,220830,111639,60.252335N,24.522915E,50,26.4,119
23924,T,220830,111640,60.252304N,24.523031E,50,26.0,119
23925,T,220830,111641,60.252274N,24.523146E,50,26.5,119
23926,T,220830,111642,60.252239N,24.523264E,50,25.6,118
23927,T,220830,111643,60.252209N,24.523378E,50,25.6,118
23928,T,220830,111644,60.252178N,24.523491E,50,25.1,118
23929,T,220830,111645,60.252151N,24.523602E,50,24.6,118
23930,T,220830,111646,60.252121N,24.523706E,51,23.8,118
23931,T,220830,111647,60.252090N,24.523813E,51,23.0,118
23932,T,220830,111648,60.252064N,24.523924E,51,23.9,118
23933,T,220830,111649,60.252033N,24.524035E,52,23.8,118
23934,T,220830,111650,60.252003N,24.524139E,51,23.7,118
23935,T,220830,111651,60.251976N,24.524240E,51,23.1,118
23936,T,220830,111652,60.251949N,24.524342E,51,23.0,118
23937,T,220830,111653,60.251919N,24.524445E,51,23.0,118
23938,T,220830,111654,60.251892N,24.524549E,51,23.0,118
23939,T,220830,111655,60.251865N,24.524656E,51,23.6,118
23940,T,220830,111656,60.251835N,24.524767E,51,24.2,118
23941,T,220830,111657,60.251804N,24.524879E,52,24.8,118
23942,T,220830,111658,60.251778N,24.524998E,51,25.5,118
23943,T,220830,111659,60.251747N,24.525114E,51,26.2,118
23944,T,220830,111700,60.251717N,24.525234E,51,26.3,118
23945,T,220830,111701,60.251686N,24.525360E,51,26.8,118
23946,T,220830,111702,60.251652N,24.525484E,51,27.3,118
23947,T,220830,111703,60.251621N,24.525612E,50,28.2,118
23948,T,220830,111704,60.251579N,24.525742E,50,29.4,119
23949,T,220830,111705,60.251541N,24.525869E,50,29.7,120
23950,T,220830,111706,60.251503N,24.525999E,49,30.5,120
23951,T,220830,111707,60.251465N,24.526129E,48,31.2,121
23952,T,220830,111708,60.251419N,24.526266E,48,32.0,122
23953,T,220830,111709,60.251373N,24.526403E,47,34.1,123
23954,T,220830,111710,60.251324N,24.526545E,47,34.3,125
23955,T,220830,111711,60.251270N,24.526680E,46,34.8,126
23956,T,220830,111712,60.251221N,24.526815E,46,34.7,126
23957,T,220830,111713,60.251167N,24.526955E,46,34.6,128
23958,T,220830,111714,60.251122N,24.527082E,45,32.4,128
23959,T,220830,111715,60.251060N,24.527206E,46,34.8,130
23960,T,220830,111716,60.251003N,24.527325E,45,33.6,131
23961,T,220830,111717,60.250954N,24.527437E,45,29.7,132
23962,T,220830,111718,60.250908N,24.527544E,46,27.9,132
23963,T,220830,111719,60.250858N,24.527645E,46,27.8,132
23964,T,220830,111720,60.250813N,24.527746E,46,26.2,132
23965,T,220830,111721,60.250767N,24.527838E,47,24.9,132
23966,T,220830,111722,60.250729N,24.527929E,47,24.3,132
23967,T,220830,111723,60.250687N,24.528013E,47,22.8,131
23968,T,220830,111724,60.250652N,24.528095E,48,22.7,132
23969,T,220830,111725,60.250610N,24.528173E,48,21.7,132
23970,T,220830,111726,60.250576N,24.528252E,49,21.3,132
23971,T,220830,111727,60.250542N,24.528328E,49,20.3,132
23972,T,220830,111728,60.250507N,24.528404E,49,20.4,132
23973,T,220830,111729,60.250473N,24.528477E,50,19.5,131
23974,T,220830,111730,60.250439N,24.528540E,51,19.4,132
23975,T,220830,111731,60.250408N,24.528606E,51,18.3,132
23976,T,220830,111732,60.250381N,24.528679E,51,18.2,131
23977,T,220830,111733,60.250347N,24.528744E,52,17.6,130
23978,T,220830,111734,60.250317N,24.528816E,52,17.6,130
23979,T,220830,111735,60.250286N,24.528885E,52,17.6,129
23980,T,220830,111736,60.250259N,24.528954E,53,18.2,130
23981,T,220830,111737,60.250229N,24.529024E,53,18.3,130
23982,T,220830,111738,60.250198N,24.529097E,53,18.3,129
23983,T,220830,111739,60.250168N,24.529163E,54,18.3,130
23984,T,220830,111740,60.250141N,24.529230E,54,17.6,129
23985,T,220830,111741,60.250111N,24.529305E,54,17.6,129
23986,T,220830,111742,60.250084N,24.529375E,54,18.6,127
23987,T,220830,111743,60.250061N,24.529453E,54,18.7,126
23988,T,220830,111744,60.250031N,24.529531E,54,18.7,124
23989,T,220830,111745,60.250008N,24.529610E,54,18.7,122
23990,T,220830,111746,60.249985N,24.529686E,54,18.1,122
23991,T,220830,111747,60.249962N,24.529762E,54,18.0,121
23992,T,220830,111748,60.249939N,24.529842E,54,18.0,119
23993,T,220830,111749,60.249916N,24.529924E,54,18.0,118
23994,T,220830,111750,60.249893N,24.530001E,55,18.1,119
23995,T,220830,111751,60.249866N,24.530081E,55,18.4,119
23996,T,220830,111752,60.249844N,24.530163E,55,18.0,119
23997,T,220830,111753,60.249821N,24.530243E,55,18.1,119
23998,T,220830,111754,60.249802N,24.530325E,54,18.0,118
23999,T,220830,111755,60.249775N,24.530403E,54,18.0,117
24000,T,220830,111756,60.249756N,24.530487E,55,18.1,116
24001,T,220830,111757,60.249737N,24.530567E,54,16.8,115
24002,T,220830,111758,60.249722N,24.530647E,54,17.6,114
24003,T,220830,111759,60.249699N,24.530733E,54,17.5,114
24004,T,220830,111800,60.249680N,24.530813E,54,17.5,113
24005,T,220830,111801,60.249660N,24.530905E,54,16.9,114
24006,T,220830,111802,60.249645N,24.530991E,54,18.0,108
24007,T,220830,111803,60.249626N,24.531080E,54,18.9,111
24008,T,220830,111804,60.249607N,24.531174E,54,18.2,109
24009,T,220830,111805,60.249592N,24.531265E,54,19.2,110
24010,T,220830,111806,60.249573N,24.531364E,55,19.2,110
24011,T,220830,111807,60.249554N,24.531460E,55,20.9,113
24012,T,220830,111808,60.249531N,24.531555E,54,19.6,109
24013,T,220830,111809,60.249516N,24.531654E,54,19.7,108
24014,T,220830,111810,60.249500N,24.531752E,55,19.7,109
24015,T,220830,111811,60.249485N,24.531841E,54,19.0,108
24016,T,220830,111812,60.249474N,24.531933E,54,19.0,107
24017,T,220830,111813,60.249454N,24.532024E,54,18.6,106
24018,T,220830,111814,60.249439N,24.532116E,53,19.0,107
24019,T,220830,111815,60.249424N,24.532209E,54,18.6,106
24020,T,220830,111816,60.249409N,24.532305E,54,19.0,107
24021,T,220830,111817,60.249397N,24.532394E,53,18.9,108
24022,T,220830,111818,60.249378N,24.532484E,53,18.9,109
24023,T,220830,111819,60.249363N,24.532576E,53,18.9,109
24024,T,220830,111820,60.249344N,24.532663E,53,18.9,110
24025,T,220830,111821,60.249329N,24.532757E,53,19.2,111
24026,T,220830,111822,60.249310N,24.532848E,52,19.4,110
24027,T,220830,111823,60.249290N,24.532942E,52,19.7,110
24028,T,220830,111824,60.249271N,24.533035E,52,20.0,110
24029,T,220830,111825,60.249256N,24.533136E,51,20.8,110
24030,T,220830,111826,60.249237N,24.533239E,51,21.6,109
24031,T,220830,111827,60.249222N,24.533344E,50,22.1,107
24032,T,220830,111828,60.249203N,24.533449E,50,22.2,106
24033,T,220830,111829,60.249191N,24.533564E,50,22.8,104
24034,T,220830,111830,60.249176N,24.533678E,49,23.4,104
24035,T,220830,111831,60.249161N,24.533802E,49,23.9,104
24036,T,220830,111832,60.249142N,24.533924E,49,24.3,105
24037,T,220830,111833,60.249123N,24.534048E,48,25.1,105
24038,T,220830,111834,60.249104N,24.534174E,48,25.6,107
24039,T,220830,111835,60.249081N,24.534302E,48,26.2,107
24040,T,220830,111836,60.249062N,24.534430E,48,26.2,108
24041,T,220830,111837,60.249039N,24.534557E,48,26.1,108
24042,T,220830,111838,60.249016N,24.534683E,47,26.0,108
24043,T,220830,111839,60.248997N,24.534809E,47,25.7,108
24044,T,220830,111840,60.248978N,24.534933E,47,25.2,107
24045,T,220830,111841,60.248955N,24.535053E,47,25.2,108
24046,T,220830,111842,60.248936N,24.535175E,47,25.2,107
24047,T,220830,111843,60.248917N,24.535299E,47,25.9,107
24048,T,220830,111844,60.248898N,24.535423E,46,26.3,107
24049,T,220830,111845,60.248871N,24.535549E,46,26.7,107
24050,T,220830,111846,60.248848N,24.535679E,46,26.9,108
24051,T,220830,111847,60.248829N,24.535810E,46,27.5,108
24052,T,220830,111848,60.248802N,24.535944E,46,27.6,109
24053,T,220830,111849,60.248779N,24.536079E,46,28.0,109
24054,T,220830,111850,60.248760N,24.536213E,46,28.0,108
24055,T,220830,111851,60.248737N,24.536345E,46,27.5,108
24056,T,220830,111852,60.248714N,24.536478E,46,27.4,107
24057,T,220830,111853,60.248695N,24.536610E,46,27.3,108
24058,T,220830,111854,60.248672N,24.536741E,45,27.2,107
24059,T,220830,111855,60.248653N,24.536873E,45,27.2,108
24060,T,220830,111856,60.248631N,24.537003E,45,27.6,108
24061,T,220830,111857,60.248608N,24.537136E,45,27.7,108
24062,T,220830,111858,60.248592N,24.537270E,45,27.7,106
24063,T,220830,111859,60.248573N,24.537403E,44,28.1,109
24064,T,220830,111900,60.248547N,24.537539E,44,28.2,110
24065,T,220830,111901,60.248524N,24.537668E,44,27.8,108
24066,T,220830,111902,60.248505N,24.537804E,44,28.2,108
24067,T,220830,111903,60.248486N,24.537943E,44,28.3,107
24068,T,220830,111904,60.248459N,24.538076E,44,28.8,108
24069,T,220830,111905,60.248440N,24.538218E,44,28.8,108
24070,T,220830,111906,60.248417N,24.538357E,43,28.8,108
24071,T,220830,111907,60.248390N,24.538500E,44,28.9,108
24072,T,220830,111908,60.248371N,24.538643E,44,28.9,108
24073,T,220830,111909,60.248348N,24.538782E,44,28.7,108
24074,T,220830,111910,60.248329N,24.538919E,44,28.7,108
24075,T,220830,111911,60.248302N,24.539059E,44,28.4,108
24076,T,220830,111912,60.248280N,24.539194E,44,27.7,108
24077,T,220830,111913,60.248260N,24.539324E,44,27.4,108
24078,T,220830,111914,60.248238N,24.539455E,44,27.0,108
24079,T,220830,111915,60.248211N,24.539581E,44,26.2,108
24080,T,220830,111916,60.248192N,24.539703E,44,25.8,108
24081,T,220830,111917,60.248173N,24.539825E,44,25.2,108
24082,T,220830,111918,60.248154N,24.539948E,44,24.8,108
24083,T,220830,111919,60.248127N,24.540064E,43,24.5,108
24084,T,220830,111920,60.248112N,24.540180E,43,24.3,108
24085,T,220830,111921,60.248089N,24.540295E,43,23.9,108
24086,T,220830,111922,60.248074N,24.540407E,43,23.9,108
24087,T,220830,111923,60.248051N,24.540522E,44,23.9,108
24088,T,220830,111924,60.248035N,24.540636E,44,23.9,107
24089,T,220830,111925,60.248016N,24.540754E,44,24.0,107
24090,T,220830,111926,60.248001N,24.540869E,44,24.0,107
24091,T,220830,111927,60.247978N,24.540981E,44,24.0,108
24092,T,220830,111928,60.247959N,24.541096E,44,24.0,108
24093,T,220830,111929,60.247940N,24.541212E,44,24.0,108
24094,T,220830,111930,60.247921N,24.541327E,44,24.1,108
24095,T,220830,111931,60.247898N,24.541445E,44,24.1,107
24096,T,220830,111932,60.247883N,24.541557E,44,22.9,107
24097,T,220830,111933,60.247868N,24.541672E,44,24.0,106
24098,T,220830,111934,60.247849N,24.541786E,44,24.0,107
24099,T,220830,111935,60.247829N,24.541904E,44,24.7,107
24100,T,220830,111936,60.247807N,24.542025E,44,24.1,108
24101,T,220830,111937,60.247787N,24.542143E,44,24.1,108
24102,T,220830,111938,60.247768N,24.542257E,44,24.1,107
24103,T,220830,111939,60.247753N,24.542376E,44,24.1,107
24104,T,220830,111940,60.247730N,24.542488E,44,24.1,108
24105,T,220830,111941,60.247711N,24.542603E,44,23.4,108
24106,T,220830,111942,60.247692N,24.542715E,44,23.4,108
24107,T,220830,111943,60.247677N,24.542824E,44,22.9,108
24108,T,220830,111944,60.247662N,24.542934E,44,22.8,108
24109,T,220830,111945,60.247639N,24.543039E,44,22.2,108
24110,T,220830,111946,60.247620N,24.543144E,44,22.0,108
24111,T,220830,111947,60.247604N,24.543249E,44,22.0,108
24112,T,220830,111948,60.247585N,24.543354E,44,21.6,109
24113,T,220830,111949,60.247566N,24.543455E,44,21.3,109
24114,T,220830,111950,60.247551N,24.543558E,44,20.9,108
24115,T,220830,111951,60.247536N,24.543655E,44,20.7,108
24116,T,220830,111952,60.247520N,24.543753E,44,20.4,107
24117,T,220830,111953,60.247509N,24.543850E,43,20.5,107
24118,T,220830,111954,60.247494N,24.543947E,43,20.4,106
24119,T,220830,111955,60.247478N,24.544050E,43,21.1,106
24120,T,220830,111956,60.247459N,24.544153E,44,21.1,107
24121,T,220830,111957,60.247444N,24.544256E,44,21.5,108
24122,T,220830,111958,60.247429N,24.544359E,44,21.6,107
24123,T,220830,111959,60.247414N,24.544464E,44,21.6,108
24124,T,220830,112000,60.247395N,24.544567E,44,21.9,108
24125,T,220830,112001,60.247379N,24.544672E,44,22.0,108
24126,T,220830,112002,60.247360N,24.544779E,44,22.7,108
24127,T,220830,112003,60.247345N,24.544886E,44,22.7,108
24128,T,220830,112004,60.247326N,24.544992E,44,22.8,108
24129,T,220830,112005,60.247303N,24.545097E,44,22.8,108
24130,T,220830,112006,60.247288N,24.545208E,44,22.9,108
24131,T,220830,112007,60.247272N,24.545319E,44,22.9,107
24132,T,220830,112008,60.247253N,24.545431E,44,23.2,107
24133,T,220830,112009,60.247234N,24.545542E,44,23.0,107
24134,T,220830,112010,60.247215N,24.545652E,44,22.9,108
24135,T,220830,112011,60.247200N,24.545761E,44,22.8,108
24136,T,220830,112012,60.247181N,24.545870E,44,22.7,108
24137,T,220830,112013,60.247166N,24.545979E,44,22.6,108
24138,T,220830,112014,60.247143N,24.546085E,44,22.5,107
24139,T,220830,112015,60.247128N,24.546196E,44,22.4,107
24140,T,220830,112016,60.247112N,24.546305E,44,22.3,107
24141,T,220830,112017,60.247097N,24.546412E,44,22.3,107
24142,T,220830,112018,60.247074N,24.546522E,44,22.7,108
24143,T,220830,112019,60.247059N,24.546631E,44,23.2,107
24144,T,220830,112020,60.247040N,24.546741E,44,23.6,107
24145,T,220830,112021,60.247025N,24.546856E,44,24.3,107
24146,T,220830,112022,60.247005N,24.546974E,44,24.7,107
24147,T,220830,112023,60.246983N,24.547096E,43,25.5,107
24148,T,220830,112024,60.246964N,24.547218E,43,25.9,108
24149,T,220830,112025,60.246944N,24.547342E,43,25.2,108
24150,T,220830,112026,60.246925N,24.547464E,43,25.4,108
24151,T,220830,112027,60.246902N,24.547585E,42,25.3,108
24152,T,220830,112028,60.246883N,24.547705E,42,25.8,108
24153,T,220830,112029,60.246868N,24.547829E,43,25.7,108
24154,T,220830,112030,60.246845N,24.547953E,43,25.7,109
24155,T,220830,112031,60.246822N,24.548073E,42,26.0,109
24156,T,220830,112032,60.246807N,24.548197E,42,26.0,108
24157,T,220830,112033,60.246784N,24.548323E,42,26.9,108
24158,T,220830,112034,60.246769N,24.548449E,41,26.9,107
24159,T,220830,112035,60.246742N,24.548584E,41,27.0,107
24160,T,220830,112036,60.246719N,24.548716E,41,27.1,107
24161,T,220830,112037,60.246700N,24.548843E,42,26.7,108
24162,T,220830,112038,60.246677N,24.548969E,42,26.2,108
24163,T,220830,112039,60.246655N,24.549091E,42,25.7,108
24164,T,220830,112040,60.246635N,24.549206E,42,24.9,108
24165,T,220830,112041,60.246620N,24.549320E,42,24.1,108
24166,T,220830,112042,60.246601N,24.549431E,42,23.2,108
24167,T,220830,112043,60.246578N,24.549538E,42,22.4,108
24168,T,220830,112044,60.246559N,24.549644E,42,21.7,108
24169,T,220830,112045,60.246544N,24.549746E,43,21.3,108
24170,T,220830,112046,60.246529N,24.549847E,43,21.0,107
24171,T,220830,112047,60.246513N,24.549946E,43,20.9,107
24172,T,220830,112048,60.246494N,24.550043E,43,20.6,108
24173,T,220830,112049,60.246479N,24.550142E,43,20.0,108
24174,T,220830,112050,60.246464N,24.550236E,43,19.9,108
24175,T,220830,112051,60.246449N,24.550329E,44,19.1,108
24176,T,220830,112052,60.246437N,24.550419E,44,18.3,107
24177,T,220830,112053,60.246426N,24.550505E,44,18.3,106
24178,T,220830,112054,60.246407N,24.550592E,44,18.8,107
24179,T,220830,112055,60.246395N,24.550682E,44,19.2,107
24180,T,220830,112056,60.246380N,24.550776E,44,19.6,107
24181,T,220830,112057,60.246368N,24.550865E,44,19.7,107
24182,T,220830,112058,60.246353N,24.550964E,44,20.4,108
24183,T,220830,112059,60.246330N,24.551064E,44,21.1,108
24184,T,220830,112100,60.246315N,24.551167E,45,21.6,108
24185,T,220830,112101,60.246300N,24.551270E,44,21.7,108
24186,T,220830,112102,60.246284N,24.551376E,44,22.6,108
24187,T,220830,112103,60.246269N,24.551485E,44,22.8,107
24188,T,220830,112104,60.246250N,24.551598E,44,23.2,106
24189,T,220830,112105,60.246235N,24.551712E,44,23.3,105
24190,T,220830,112106,60.246220N,24.551830E,43,23.9,106
24191,T,220830,112107,60.246197N,24.551952E,44,24.6,107
24192,T,220830,112108,60.246178N,24.552067E,44,24.3,107
24193,T,220830,112109,60.246151N,24.552183E,43,24.3,108
24194,T,220830,112110,60.246128N,24.552303E,43,24.4,109
24195,T,220830,112111,60.246109N,24.552423E,43,24.7,108
24196,T,220830,112112,60.246086N,24.552544E,43,24.8,107
24197,T,220830,112113,60.246071N,24.552664E,43,25.3,108
24198,T,220830,112114,60.246048N,24.552784E,43,25.8,107
24199,T,220830,112115,60.246029N,24.552908E,42,26.1,107
24200,T,220830,112116,60.246010N,24.553036E,42,26.5,108
24201,T,220830,112117,60.245983N,24.553164E,42,26.5,108
24202,T,220830,112118,60.245964N,24.553289E,42,26.4,107
24203,T,220830,112119,60.245945N,24.553415E,42,25.9,108
24204,T,220830,112120,60.245918N,24.553537E,42,25.6,108
24205,T,220830,112121,60.245899N,24.553661E,42,25.5,108
24206,T,220830,112122,60.245880N,24.553780E,41,24.7,108
24207,T,220830,112123,60.245861N,24.553898E,41,24.7,108
24208,T,220830,112124,60.245838N,24.554016E,41,25.3,108
24209,T,220830,112125,60.245819N,24.554142E,41,25.7,108
24210,T,220830,112126,60.245800N,24.554264E,40,26.2,108
24211,T,220830,112127,60.245781N,24.554394E,40,26.7,108
24212,T,220830,112128,60.245762N,24.554523E,40,27.1,108
24213,T,220830,112129,60.245739N,24.554655E,40,27.6,108
24214,T,220830,112130,60.245716N,24.554789E,40,28.3,107
24215,T,220830,112131,60.245697N,24.554922E,40,28.2,107
24216,T,220830,112132,60.245670N,24.555056E,40,28.1,108
24217,T,220830,112133,60.245647N,24.555193E,40,28.2,108
24218,T,220830,112134,60.245628N,24.555328E,40,28.3,108
24219,T,220830,112135,60.245605N,24.555464E,40,28.4,108
24220,T,220830,112136,60.245579N,24.555601E,39,28.8,109
24221,T,220830,112137,60.245556N,24.555740E,39,28.8,109
24222,T,220830,112138,60.245529N,24.555876E,39,28.8,109
24223,T,220830,112139,60.245502N,24.556009E,38,28.8,109
24224,T,220830,112140,60.245480N,24.556145E,38,28.9,110
24225,T,220830,112141,60.245453N,24.556278E,38,29.0,111
24226,T,220830,112142,60.245419N,24.556416E,38,29.0,112
24227,T,220830,112143,60.245392N,24.556547E,38,29.0,112
24228,T,220830,112144,60.245369N,24.556671E,37,28.4,113
24229,T,220830,112145,60.245338N,24.556799E,37,27.6,114
24230,T,220830,112146,60.245308N,24.556925E,37,26.7,115
24231,T,220830,112147,60.245277N,24.557043E,37,25.9,116
24232,T,220830,112148,60.245247N,24.557158E,38,25.5,117
24233,T,220830,112149,60.245216N,24.557274E,38,25.2,119
24234,T,220830,112150,60.245186N,24.557384E,38,25.0,120
24235,T,220830,112151,60.245152N,24.557487E,38,24.6,121
24236,T,220830,112152,60.245117N,24.557592E,38,24.6,122
24237,T,220830,112153,60.245083N,24.557693E,38,24.5,123
24238,T,220830,112154,60.245052N,24.557796E,38,23.9,123
24239,T,220830,112155,60.245014N,24.557892E,38,24.0,124
24240,T,220830,112156,60.244984N,24.557989E,38,24.4,124
24241,T,220830,112157,60.244953N,24.558092E,38,24.4,124
24242,T,220830,112158,60.244915N,24.558191E,38,24.4,124
24243,T,220830,112159,60.244881N,24.558292E,37,24.3,124
24244,T,220830,112200,60.244846N,24.558392E,37,23.9,124
24245,T,220830,112201,60.244812N,24.558491E,37,23.8,124
24246,T,220830,112202,60.244781N,24.558586E,37,23.8,124
24247,T,220830,112203,60.244747N,24.558685E,38,23.8,124
24248,T,220830,112204,60.244713N,24.558788E,38,23.9,124
24249,T,220830,112205,60.244678N,24.558887E,38,24.3,123
24250,T,220830,112206,60.244644N,24.558992E,38,24.4,123
24251,T,220830,112207,60.244614N,24.559093E,38,24.4,123
24252,T,220830,112208,60.244576N,24.559200E,38,24.5,124
24253,T,220830,112209,60.244541N,24.559303E,38,24.6,124
24254,T,220830,112210,60.244503N,24.559406E,38,24.5,124
24255,T,220830,112211,60.244473N,24.559509E,38,24.5,124
24256,T,220830,112212,60.244438N,24.559610E,38,24.0,123
24257,T,220830,112213,60.244404N,24.559706E,38,23.5,123
24258,T,220830,112214,60.244373N,24.559805E,38,23.0,124
24259,T,220830,112215,60.244339N,24.559898E,38,23.0,123
24260,T,220830,112216,60.244308N,24.559990E,38,22.0,124
24261,T,220830,112217,60.244282N,24.560080E,38,22.0,123
24262,T,220830,112218,60.244247N,24.560171E,38,22.0,123
24263,T,220830,112219,60.244221N,24.560265E,38,22.2,122
24264,T,220830,112220,60.244186N,24.560360E,38,22.5,121
24265,T,220830,112221,60.244160N,24.560455E,38,22.9,121
24266,T,220830,112222,60.244129N,24.560556E,38,23.3,120
24267,T,220830,112223,60.244099N,24.560658E,38,23.8,119
24268,T,220830,112224,60.244072N,24.560764E,38,23.9,118
24269,T,220830,112225,60.244045N,24.560869E,38,23.9,117
24270,T,220830,112226,60.244015N,24.560978E,38,24.1,117
24271,T,220830,112227,60.243988N,24.561085E,38,24.1,117
24272,T,220830,112228,60.243961N,24.561193E,38,23.7,117
24273,T,220830,112229,60.243935N,24.561304E,37,24.2,111
24274,T,220830,112230,60.243916N,24.561417E,37,22.9,109
24275,T,220830,112231,60.243900N,24.561527E,37,23.8,108
24276,T,220830,112232,60.243881N,24.561644E,37,23.7,107
24277,T,220830,112233,60.243862N,24.561758E,37,23.8,107
24278,T,220830,112234,60.243847N,24.561872E,37,23.9,107
24279,T,220830,112235,60.243832N,24.561987E,38,23.8,106
24280,T,220830,112236,60.243813N,24.562099E,38,23.3,106
24281,T,220830,112237,60.243801N,24.562214E,38,22.9,104
24282,T,220830,112238,60.243786N,24.562326E,38,22.9,103
24283,T,220830,112239,60.243774N,24.562437E,38,22.9,102
24284,T,220830,112240,60.243767N,24.562551E,38,22.9,100
24285,T,220830,112241,60.243755N,24.562664E,38,22.9,99
24286,T,220830,112242,60.243752N,24.562778E,38,22.8,98
24287,T,220830,112243,60.243744N,24.562893E,38,22.5,98
24288,T,220830,112244,60.243736N,24.563004E,39,22.2,96
24289,T,220830,112245,60.243736N,24.563112E,39,21.8,95
24290,T,220830,112246,60.243732N,24.563219E,39,21.3,93
24291,T,220830,112247,60.243729N,24.563324E,39,21.2,92
24292,T,220830,112248,60.243729N,24.563435E,39,21.2,91
24293,T,220830,112249,60.243729N,24.563540E,39,20.9,91
24294,T,220830,112250,60.243729N,24.563644E,39,21.0,90
24295,T,220830,112251,60.243729N,24.563747E,39,20.9,89
24296,T,220830,112252,60.243729N,24.563852E,39,20.6,89
24297,T,220830,112253,60.243729N,24.563955E,40,20.6,89
24298,T,220830,112254,60.243729N,24.564058E,40,20.1,88
24299,T,220830,112255,60.243729N,24.564157E,40,20.0,87
24300,T,220830,112256,60.243732N,24.564259E,40,19.7,87
24301,T,220830,112257,60.243736N,24.564356E,40,19.4,85
24302,T,220830,112258,60.243740N,24.564453E,40,19.3,84
24303,T,220830,112259,60.243748N,24.564550E,40,19.2,84
24304,T,220830,112300,60.243752N,24.564644E,40,18.5,84
24305,T,220830,112301,60.243755N,24.564735E,40,18.5,84
24306,T,220830,112302,60.243759N,24.564823E,40,18.0,84
24307,T,220830,112303,60.243763N,24.564915E,40,17.9,84
24308,T,220830,112304,60.243771N,24.565002E,40,18.0,83
24309,T,220830,112305,60.243778N,24.565088E,41,17.5,82
24310,T,220830,112306,60.243790N,24.565176E,41,18.6,80
24311,T,220830,112307,60.243801N,24.565264E,41,18.2,78
24312,T,220830,112308,60.243809N,24.565351E,41,18.5,78
24313,T,220830,112309,60.243820N,24.565439E,41,18.5,75
24314,T,220830,112310,60.243835N,24.565523E,40,18.5,73
24315,T,220830,112311,60.243855N,24.565617E,40,19.0,73
24316,T,220830,112312,60.243874N,24.565706E,40,19.0,76
24317,T,220830,112313,60.243889N,24.565798E,41,19.0,74
24318,T,220830,112314,60.243908N,24.565886E,42,19.0,65
24319,T,220830,112315,60.243927N,24.565975E,42,19.3,68
24320,T,220830,112316,60.243938N,24.566071E,42,19.4,71
24321,T,220830,112317,60.243961N,24.566164E,42,19.5,70
24322,T,220830,112318,60.243980N,24.566254E,42,19.2,70
24323,T,220830,112319,60.243996N,24.566343E,42,19.1,70
24324,T,220830,112320,60.244011N,24.566437E,42,19.2,68
24325,T,220830,112321,60.244034N,24.566525E,42,19.2,67
24326,T,220830,112322,60.244049N,24.566614E,42,19.3,67
24327,T,220830,112323,60.244061N,24.566706E,42,19.4,69
24328,T,220830,112324,60.244076N,24.566799E,42,19.4,69
24329,T,220830,112325,60.244095N,24.566896E,42,19.7,70
24330,T,220830,112326,60.244110N,24.566988E,42,19.8,69
24331,T,220830,112327,60.244129N,24.567081E,41,19.9,69
24332,T,220830,112328,60.244148N,24.567177E,41,20.2,68
24333,T,220830,112329,60.244164N,24.567270E,41,20.2,68
24334,T,220830,112330,60.244179N,24.567364E,41,20.3,68
24335,T,220830,112331,60.244202N,24.567463E,41,20.5,68
24336,T,220830,112332,60.244221N,24.567558E,41,20.6,68
24337,T,220830,112333,60.244240N,24.567654E,41,20.6,68
24338,T,220830,112334,60.244259N,24.567751E,41,20.7,68
24339,T,220830,112335,60.244274N,24.567850E,41,20.9,68
24340,T,220830,112336,60.244297N,24.567947E,41,21.0,68
24341,T,220830,112337,60.244312N,24.568048E,41,21.3,69
24342,T,220830,112338,60.244331N,24.568150E,41,21.5,70
24343,T,220830,112339,60.244347N,24.568254E,41,21.9,71
24344,T,220830,112340,60.244366N,24.568357E,41,22.3,72
24345,T,220830,112341,60.244381N,24.568464E,41,22.4,73
24346,T,220830,112342,60.244396N,24.568577E,41,22.9,73
24347,T,220830,112343,60.244408N,24.568686E,41,23.0,74
24348,T,220830,112344,60.244419N,24.568802E,41,23.6,76
24349,T,220830,112345,60.244431N,24.568920E,41,23.6,78
24350,T,220830,112346,60.244446N,24.569038E,41,24.2,79
24351,T,220830,112347,60.244457N,24.569160E,40,24.5,80
24352,T,220830,112348,60.244465N,24.569284E,40,24.9,81
24353,T,220830,112349,60.244476N,24.569408E,40,25.0,82
24354,T,220830,112350,60.244480N,24.569534E,40,25.3,83
24355,T,220830,112351,60.244488N,24.569662E,40,25.9,85
24356,T,220830,112352,60.244488N,24.569794E,40,26.2,85
24357,T,220830,112353,60.244492N,24.569925E,40,26.5,87
24358,T,220830,112354,60.244495N,24.570063E,39,26.9,87
24359,T,220830,112355,60.244499N,24.570196E,39,26.8,87
24360,T,220830,112356,60.244499N,24.570332E,39,26.9,87
24361,T,220830,112357,60.244503N,24.570471E,39,27.3,88
24362,T,220830,112358,60.244503N,24.570608E,39,27.3,89
24363,T,220830,112359,60.244503N,24.570745E,39,27.3,89
24364,T,220830,112400,60.244503N,24.570887E,38,27.2,88
24365,T,220830,112401,60.244507N,24.571026E,38,28.1,89
24366,T,220830,112402,60.244503N,24.571165E,37,27.7,89
24367,T,220830,112403,60.244507N,24.571306E,37,28.3,89
24368,T,220830,112404,60.244507N,24.571457E,37,29.3,89
24369,T,220830,112405,60.244503N,24.571602E,37,29.6,90
24370,T,220830,112406,60.244503N,24.571754E,36,30.0,90
24371,T,220830,112407,60.244503N,24.571909E,36,31.1,91
24372,T,220830,112408,60.244499N,24.572065E,35,31.4,91
24373,T,220830,112409,60.244499N,24.572224E,35,31.3,91
24374,T,220830,112410,60.244495N,24.572384E,35,32.1,92
24375,T,220830,112411,60.244488N,24.572550E,35,32.1,93
24376,T,220830,112412,60.244480N,24.572714E,34,32.1,95
24377,T,220830,112413,60.244473N,24.572872E,34,31.2,96
24378,T,220830,112414,60.244461N,24.573036E,34,31.2,97
24379,T,220830,112415,60.244450N,24.573191E,34,30.0,97
24380,T,220830,112416,60.244434N,24.573338E,35,29.0,99
24381,T,220830,112417,60.244419N,24.573479E,35,28.1,99
24382,T,220830,112418,60.244408N,24.573616E,35,27.7,101
24383,T,220830,112419,60.244392N,24.573744E,36,26.4,102
24384,T,220830,112420,60.244381N,24.573874E,36,25.4,103
24385,T,220830,112421,60.244366N,24.573996E,37,24.2,103
24386,T,220830,112422,60.244350N,24.574106E,37,23.0,104
24387,T,220830,112423,60.244335N,24.574221E,37,23.3,105
24388,T,220830,112424,60.244320N,24.574329E,38,22.0,106
24389,T,220830,112425,60.244308N,24.574436E,38,21.3,105
24390,T,220830,112426,60.244297N,24.574535E,38,20.3,103
24391,T,220830,112427,60.244282N,24.574631E,37,20.4,108
24392,T,220830,112428,60.244259N,24.574724E,38,19.6,113
24393,T,220830,112429,60.244244N,24.574812E,38,18.0,112
24394,T,220830,112430,60.244232N,24.574900E,37,19.1,111
24395,T,220830,112431,60.244213N,24.574989E,37,19.0,108
24396,T,220830,112432,60.244198N,24.575075E,37,18.6,111
24397,T,220830,112433,60.244179N,24.575165E,37,18.7,109
24398,T,220830,112434,60.244164N,24.575260E,37,19.5,108
24399,T,220830,112435,60.244148N,24.575359E,37,21.0,109
24400,T,220830,112436,60.244129N,24.575457E,37,21.0,110
24401,T,220830,112437,60.244106N,24.575556E,37,21.4,110
24402,T,220830,112438,60.244087N,24.575661E,37,22.0,110
24403,T,220830,112439,60.244068N,24.575766E,38,22.3,110
24404,T,220830,112440,60.244049N,24.575872E,38,22.6,110
24405,T,220830,112441,60.244026N,24.575974E,37,22.5,110
24406,T,220830,112442,60.244007N,24.576077E,36,22.5,110
24407,T,220830,112443,60.243984N,24.576181E,36,22.6,110
24408,T,220830,112444,60.243961N,24.576286E,35,22.7,110
24409,T,220830,112445,60.243938N,24.576397E,35,22.6,110
24410,T,220830,112446,60.243919N,24.576504E,35,22.7,110
24411,T,220830,112447,60.243896N,24.576616E,35,23.0,111
24412,T,220830,112448,60.243874N,24.576729E,35,23.6,111
24413,T,220830,112449,60.243851N,24.576843E,35,23.7,111
24414,T,220830,112450,60.243828N,24.576960E,34,24.4,111
24415,T,220830,112451,60.243809N,24.577076E,34,24.5,110
24416,T,220830,112452,60.243786N,24.577192E,34,24.6,110
24417,T,220830,112453,60.243763N,24.577311E,34,24.6,110
24418,T,220830,112454,60.243740N,24.577431E,34,24.6,110
24419,T,220830,112455,60.243721N,24.577543E,34,24.5,110
24420,T,220830,112456,60.243694N,24.577662E,34,24.5,111
24421,T,220830,112457,60.243675N,24.577776E,34,24.4,111
24422,T,220830,112458,60.243652N,24.577888E,33,24.3,111
24423,T,220830,112459,60.243633N,24.577999E,33,23.9,111
24424,T,220830,112500,60.243607N,24.578112E,33,23.9,111
24425,T,220830,112501,60.243587N,24.578224E,33,23.6,110
24426,T,220830,112502,60.243568N,24.578337E,33,23.5,109
24427,T,220830,112503,60.243549N,24.578445E,33,23.4,108
24428,T,220830,112504,60.243526N,24.578558E,33,22.9,107
24429,T,220830,112505,60.243511N,24.578671E,33,23.1,108
24430,T,220830,112506,60.243492N,24.578775E,33,23.2,108
24431,T,220830,112507,60.243473N,24.578890E,33,23.6,110
24432,T,220830,112508,60.243446N,24.579002E,33,24.1,110
24433,T,220830,112509,60.243427N,24.579119E,33,24.0,111
24434,T,220830,112510,60.243408N,24.579233E,33,24.4,111
24435,T,220830,112511,60.243385N,24.579348E,34,24.3,111
24436,T,220830,112512,60.243362N,24.579462E,33,24.3,110
24437,T,220830,112513,60.243340N,24.579576E,33,24.4,110
24438,T,220830,112514,60.243320N,24.579685E,33,24.5,110
24439,T,220830,112515,60.243298N,24.579803E,33,24.8,110
24440,T,220830,112516,60.243271N,24.579924E,33,24.8,110
24441,T,220830,112517,60.243248N,24.580042E,33,24.7,110
24442,T,220830,112518,60.243229N,24.580156E,33,24.6,110
24443,T,220830,112519,60.243210N,24.580271E,33,24.2,110
24444,T,220830,112520,60.243183N,24.580381E,33,23.8,110
24445,T,220830,112521,60.243164N,24.580496E,33,23.7,110
24446,T,220830,112522,60.243141N,24.580605E,33,23.7,111
24447,T,220830,112523,60.243118N,24.580715E,33,23.8,111
24448,T,220830,112524,60.243099N,24.580832E,33,24.2,111
24449,T,220830,112525,60.243080N,24.580944E,33,24.2,110
24450,T,220830,112526,60.243061N,24.581060E,33,24.3,109
24451,T,220830,112527,60.243038N,24.581175E,33,24.3,109
24452,T,220830,112528,60.243015N,24.581289E,33,24.4,110
24453,T,220830,112529,60.242992N,24.581406E,33,24.5,110
24454,T,220830,112530,60.242973N,24.581522E,32,24.8,110
24455,T,220830,112531,60.242950N,24.581635E,31,24.7,111
24456,T,220830,112532,60.242928N,24.581753E,31,25.7,110
24457,T,220830,112533,60.242912N,24.581873E,31,25.2,110
24458,T,220830,112534,60.242889N,24.581989E,30,25.1,109
24459,T,220830,112535,60.242867N,24.582111E,30,25.1,109
24460,T,220830,112536,60.242847N,24.582233E,30,25.7,109
24461,T,220830,112537,60.242821N,24.582355E,30,26.9,110
24462,T,220830,112538,60.242798N,24.582483E,29,27.7,111
24463,T,220830,112539,60.242767N,24.582617E,29,28.3,111
24464,T,220830,112540,60.242741N,24.582752E,29,29.1,111
24465,T,220830,112541,60.242718N,24.582893E,29,30.3,110
24466,T,220830,112542,60.242687N,24.583036E,28,30.9,110
24467,T,220830,112543,60.242661N,24.583183E,28,31.2,110
24468,T,220830,112544,60.242634N,24.583330E,27,31.8,110
24469,T,220830,112545,60.242603N,24.583485E,26,31.8,111
24470,T,220830,112546,60.242573N,24.583635E,26,31.7,110
24471,T,220830,112547,60.242542N,24.583792E,25,31.8,110
24472,T,220830,112548,60.242512N,24.583948E,25,32.7,111
24473,T,220830,112549,60.242481N,24.584101E,24,32.2,112
24474,T,220830,112550,60.242447N,24.584251E,24,33.0,112
24475,T,220830,112551,60.242413N,24.584404E,23,33.3,113
24476,T,220830,112552,60.242378N,24.584562E,23,33.3,113
24477,T,220830,112553,60.242344N,24.584717E,22,33.3,114
24478,T,220830,112554,60.242310N,24.584864E,22,33.4,115
24479,T,220830,112555,60.242271N,24.585016E,21,33.8,115
24480,T,220830,112556,60.242237N,24.585173E,21,33.9,116
24481,T,220830,112557,60.242195N,24.585323E,20,34.3,116
24482,T,220830,112558,60.242157N,24.585476E,20,34.4,116
24483,T,220830,112559,60.242115N,24.585627E,19,34.7,118
24484,T,220830,112600,60.242073N,24.585777E,18,35.0,119
24485,T,220830,112601,60.242027N,24.585932E,18,35.1,119
24486,T,220830,112602,60.241989N,24.586086E,17,35.0,119
24487,T,220830,112603,60.241943N,24.586243E,17,34.7,119
24488,T,220830,112604,60.241905N,24.586393E,17,34.1,119
24489,T,220830,112605,60.241859N,24.586536E,16,33.2,119
24490,T,220830,112606,60.241821N,24.586676E,16,31.6,120
24491,T,220830,112607,60.241783N,24.586807E,15,29.9,119
24492,T,220830,112608,60.241749N,24.586937E,15,28.7,119
24493,T,220830,112609,60.241714N,24.587055E,15,27.2,120
24494,T,220830,112610,60.241684N,24.587168E,15,25.5,120
24495,T,220830,112611,60.241653N,24.587276E,15,24.5,120
24496,T,220830,112612,60.241619N,24.587383E,15,24.1,120
24497,T,220830,112613,60.241592N,24.587486E,15,23.8,120
24498,T,220830,112614,60.241562N,24.587589E,15,23.7,120
24499,T,220830,112615,60.241528N,24.587692E,15,24.4,120
24500,T,220830,112616,60.241497N,24.587782E,14,23.5,120
24501,T,220830,112617,60.241470N,24.587875E,14,22.5,120
24502,T,220830,112618,60.241444N,24.587969E,14,22.2,120
24503,T,220830,112619,60.241417N,24.588064E,15,21.9,120
24504,T,220830,112620,60.241386N,24.588160E,15,22.0,119
24505,T,220830,112621,60.241360N,24.588257E,15,22.5,120
24506,T,220830,112622,60.241333N,24.588354E,15,21.9,119
24507,T,220830,112623,60.241302N,24.588449E,15,22.3,119
24508,T,220830,112624,60.241280N,24.588547E,15,21.7,119
24509,T,220830,112625,60.241249N,24.588640E,15,21.1,119
24510,T,220830,112626,60.241222N,24.588734E,16,20.8,119
24511,T,220830,112627,60.241199N,24.588825E,16,20.8,119
24512,T,220830,112628,60.241173N,24.588919E,16,21.1,119
24513,T,220830,112629,60.241150N,24.589012E,16,21.1,119
24514,T,220830,112630,60.241119N,24.589104E,16,21.1,119
24515,T,220830,112631,60.241096N,24.589195E,16,21.0,120
24516,T,220830,112632,60.241070N,24.589285E,17,21.0,120
24517,T,220830,112633,60.241039N,24.589376E,17,20.6,120
24518,T,220830,112634,60.241016N,24.589464E,17,20.1,120
24519,T,220830,112635,60.240993N,24.589550E,17,20.0,120
24520,T,220830,112636,60.240967N,24.589636E,17,19.7,120
24521,T,220830,112637,60.240940N,24.589720E,17,19.4,120
24522,T,220830,112638,60.240917N,24.589802E,17,18.9,120
24523,T,220830,112639,60.240894N,24.589884E,17,18.9,119
24524,T,220830,112640,60.240871N,24.589964E,17,17.7,119
24525,T,220830,112641,60.240849N,24.590042E,17,19.1,120
24526,T,220830,112642,60.240826N,24.590122E,17,18.4,120
24527,T,220830,112643,60.240799N,24.590204E,17,19.2,121
24528,T,220830,112644,60.240776N,24.590290E,17,20.3,121
24529,T,220830,112645,60.240753N,24.590372E,17,19.1,122
24530,T,220830,112646,60.240723N,24.590456E,17,20.0,122
24531,T,220830,112647,60.240696N,24.590544E,17,20.3,123
24532,T,220830,112648,60.240673N,24.590635E,18,20.7,123
24533,T,220830,112649,60.240643N,24.590721E,18,20.8,124
24534,T,220830,112650,60.240612N,24.590811E,18,21.0,123
24535,T,220830,112651,60.240585N,24.590899E,18,20.9,124
24536,T,220830,112652,60.240555N,24.590984E,19,20.9,124
24537,T,220830,112653,60.240524N,24.591066E,19,20.5,125
24538,T,220830,112654,60.240498N,24.591150E,19,20.2,125
24539,T,220830,112655,60.240467N,24.591232E,19,19.7,125
24540,T,220830,112656,60.240440N,24.591311E,19,19.5,126
24541,T,220830,112657,60.240410N,24.591385E,20,19.2,127
24542,T,220830,112658,60.240376N,24.591455E,20,18.9,129
24543,T,220830,112659,60.240349N,24.591530E,20,18.8,128
24544,T,220830,112700,60.240318N,24.591602E,20,18.0,128
24545,T,220830,112701,60.240292N,24.591669E,20,17.0,128
24546,T,220830,112702,60.240273N,24.591740E,21,15.9,119
24547,T,220830,112703,60.240253N,24.591806E,21,16.7,120
24548,T,220830,112704,60.240223N,24.591869E,21,16.0,121
24549,T,220830,112705,60.240196N,24.591932E,21,16.4,122
24550,T,220830,112706,60.240173N,24.591991E,21,14.2,125
24551,T,220830,112707,60.240150N,24.592056E,22,15.7,126
24552,T,220830,112708,60.240131N,24.592119E,22,15.1,126
24553,T,220830,112709,60.240112N,24.592182E,23,14.3,126
24554,T,220830,112710,60.240093N,24.592239E,23,13.2,125
24555,T,220830,112711,60.240070N,24.592293E,23,12.3,132
24556,T,220830,112712,60.240047N,24.592344E,24,13.3,134
24557,T,220830,112713,60.240021N,24.592396E,24,14.4,131
24558,T,220830,112714,60.239998N,24.592455E,24,13.6,130
24559,T,220830,112715,60.239967N,24.592516E,24,16.5,131
24560,T,220830,112716,60.239937N,24.592581E,24,16.1,131
24561,T,220830,112717,60.239906N,24.592646E,24,16.0,132
24562,T,220830,112718,60.239868N,24.592726E,24,17.2,131
24563,T,220830,112719,60.239826N,24.592804E,24,17.6,132
24564,T,220830,112720,60.239792N,24.592876E,24,18.0,131
24565,T,220830,112721,60.239761N,24.592951E,24,18.6,131
24566,T,220830,112722,60.239727N,24.593031E,24,19.0,131
24567,T,220830,112723,60.239693N,24.593107E,24,20.1,132
24568,T,220830,112724,60.239651N,24.593185E,24,20.2,133
24569,T,220830,112725,60.239613N,24.593264E,23,21.4,134
24570,T,220830,112726,60.239571N,24.593344E,23,22.0,135
24571,T,220830,112727,60.239529N,24.593428E,23,22.9,136
24572,T,220830,112728,60.239487N,24.593510E,22,23.6,136
24573,T,220830,112729,60.239441N,24.593596E,21,24.1,136
24574,T,220830,112730,60.239395N,24.593679E,21,24.6,136
24575,T,220830,112731,60.239349N,24.593763E,21,25.3,137
24576,T,220830,112732,60.239300N,24.593855E,20,26.1,137
24577,T,220830,112733,60.239250N,24.593945E,20,26.8,138
24578,T,220830,112734,60.239201N,24.594036E,19,27.7,138
24579,T,220830,112735,60.239147N,24.594130E,19,28.7,138
24580,T,220830,112736,60.239086N,24.594225E,18,29.5,139
24581,T,220830,112737,60.239033N,24.594322E,18,29.6,139
24582,T,220830,112738,60.238976N,24.594416E,18,29.6,140
24583,T,220830,112739,60.238918N,24.594515E,17,29.3,140
24584,T,220830,112740,60.238861N,24.594606E,17,28.8,140
24585,T,220830,112741,60.238808N,24.594696E,17,28.4,140
24586,T,220830,112742,60.238750N,24.594786E,17,27.8,140
24587,T,220830,112743,60.238701N,24.594873E,17,27.3,141
24588,T,220830,112744,60.238644N,24.594955E,16,26.6,141
24589,T,220830,112745,60.238590N,24.595037E,16,25.7,141
24590,T,220830,112746,60.238544N,24.595118E,17,24.6,141
24591,T,220830,112747,60.238495N,24.595190E,17,23.5,142
24592,T,220830,112748,60.238449N,24.595261E,17,22.3,142
24593,T,220830,112749,60.238400N,24.595325E,17,22.1,143
24594,T,220830,112750,60.238358N,24.595392E,17,21.7,143
24595,T,220830,112751,60.238312N,24.595457E,17,21.3,143
24596,T,220830,112752,60.238274N,24.595522E,17,20.7,142
24597,T,220830,112753,60.238224N,24.595581E,17,20.7,143
24598,T,220830,112754,60.238186N,24.595640E,17,20.6,144
24599,T,220830,112755,60.238140N,24.595695E,18,20.2,145
24600,T,220830,112756,60.238094N,24.595753E,18,19.4,145
24601,T,220830,112757,60.238056N,24.595808E,18,19.5,144
24602,T,220830,112758,60.238014N,24.595865E,18,19.2,143
24603,T,220830,112759,60.237976N,24.595926E,19,18.8,142
24604,T,220830,112800,60.237942N,24.595984E,19,18.7,141
24605,T,220830,112801,60.237900N,24.596045E,19,19.5,141
24606,T,220830,112802,60.237862N,24.596104E,19,19.3,140
24607,T,220830,112803,60.237823N,24.596169E,19,19.2,140
24608,T,220830,112804,60.237793N,24.596230E,20,18.7,139
24609,T,220830,112805,60.237755N,24.596296E,19,18.1,131
24610,T,220830,112806,60.237732N,24.596369E,19,16.9,120
24611,T,220830,112807,60.237717N,24.596443E,20,16.1,112
24612,T,220830,112808,60.237701N,24.596519E,20,14.8,107
24613,T,220830,112809,60.237694N,24.596590E,20,14.2,104
24614,T,220830,112810,60.237682N,24.596663E,20,14.2,101
24615,T,220830,112811,60.237686N,24.596727E,20,13.1,75
24616,T,220830,112812,60.237698N,24.596794E,20,13.0,78
24617,T,220830,112813,60.237686N,24.596855E,20,13.0,82
24618,T,220830,112814,60.237671N,24.596905E,20,13.1,88
24619,T,220830,112815,60.237640N,24.596947E,20,15.2,94
24620,T,220830,112816,60.237610N,24.596992E,20,16.8,99
24621,T,220830,112817,60.237572N,24.597044E,20,18.3,103
24622,T,220830,112818,60.237537N,24.597101E,20,19.2,108
24623,T,220830,112819,60.237495N,24.597160E,20,20.0,112
24624,T,220830,112820,60.237457N,24.597225E,20,20.5,115
24625,T,220830,112821,60.237419N,24.597294E,20,20.6,119
24626,T,220830,112822,60.237377N,24.597359E,20,21.1,122
24627,T,220830,112823,60.237335N,24.597425E,20,21.6,124
24628,T,220830,112824,60.237293N,24.597496E,20,22.0,126
24629,T,220830,112825,60.237247N,24.597565E,20,22.3,128
24630,T,220830,112826,60.237206N,24.597635E,20,22.3,130
24631,T,220830,112827,60.237160N,24.597704E,20,22.3,132
24632,T,220830,112828,60.237118N,24.597775E,20,22.5,133
24633,T,220830,112829,60.237072N,24.597841E,20,22.5,134
24634,T,220830,112830,60.237026N,24.597914E,20,22.6,135
24635,T,220830,112831,60.236980N,24.597984E,21,23.1,136
24636,T,220830,112832,60.236935N,24.598057E,20,23.5,137
24637,T,220830,112833,60.236889N,24.598129E,20,24.0,138
24638,T,220830,112834,60.236839N,24.598204E,20,24.4,140
24639,T,220830,112835,60.236794N,24.598278E,20,24.9,141
24640,T,220830,112836,60.236740N,24.598356E,20,25.0,142
24641,T,220830,112837,60.236687N,24.598434E,20,25.6,142
24642,T,220830,112838,60.236641N,24.598515E,20,25.6,142
24643,T,220830,112839,60.236591N,24.598597E,20,25.3,141
24644,T,220830,112840,60.236542N,24.598673E,20,25.2,142
24645,T,220830,112841,60.236492N,24.598747E,20,25.2,142
24646,T,220830,112842,60.236439N,24.598824E,20,25.0,142
24647,T,220830,112843,60.236393N,24.598902E,20,24.9,142
24648,T,220830,112844,60.236343N,24.598982E,20,24.9,142
24649,T,220830,112845,60.236298N,24.599056E,20,24.9,141
24650,T,220830,112846,60.236248N,24.599136E,20,24.4,141
24651,T,220830,112847,60.236202N,24.599216E,21,23.2,140
24652,T,220830,112848,60.236160N,24.599283E,21,22.2,144
24653,T,220830,112849,60.236118N,24.599350E,21,21.3,143
24654,T,220830,112850,60.236080N,24.599413E,21,19.9,141
24655,T,220830,112851,60.236038N,24.599464E,22,18.7,146
24656,T,220830,112852,60.236000N,24.599516E,22,18.7,146
24657,T,220830,112853,60.235966N,24.599567E,22,18.7,143
24658,T,220830,112854,60.235931N,24.599623E,23,17.1,142
24659,T,220830,112855,60.235897N,24.599674E,23,18.1,143
24660,T,220830,112856,60.235859N,24.599724E,23,17.5,144
24661,T,220830,112857,60.235828N,24.599775E,24,16.6,142
24662,T,220830,112858,60.235802N,24.599825E,24,15.6,142
24663,T,220830,112859,60.235767N,24.599873E,25,15.0,141
24664,T,220830,112900,60.235741N,24.599920E,25,15.5,142
24665,T,220830,112901,60.235710N,24.599957E,26,14.0,143
24666,T,220830,112902,60.235683N,24.600002E,26,14.5,140
24667,T,220830,112903,60.235657N,24.600044E,27,14.4,141
24668,T,220830,112904,60.235626N,24.600092E,27,13.8,141
24669,T,220830,112905,60.235600N,24.600142E,27,15.4,138
24670,T,220830,112906,60.235573N,24.600189E,28,14.7,139
24671,T,220830,112907,60.235542N,24.600237E,29,15.2,140
24672,T,220830,112908,60.235516N,24.600277E,30,14.2,140
24673,T,220830,112909,60.235489N,24.600327E,31,15.0,139
24674,T,220830,112910,60.235458N,24.600384E,31,16.1,140
24675,T,220830,112911,60.235428N,24.600435E,31,16.2,140
24676,T,220830,112912,60.235397N,24.600492E,32,16.6,141
24677,T,220830,112913,60.235367N,24.600546E,33,15.8,135
24678,T,220830,112914,60.235340N,24.600603E,33,15.7,135
24679,T,220830,112915,60.235306N,24.600660E,33,16.7,136
24680,T,220830,112916,60.235271N,24.600718E,33,17.0,139
24681,T,220830,112917,60.235237N,24.600775E,33,17.8,142
24682,T,220830,112918,60.235195N,24.600830E,33,18.6,143
24683,T,220830,112919,60.235157N,24.600889E,33,19.2,144
24684,T,220830,112920,60.235115N,24.600946E,33,18.6,145
24685,T,220830,112921,60.235081N,24.601002E,34,18.2,145
24686,T,220830,112922,60.235027N,24.601051E,34,18.1,145
24687,T,220830,112923,60.234993N,24.601110E,35,17.5,144
24688,T,220830,112924,60.234951N,24.601160E,35,17.7,143
24689,T,220830,112925,60.234913N,24.601212E,36,17.6,144
24690,T,220830,112926,60.234871N,24.601265E,36,17.2,144
24691,T,220830,112927,60.234840N,24.601318E,36,17.1,144
24692,T,220830,112928,60.234810N,24.601370E,37,16.3,144
24693,T,220830,112929,60.234768N,24.601416E,37,16.3,145
24694,T,220830,112930,60.234737N,24.601461E,37,15.7,146
24695,T,220830,112931,60.234707N,24.601513E,37,15.6,141
24696,T,220830,112932,60.234676N,24.601561E,38,15.6,143
24697,T,220830,112933,60.234646N,24.601608E,38,15.1,142
24698,T,220830,112934,60.234615N,24.601658E,38,15.2,143
24699,T,220830,112935,60.234589N,24.601711E,38,15.2,143
24700,T,220830,112936,60.234554N,24.601763E,39,15.3,143
24701,T,220830,112937,60.234524N,24.601809E,39,15.0,143
24702,T,220830,112938,60.234497N,24.601856E,39,15.3,143
24703,T,220830,112939,60.234463N,24.601900E,39,15.2,144
24704,T,220830,112940,60.234432N,24.601944E,39,14.4,145
24705,T,220830,112941,60.234406N,24.601988E,39,14.1,140
24706,T,220830,112942,60.234375N,24.602036E,39,15.0,139
24707,T,220830,112943,60.234344N,24.602085E,39,16.6,143
24708,T,220830,112944,60.234310N,24.602137E,38,16.5,143
24709,T,220830,112945,60.234280N,24.602182E,38,15.7,146
24710,T,220830,112946,60.234249N,24.602226E,39,15.6,145
24711,T,220830,112947,60.234215N,24.602276E,39,15.7,143
24712,T,220830,112948,60.234184N,24.602324E,39,15.9,144
24713,T,220830,112949,60.234154N,24.602377E,39,15.9,142
24714,T,220830,112950,60.234119N,24.602430E,39,16.7,141
24715,T,220830,112951,60.234089N,24.602484E,38,17.3,140
24716,T,220830,112952,60.234055N,24.602545E,38,17.3,140
24717,T,220830,112953,60.234020N,24.602615E,38,17.7,140
24718,T,220830,112954,60.233978N,24.602674E,38,18.4,141
24719,T,220830,112955,60.233944N,24.602734E,37,19.1,141
24720,T,220830,112956,60.233910N,24.602804E,37,20.5,141
24721,T,220830,112957,60.233864N,24.602873E,36,22.5,142
24722,T,220830,112958,60.233814N,24.602943E,36,24.4,142
24723,T,220830,112959,60.233765N,24.603024E,35,26.0,142
24724,T,220830,113000,60.233711N,24.603107E,34,28.4,142
24725,T,220830,113001,60.233658N,24.603201E,34,28.5,142
24726,T,220830,113002,60.233601N,24.603289E,33,28.1,142
24727,T,220830,113003,60.233547N,24.603378E,33,27.4,142
24728,T,220830,113004,60.233494N,24.603464E,33,26.5,141
24729,T,220830,113005,60.233444N,24.603550E,33,25.7,141
24730,T,220830,113006,60.233391N,24.603628E,34,24.7,141
24731,T,220830,113007,60.233349N,24.603714E,33,24.0,140
24732,T,220830,113008,60.233303N,24.603796E,33,23.5,139
24733,T,220830,113009,60.233261N,24.603878E,33,23.1,137
24734,T,220830,113010,60.233219N,24.603958E,33,22.1,136
24735,T,220830,113011,60.233181N,24.604038E,33,22.8,135
24736,T,220830,113012,60.233139N,24.604116E,33,22.4,135
24737,T,220830,113013,60.233101N,24.604197E,33,22.5,136
24738,T,220830,113014,60.233059N,24.604273E,33,22.1,135
24739,T,220830,113015,60.233021N,24.604349E,33,22.6,135
24740,T,220830,113016,60.232979N,24.604429E,33,22.6,135
24741,T,220830,113017,60.232941N,24.604507E,32,22.7,136
24742,T,220830,113018,60.232895N,24.604588E,32,23.5,136
24743,T,220830,113019,60.232853N,24.604670E,32,23.8,136
24744,T,220830,113020,60.232807N,24.604744E,32,23.0,136
24745,T,220830,113021,60.232765N,24.604826E,32,24.6,136
24746,T,220830,113022,60.232719N,24.604912E,32,24.6,135
24747,T,220830,113023,60.232677N,24.604998E,32,24.6,135
24748,T,220830,113024,60.232632N,24.605095E,31,25.7,134
24749,T,220830,113025,60.232594N,24.605188E,31,26.1,133
24750,T,220830,113026,60.232544N,24.605286E,31,27.1,133
24751,T,220830,113027,60.232494N,24.605387E,30,26.8,133
24752,T,220830,113028,60.232449N,24.605490E,30,28.1,133
24753,T,220830,113029,60.232399N,24.605598E,30,29.0,133
24754,T,220830,113030,60.232353N,24.605705E,29,29.1,134
24755,T,220830,113031,60.232300N,24.605812E,28,29.7,134
24756,T,220830,113032,60.232246N,24.605919E,27,29.5,134
24757,T,220830,113033,60.232197N,24.606026E,27,29.5,134
24758,T,220830,113034,60.232143N,24.606136E,26,29.9,133
24759,T,220830,113035,60.232094N,24.606251E,25,30.8,132
24760,T,220830,113036,60.232040N,24.606371E,25,31.6,131
24761,T,220830,113037,60.231987N,24.606491E,24,31.9,131
24762,T,220830,113038,60.231937N,24.606615E,24,32.5,130
24763,T,220830,113039,60.231880N,24.606745E,23,33.0,130
24764,T,220830,113040,60.231827N,24.606871E,23,33.0,130
24765,T,220830,113041,60.231777N,24.607000E,22,33.6,130
24766,T,220830,113042,60.231720N,24.607128E,22,33.2,130
24767,T,220830,113043,60.231667N,24.607256E,21,33.1,130
24768,T,220830,113044,60.231613N,24.607380E,21,33.2,131
24769,T,220830,113045,60.231556N,24.607504E,20,32.7,132
24770,T,220830,113046,60.231499N,24.607628E,20,32.4,132
24771,T,220830,113047,60.231449N,24.607748E,19,31.5,132
24772,T,220830,113048,60.231396N,24.607866E,19,30.8,132
24773,T,220830,113049,60.231342N,24.607981E,19,30.3,132
24774,T,220830,113050,60.231297N,24.608089E,18,29.4,132
24775,T,220830,113051,60.231243N,24.608196E,18,29.1,133
24776,T,220830,113052,60.231197N,24.608295E,18,26.9,133
24777,T,220830,113053,60.231148N,24.608398E,18,28.0,133
24778,T,220830,113054,60.231098N,24.608501E,18,28.0,133
24779,T,220830,113055,60.231052N,24.608604E,18,27.3,133
24780,T,220830,113056,60.231003N,24.608702E,18,27.4,133
24781,T,220830,113057,60.230957N,24.608795E,18,27.0,134
24782,T,220830,113058,60.230915N,24.608894E,17,26.1,133
24783,T,220830,113059,60.230869N,24.608988E,17,26.0,136
24784,T,220830,113100,60.230824N,24.609077E,17,25.2,135
24785,T,220830,113101,60.230782N,24.609163E,18,24.3,135
24786,T,220830,113102,60.230736N,24.609247E,18,23.5,134
24787,T,220830,113103,60.230694N,24.609329E,18,23.5,135
24788,T,220830,113104,60.230652N,24.609411E,18,23.1,136
24789,T,220830,113105,60.230610N,24.609491E,18,23.0,135
24790,T,220830,113106,60.230568N,24.609575E,18,23.0,135
24791,T,220830,113107,60.230534N,24.609665E,18,22.7,134
24792,T,220830,113108,60.230492N,24.609753E,18,23.1,133
24793,T,220830,113109,60.230457N,24.609838E,18,23.9,132
24794,T,220830,113110,60.230412N,24.609924E,18,23.9,132
24795,T,220830,113111,60.230373N,24.610012E,18,24.0,132
24796,T,220830,113112,60.230328N,24.610098E,18,24.1,133
24797,T,220830,113113,60.230289N,24.610184E,18,24.0,134
24798,T,220830,113114,60.230244N,24.610268E,18,23.6,134
24799,T,220830,113115,60.230206N,24.610352E,18,23.5,135
24800,T,220830,113116,60.230160N,24.610434E,18,23.4,134
24801,T,220830,113117,60.230122N,24.610518E,18,23.0,133
24802,T,220830,113118,60.230080N,24.610601E,18,23.7,134
24803,T,220830,113119,60.230042N,24.610683E,18,23.6,134
24804,T,220830,113120,60.230000N,24.610769E,18,23.6,133
24805,T,220830,113121,60.229961N,24.610855E,18,23.6,133
24806,T,220830,113122,60.229916N,24.610945E,18,23.6,133
24807,T,220830,113123,60.229877N,24.611027E,18,23.7,133
24808,T,220830,113124,60.229832N,24.611116E,18,23.7,133
24809,T,220830,113125,60.229794N,24.611204E,18,24.1,132
24810,T,220830,113126,60.229752N,24.611296E,17,24.2,132
24811,T,220830,113127,60.229713N,24.611385E,17,24.6,132
24812,T,220830,113128,60.229671N,24.611479E,17,24.6,131
24813,T,220830,113129,60.229630N,24.611570E,17,24.6,131
24814,T,220830,113130,60.229584N,24.611658E,18,24.7,130
24815,T,220830,113131,60.229546N,24.611753E,18,24.6,129
24816,T,220830,113132,60.229507N,24.611849E,18,24.0,128
24817,T,220830,113133,60.229473N,24.611942E,18,24.0,128
24818,T,220830,113134,60.229431N,24.612036E,17,23.9,128
24819,T,220830,113135,60.229393N,24.612127E,17,23.8,129
24820,T,220830,113136,60.229351N,24.612219E,17,23.4,129
24821,T,220830,113137,60.229313N,24.612305E,17,24.0,134
24822,T,220830,113138,60.229271N,24.612396E,17,25.3,135
24823,T,220830,113139,60.229229N,24.612488E,17,25.7,133
24824,T,220830,113140,60.229179N,24.612585E,17,25.8,130
24825,T,220830,113141,60.229141N,24.612684E,16,25.5,132
24826,T,220830,113142,60.229095N,24.612780E,16,26.7,133
24827,T,220830,113143,60.229050N,24.612879E,16,27.4,133
24828,T,220830,113144,60.229000N,24.612980E,15,28.3,134
24829,T,220830,113145,60.228951N,24.613083E,15,29.0,135
24830,T,220830,113146,60.228901N,24.613184E,15,28.9,134
24831,T,220830,113147,60.228848N,24.613293E,15,28.8,134
24832,T,220830,113148,60.228802N,24.613396E,15,28.9,133
24833,T,220830,113149,60.228748N,24.613503E,15,27.8,132
24834,T,220830,113150,60.228699N,24.613604E,15,27.9,132
24835,T,220830,113151,60.228653N,24.613705E,15,26.7,133
24836,T,220830,113152,60.228603N,24.613798E,15,26.0,133
24837,T,220830,113153,60.228561N,24.613890E,15,25.5,133
24838,T,220830,113154,60.228512N,24.613983E,15,25.8,133
24839,T,220830,113155,60.228470N,24.614079E,15,26.2,133
24840,T,220830,113156,60.228420N,24.614176E,15,26.8,133
24841,T,220830,113157,60.228374N,24.614277E,15,27.2,133
24842,T,220830,113158,60.228325N,24.614376E,15,27.7,133
24843,T,220830,113159,60.228275N,24.614479E,15,27.9,133
24844,T,220830,113200,60.228230N,24.614582E,15,27.8,134
24845,T,220830,113201,60.228180N,24.614681E,15,27.0,135
24846,T,220830,113202,60.228134N,24.614771E,15,23.5,135
24847,T,220830,113203,60.228096N,24.614847E,16,21.9,135
24848,T,220830,113204,60.228050N,24.614916E,16,21.9,141
24849,T,220830,113205,60.228012N,24.614981E,16,19.7,140
24850,T,220830,113206,60.227978N,24.615036E,16,18.3,143
24851,T,220830,113207,60.227940N,24.615091E,17,18.9,141
24852,T,220830,113208,60.227909N,24.615150E,17,17.5,134
24853,T,220830,113209,60.227875N,24.615206E,17,16.6,133
24854,T,220830,113210,60.227848N,24.615267E,18,17.2,129
24855,T,220830,113211,60.227821N,24.615332E,18,17.2,129
24856,T,220830,113212,60.227791N,24.615396E,18,18.0,129
24857,T,220830,113213,60.227768N,24.615463E,18,18.0,129
24858,T,220830,113214,60.227741N,24.615532E,18,16.9,128
24859,T,220830,113215,60.227711N,24.615601E,19,18.3,129
24860,T,220830,113216,60.227684N,24.615664E,19,17.4,135
24861,T,220830,113217,60.227657N,24.615728E,19,16.7,132
24862,T,220830,113218,60.227627N,24.615795E,20,18.3,132
24863,T,220830,113219,60.227596N,24.615864E,19,18.8,132
24864,T,220830,113220,60.227570N,24.615934E,19,17.6,134
24865,T,220830,113221,60.227535N,24.615993E,19,17.5,136
24866,T,220830,113222,60.227505N,24.616053E,20,17.1,138
24867,T,220830,113223,60.227470N,24.616106E,20,17.0,140
24868,T,220830,113224,60.227440N,24.616161E,20,17.2,141
24869,T,220830,113225,60.227406N,24.616220E,21,17.2,141
24870,T,220830,113226,60.227371N,24.616278E,21,17.2,141
24871,T,220830,113227,60.227345N,24.616339E,21,16.9,139
24872,T,220830,113228,60.227318N,24.616404E,21,17.6,138
24873,T,220830,113229,60.227287N,24.616474E,21,17.7,136
24874,T,220830,113230,60.227261N,24.616543E,21,18.3,134
24875,T,220830,113231,60.227222N,24.616615E,21,18.9,132
24876,T,220830,113232,60.227192N,24.616693E,21,19.7,130
24877,T,220830,113233,60.227161N,24.616774E,20,20.2,129
24878,T,220830,113234,60.227127N,24.616856E,20,20.7,128
24879,T,220830,113235,60.227089N,24.616928E,20,20.6,135
24880,T,220830,113236,60.227051N,24.617004E,20,22.8,134
24881,T,220830,113237,60.227013N,24.617096E,20,23.3,134
24882,T,220830,113238,60.226971N,24.617184E,19,24.4,132
24883,T,220830,113239,60.226929N,24.617279E,19,26.3,131
24884,T,220830,113240,60.226887N,24.617388E,19,28.0,130
24885,T,220830,113241,60.226841N,24.617504E,18,29.5,129
24886,T,220830,113242,60.226791N,24.617622E,18,30.8,129
24887,T,220830,113243,60.226742N,24.617739E,17,31.5,129
24888,T,220830,113244,60.226688N,24.617861E,17,32.9,130
24889,T,220830,113245,60.226631N,24.617983E,16,33.4,132
24890,T,220830,113246,60.226566N,24.618109E,16,34.5,133
24891,T,220830,113247,60.226513N,24.618238E,15,35.9,133
24892,T,220830,113248,60.226448N,24.618376E,14,37.0,133
24893,T,220830,113249,60.226387N,24.618517E,14,37.6,132
24894,T,220830,113250,60.226322N,24.618662E,13,38.5,131
24895,T,220830,113251,60.226261N,24.618813E,12,39.1,130
24896,T,220830,113252,60.226196N,24.618961E,12,39.4,130
24897,T,220830,113253,60.226128N,24.619112E,11,39.9,131
24898,T,220830,113254,60.226059N,24.619265E,10,40.5,131
24899,T,220830,113255,60.225994N,24.619419E,8,41.0,131
24900,T,220830,113256,60.225929N,24.619577E,8,41.3,131
24901,T,220830,113257,60.225861N,24.619736E,7,41.4,131
24902,T,220830,113258,60.225792N,24.619888E,7,41.1,131
24903,T,220830,113259,60.225727N,24.620024E,7,34.5,132
24904,T,220830,113300,60.225677N,24.620138E,8,28.1,133
24905,T,220830,113301,60.225632N,24.620230E,9,21.8,133
24906,T,220830,113302,60.225597N,24.620310E,9,20.1,133
24907,T,220830,113303,60.225559N,24.620384E,8,21.1,135
24908,T,220830,113304,60.225517N,24.620443E,8,21.9,150
24909,T,220830,113305,60.225468N,24.620478E,8,21.3,168
24910,T,220830,113306,60.225414N,24.620502E,8,22.2,166
24911,T,220830,113307,60.225365N,24.620543E,8,22.6,165
24912,T,220830,113308,60.225315N,24.620605E,8,23.7,162
24913,T,220830,113309,60.225273N,24.620689E,8,24.0,159
24914,T,220830,113310,60.225231N,24.620783E,8,24.8,156
24915,T,220830,113311,60.225193N,24.620876E,8,24.8,154
24916,T,220830,113312,60.225151N,24.620974E,8,24.9,151
24917,T,220830,113313,60.225117N,24.621075E,8,25.2,149
24918,T,220830,113314,60.225079N,24.621172E,8,24.1,146
24919,T,220830,113315,60.225044N,24.621267E,8,23.5,144
24920,T,220830,113316,60.225014N,24.621361E,9,21.8,142
24921,T,220830,113317,60.224979N,24.621450E,9,21.8,140
24922,T,220830,113318,60.224953N,24.621531E,10,20.1,138
24923,T,220830,113319,60.224915N,24.621601E,10,19.2,137
24924,T,220830,113320,60.224884N,24.621668E,10,17.9,135
24925,T,220830,113321,60.224857N,24.621733E,11,17.5,133
24926,T,220830,113322,60.224827N,24.621796E,11,16.8,132
24927,T,220830,113323,60.224800N,24.621857E,12,16.8,131
24928,T,220830,113324,60.224773N,24.621918E,12,16.4,131
24929,T,220830,113325,60.224743N,24.621983E,12,16.5,130
24930,T,220830,113326,60.224720N,24.622047E,12,17.6,129
24931,T,220830,113327,60.224689N,24.622110E,13,17.7,134
24932,T,220830,113328,60.224655N,24.622171E,13,17.2,133
24933,T,220830,113329,60.224628N,24.622236E,13,17.2,135
24934,T,220830,113330,60.224602N,24.622293E,13,16.0,134
24935,T,220830,113331,60.224567N,24.622351E,14,16.7,141
24936,T,220830,113332,60.224537N,24.622402E,14,17.2,144
24937,T,220830,113333,60.224503N,24.622458E,14,17.3,141
24938,T,220830,113334,60.224472N,24.622520E,14,17.4,140
24939,T,220830,113335,60.224449N,24.622583E,15,17.2,139
24940,T,220830,113336,60.224419N,24.622652E,15,16.8,138
24941,T,220830,113337,60.224396N,24.622717E,16,16.2,137
24942,T,220830,113338,60.224373N,24.622784E,16,16.5,136
24943,T,220830,113339,60.224342N,24.622850E,16,17.0,133
24944,T,220830,113340,60.224316N,24.622911E,17,16.3,131
24945,T,220830,113341,60.224293N,24.622976E,17,15.9,129
24946,T,220830,113342,60.224270N,24.623037E,17,16.0,128
24947,T,220830,113343,60.224239N,24.623104E,18,16.6,128
24948,T,220830,113344,60.224213N,24.623163E,18,16.7,130
24949,T,220830,113345,60.224182N,24.623232E,18,16.6,129
24950,T,220830,113346,60.224159N,24.623302E,18,16.7,129
24951,T,220830,113347,60.224133N,24.623371E,18,16.7,128
24952,T,220830,113348,60.224110N,24.623440E,19,16.6,126
24953,T,220830,113349,60.224087N,24.623516E,19,16.6,124
24954,T,220830,113350,60.224064N,24.623589E,18,16.5,122
24955,T,220830,113351,60.224045N,24.623659E,19,16.4,122
24956,T,220830,113352,60.224018N,24.623737E,18,16.7,122
24957,T,220830,113353,60.223999N,24.623816E,18,16.7,121
24958,T,220830,113354,60.223980N,24.623892E,19,16.9,120
24959,T,220830,113355,60.223961N,24.623974E,18,18.2,118
24960,T,220830,113356,60.223942N,24.624062E,18,19.5,110
24961,T,220830,113357,60.223927N,24.624163E,18,20.8,107
24962,T,220830,113358,60.223911N,24.624266E,17,21.6,108
24963,T,220830,113359,60.223892N,24.624371E,17,22.1,109
24964,T,220830,113400,60.223873N,24.624477E,16,23.4,111
24965,T,220830,113401,60.223846N,24.624588E,15,25.0,113
24966,T,220830,113402,60.223820N,24.624704E,15,26.3,115
24967,T,220830,113403,60.223789N,24.624836E,15,28.3,115
24968,T,220830,113404,60.223759N,24.624977E,15,29.2,115
24969,T,220830,113405,60.223736N,24.625124E,14,30.6,115
24970,T,220830,113406,60.223713N,24.625280E,14,30.6,114
24971,T,220830,113407,60.223686N,24.625429E,13,30.5,112
24972,T,220830,113408,60.223660N,24.625576E,13,29.1,110
24973,T,220830,113409,60.223640N,24.625708E,13,28.0,109
24974,T,220830,113410,60.223618N,24.625835E,13,26.3,109
24975,T,220830,113411,60.223591N,24.625957E,13,25.3,109
24976,T,220830,113412,60.223572N,24.626076E,13,24.6,109
24977,T,220830,113413,60.223557N,24.626188E,13,23.3,108
24978,T,220830,113414,60.223541N,24.626295E,13,23.0,109
24979,T,220830,113415,60.223518N,24.626404E,13,22.6,109
24980,T,220830,113416,60.223503N,24.626507E,14,21.0,109
24981,T,220830,113417,60.223484N,24.626604E,14,19.8,110
24982,T,220830,113418,60.223473N,24.626696E,14,19.1,111
24983,T,220830,113419,60.223454N,24.626783E,15,18.0,111
24984,T,220830,113420,60.223431N,24.626863E,15,17.1,113
24985,T,220830,113421,60.223415N,24.626944E,16,16.3,113
24986,T,220830,113422,60.223400N,24.627016E,16,14.3,112
24987,T,220830,113423,60.223392N,24.627089E,17,14.0,110
24988,T,220830,113424,60.223381N,24.627153E,17,12.8,109
24989,T,220830,113425,60.223366N,24.627216E,16,14.4,109
24990,T,220830,113426,60.223347N,24.627296E,15,17.0,110
24991,T,220830,113427,60.223328N,24.627380E,15,18.9,111
24992,T,220830,113428,60.223305N,24.627470E,14,20.7,112
24993,T,220830,113429,60.223282N,24.627565E,14,22.1,113
24994,T,220830,113430,60.223251N,24.627668E,13,21.4,115
24995,T,220830,113431,60.223228N,24.627768E,13,23.5,116
24996,T,220830,113432,60.223202N,24.627878E,12,25.5,117
24997,T,220830,113433,60.223171N,24.627995E,12,24.3,117
24998,T,220830,113434,60.223148N,24.628103E,11,23.7,116
24999,T,220830,113435,60.223122N,24.628223E,11,24.6,115
25000,T,220830,113436,60.223091N,24.628336E,11,23.7,115
25001,T,220830,113437,60.223072N,24.628448E,10,23.6,114
25002,T,220830,113438,60.223053N,24.628553E,10,22.2,114
25003,T,220830,113439,60.223026N,24.628651E,9,21.8,114
25004,T,220830,113440,60.223003N,24.628748E,9,23.1,123
25005,T,220830,113441,60.222973N,24.628838E,8,20.7,128
25006,T,220830,113442,60.222939N,24.628918E,8,22.5,130
25007,T,220830,113443,60.222908N,24.629000E,8,21.6,134
25008,T,220830,113444,60.222870N,24.629074E,9,19.5,137
25009,T,220830,113445,60.222839N,24.629141E,10,16.4,128
25010,T,220830,113446,60.222820N,24.629204E,11,14.4,119
25011,T,220830,113447,60.222801N,24.629272E,11,15.0,115
25012,T,220830,113448,60.222782N,24.629335E,11,13.9,114
25013,T,220830,113449,60.222763N,24.629398E,12,13.5,120
25014,T,220830,113450,60.222748N,24.629463E,12,14.8,119
25015,T,220830,113451,60.222733N,24.629534E,12,13.7,119
25016,T,220830,113452,60.222721N,24.629599E,12,13.2,118
25017,T,220830,113453,60.222706N,24.629658E,12,12.0,117
25018,T,220830,113454,60.222687N,24.629721E,13,12.0,115
25019,T,220830,113455,60.222672N,24.629778E,14,11.9,116
25020,T,220830,113456,60.222660N,24.629835E,14,11.5,116
25021,T,220830,113457,60.222645N,24.629890E,14,11.8,116
25022,T,220830,113458,60.222633N,24.629950E,14,11.9,115
25023,T,220830,113459,60.222618N,24.630009E,14,11.8,115
25024,T,220830,113500,60.222603N,24.630064E,14,11.8,114
25025,T,220830,113501,60.222591N,24.630121E,14,11.8,114
25026,T,220830,113502,60.222580N,24.630178E,14,12.5,115
25027,T,220830,113503,60.222565N,24.630238E,14,13.1,114
25028,T,220830,113504,60.222553N,24.630304E,15,13.1,113
25029,T,220830,113505,60.222542N,24.630365E,15,13.6,112
25030,T,220830,113506,60.222527N,24.630434E,15,13.5,112
25031,T,220830,113507,60.222511N,24.630501E,15,14.2,111
25032,T,220830,113508,60.222500N,24.630566E,15,14.2,112
25033,T,220830,113509,60.222481N,24.630636E,15,15.0,112
25034,T,220830,113510,60.222469N,24.630707E,15,15.3,113
25035,T,220830,113511,60.222450N,24.630783E,15,16.0,112
25036,T,220830,113512,60.222435N,24.630859E,15,16.3,112
25037,T,220830,113513,60.222416N,24.630938E,15,16.6,112
25038,T,220830,113514,60.222401N,24.631020E,15,16.8,111
25039,T,220830,113515,60.222382N,24.631102E,16,17.4,111
25040,T,220830,113516,60.222363N,24.631187E,16,17.8,111
25041,T,220830,113517,60.222347N,24.631275E,16,18.2,111
25042,T,220830,113518,60.222328N,24.631365E,16,18.5,111
25043,T,220830,113519,60.222313N,24.631456E,16,19.0,111
25044,T,220830,113520,60.222294N,24.631550E,16,19.0,111
25045,T,220830,113521,60.222275N,24.631645E,17,20.3,110
25046,T,220830,113522,60.222260N,24.631744E,17,20.7,109
25047,T,220830,113523,60.222240N,24.631847E,17,21.1,108
25048,T,220830,113524,60.222225N,24.631952E,17,21.6,107
25049,T,220830,113525,60.222206N,24.632055E,17,21.7,107
25050,T,220830,113526,60.222191N,24.632160E,17,21.7,106
25051,T,220830,113527,60.222176N,24.632265E,17,21.7,106
25052,T,220830,113528,60.222160N,24.632374E,16,22.5,106
25053,T,220830,113529,60.222145N,24.632484E,16,22.9,106
25054,T,220830,113530,60.222130N,24.632595E,16,24.0,106
25055,T,220830,113531,60.222111N,24.632715E,16,24.5,106
25056,T,220830,113532,60.222092N,24.632835E,16,24.5,106
25057,T,220830,113533,60.222076N,24.632956E,15,24.5,106
25058,T,220830,113534,60.222057N,24.633076E,15,25.2,106
25059,T,220830,113535,60.222038N,24.633200E,15,25.6,106
25060,T,220830,113536,60.222019N,24.633324E,15,25.6,107
25061,T,220830,113537,60.222000N,24.633453E,14,25.6,107
25062,T,220830,113538,60.221981N,24.633579E,14,25.2,108
25063,T,220830,113539,60.221966N,24.633698E,14,24.5,108
25064,T,220830,113540,60.221943N,24.633812E,14,23.4,108
25065,T,220830,113541,60.221924N,24.633917E,14,21.9,108
25066,T,220830,113542,60.221909N,24.634016E,14,20.9,109
25067,T,220830,113543,60.221889N,24.634115E,14,21.7,109
25068,T,220830,113544,60.221870N,24.634216E,14,21.3,110
25069,T,220830,113545,60.221851N,24.634323E,14,23.4,110
25070,T,220830,113546,60.221836N,24.634428E,14,22.6,109
25071,T,220830,113547,60.221817N,24.634537E,14,23.5,108
25072,T,220830,113548,60.221802N,24.634647E,14,23.3,108
25073,T,220830,113549,60.221779N,24.634756E,14,22.8,107
25074,T,220830,113550,60.221767N,24.634869E,14,22.7,107
25075,T,220830,113551,60.221752N,24.634974E,14,22.1,107
25076,T,220830,113552,60.221733N,24.635080E,14,22.8,107
25077,T,220830,113553,60.221718N,24.635187E,14,22.9,107
25078,T,220830,113554,60.221699N,24.635300E,14,22.5,107
25079,T,220830,113555,60.221684N,24.635408E,14,22.0,106
25080,T,220830,113556,60.221668N,24.635521E,13,22.5,106
25081,T,220830,113557,60.221653N,24.635628E,13,23.5,106
25082,T,220830,113558,60.221638N,24.635744E,12,24.5,105
25083,T,220830,113559,60.221619N,24.635866E,11,26.1,105
25084,T,220830,113600,60.221603N,24.635998E,11,27.5,105
25085,T,220830,113601,60.221584N,24.636133E,10,28.0,104
25086,T,220830,113602,60.221569N,24.636271E,10,27.9,105
25087,T,220830,113603,60.221546N,24.636404E,10,26.6,105
25088,T,220830,113604,60.221527N,24.636530E,9,25.7,106
25089,T,220830,113605,60.221512N,24.636656E,10,25.7,106
25090,T,220830,113606,60.221489N,24.636786E,10,26.3,106
25091,T,220830,113607,60.221474N,24.636915E,10,25.9,106
25092,T,220830,113608,60.221458N,24.637045E,10,25.0,107
25093,T,220830,113609,60.221447N,24.637171E,10,23.1,106
25094,T,220830,113610,60.221432N,24.637283E,10,21.8,106
25095,T,220830,113611,60.221420N,24.637388E,10,20.8,105
25096,T,220830,113612,60.221413N,24.637486E,10,20.3,104
25097,T,220830,113613,60.221405N,24.637587E,10,20.2,102
25098,T,220830,113614,60.221394N,24.637686E,10,20.1,102
25099,T,220830,113615,60.221378N,24.637791E,10,20.5,104
25100,T,220830,113616,60.221367N,24.637890E,10,20.5,104
25101,T,220830,113617,60.221355N,24.637991E,10,20.4,104
25102,T,220830,113618,60.221348N,24.638092E,10,20.5,105
25103,T,220830,113619,60.221340N,24.638191E,10,19.9,104
25104,T,220830,113620,60.221329N,24.638290E,9,20.4,102
25105,T,220830,113621,60.221321N,24.638395E,9,21.7,100
25106,T,220830,113622,60.221313N,24.638506E,9,22.2,98
25107,T,220830,113623,60.221310N,24.638617E,9,21.6,96
25108,T,220830,113624,60.221298N,24.638723E,9,21.5,95
25109,T,220830,113625,60.221294N,24.638834E,9,21.5,95
25110,T,220830,113626,60.221287N,24.638943E,9,21.8,96
25111,T,220830,113627,60.221279N,24.639048E,9,21.7,96
25112,T,220830,113628,60.221272N,24.639160E,10,21.6,94
25113,T,220830,113629,60.221264N,24.639273E,10,21.9,94
25114,T,220830,113630,60.221260N,24.639381E,11,22.6,93
25115,T,220830,113631,60.221260N,24.639486E,11,22.2,92
25116,T,220830,113632,60.221256N,24.639601E,10,23.6,91
25117,T,220830,113633,60.221249N,24.639717E,10,23.6,92
25118,T,220830,113634,60.221241N,24.639837E,11,23.6,93
25119,T,220830,113635,60.221233N,24.639963E,11,24.2,94
25120,T,220830,113636,60.221230N,24.640085E,12,24.5,95
25121,T,220830,113637,60.221218N,24.640209E,12,25.1,96
25122,T,220830,113638,60.221207N,24.640331E,11,25.0,98
25123,T,220830,113639,60.221195N,24.640467E,11,25.7,99
25124,T,220830,113640,60.221184N,24.640602E,11,25.6,98
25125,T,220830,113641,60.221180N,24.640732E,11,25.3,98
25126,T,220830,113642,60.221176N,24.640862E,11,25.5,98
25127,T,220830,113643,60.221169N,24.640991E,12,26.0,97
25128,T,220830,113644,60.221169N,24.641125E,12,26.1,97
25129,T,220830,113645,60.221169N,24.641256E,12,26.1,96
25130,T,220830,113646,60.221169N,24.641386E,12,26.2,96
25131,T,220830,113647,60.221169N,24.641520E,12,26.4,95
25132,T,220830,113648,60.221169N,24.641657E,12,26.7,94
25133,T,220830,113649,60.221172N,24.641790E,11,27.0,94
25134,T,220830,113650,60.221180N,24.641926E,11,27.2,93
25135,T,220830,113651,60.221184N,24.642063E,11,27.2,92
25136,T,220830,113652,60.221188N,24.642204E,11,27.3,92
25137,T,220830,113653,60.221191N,24.642342E,11,26.9,91
25138,T,220830,113654,60.221195N,24.642475E,11,26.2,89
25139,T,220830,113655,60.221199N,24.642605E,11,25.9,87
25140,T,220830,113656,60.221203N,24.642733E,11,25.3,85
25141,T,220830,113657,60.221210N,24.642859E,11,24.8,83
25142,T,220830,113658,60.221218N,24.642981E,11,24.0,83
25143,T,220830,113659,60.221218N,24.643099E,11,23.6,83
25144,T,220830,113700,60.221230N,24.643215E,10,23.2,83
25145,T,220830,113701,60.221237N,24.643328E,11,22.2,83
25146,T,220830,113702,60.221241N,24.643440E,11,22.3,83
25147,T,220830,113703,60.221249N,24.643555E,11,22.6,84
25148,T,220830,113704,60.221249N,24.643665E,11,22.6,84
25149,T,220830,113705,60.221249N,24.643780E,11,22.0,85
25150,T,220830,113706,60.221249N,24.643888E,11,21.6,86
25151,T,220830,113707,60.221249N,24.643995E,11,21.1,86
25152,T,220830,113708,60.221252N,24.644098E,12,20.4,86
25153,T,220830,113709,60.221260N,24.644199E,12,19.9,86
25154,T,220830,113710,60.221260N,24.644293E,12,19.2,86
25155,T,220830,113711,60.221268N,24.644382E,12,18.5,86
25156,T,220830,113712,60.221272N,24.644468E,12,17.7,84
25157,T,220830,113713,60.221275N,24.644554E,13,16.9,84
25158,T,220830,113714,60.221279N,24.644636E,13,16.6,83
25159,T,220830,113715,60.221283N,24.644716E,13,16.5,83
25160,T,220830,113716,60.221287N,24.644798E,13,16.5,83
25161,T,220830,113717,60.221291N,24.644884E,13,17.1,83
25162,T,220830,113718,60.221294N,24.644970E,13,18.1,83
25163,T,220830,113719,60.221306N,24.645063E,13,19.2,82
25164,T,220830,113720,60.221317N,24.645163E,12,20.6,74
25165,T,220830,113721,60.221329N,24.645266E,12,21.9,75
25166,T,220830,113722,60.221340N,24.645378E,12,23.1,78
25167,T,220830,113723,60.221352N,24.645496E,12,24.0,81
25168,T,220830,113724,60.221359N,24.645620E,11,25.1,82
25169,T,220830,113725,60.221363N,24.645748E,11,26.1,83
25170,T,220830,113726,60.221371N,24.645882E,11,26.7,85
25171,T,220830,113727,60.221375N,24.646015E,11,27.1,87
25172,T,220830,113728,60.221375N,24.646156E,10,28.2,88
25173,T,220830,113729,60.221375N,24.646299E,10,29.1,88
25174,T,220830,113730,60.221378N,24.646448E,10,29.4,87
25175,T,220830,113731,60.221394N,24.646597E,10,29.0,85
25176,T,220830,113732,60.221401N,24.646736E,10,28.2,84
25177,T,220830,113733,60.221405N,24.646875E,10,26.5,84
25178,T,220830,113734,60.221413N,24.647003E,10,25.2,83
25179,T,220830,113735,60.221420N,24.647125E,10,24.0,84
25180,T,220830,113736,60.221424N,24.647243E,10,23.0,83
25181,T,220830,113737,60.221432N,24.647356E,10,22.2,83
25182,T,220830,113738,60.221439N,24.647467E,11,21.6,83
25183,T,220830,113739,60.221447N,24.647573E,11,21.2,82
25184,T,220830,113740,60.221451N,24.647678E,11,21.2,82
25185,T,220830,113741,60.221458N,24.647781E,11,21.0,82
25186,T,220830,113742,60.221462N,24.647884E,11,21.0,82
25187,T,220830,113743,60.221474N,24.647991E,11,21.0,82
25188,T,220830,113744,60.221481N,24.648096E,11,20.9,82
25189,T,220830,113745,60.221485N,24.648199E,11,20.5,82
25190,T,220830,113746,60.221489N,24.648302E,11,20.1,83
25191,T,220830,113747,60.221497N,24.648399E,11,19.4,83
25192,T,220830,113748,60.221504N,24.648497E,11,19.8,83
25193,T,220830,113749,60.221508N,24.648596E,11,20.5,83
25194,T,220830,113750,60.221516N,24.648697E,11,20.5,84
25195,T,220830,113751,60.221519N,24.648800E,11,20.6,84
25196,T,220830,113752,60.221523N,24.648905E,11,20.7,84
25197,T,220830,113753,60.221531N,24.649010E,11,20.7,84
25198,T,220830,113754,60.221535N,24.649115E,11,20.6,84
25199,T,220830,113755,60.221542N,24.649216E,11,20.7,83
25200,T,220830,113756,60.221554N,24.649323E,11,20.7,82
25201,T,220830,113757,60.221561N,24.649424E,12,20.7,82
25202,T,220830,113758,60.221565N,24.649530E,12,21.1,82
25203,T,220830,113759,60.221573N,24.649633E,12,21.0,82
25204,T,220830,113800,60.221577N,24.649738E,11,21.0,83
25205,T,220830,113801,60.221584N,24.649843E,11,21.2,83
25206,T,220830,113802,60.221592N,24.649950E,12,21.1,82
25207,T,220830,113803,60.221600N,24.650057E,12,21.2,82
25208,T,220830,113804,60.221603N,24.650160E,12,21.1,83
25209,T,220830,113805,60.221611N,24.650261E,12,19.7,82
25210,T,220830,113806,60.221619N,24.650364E,11,21.1,81
25211,T,220830,113807,60.221626N,24.650467E,11,21.0,80
25212,T,220830,113808,60.221638N,24.650572E,11,20.6,81
25213,T,220830,113809,60.221642N,24.650675E,11,20.6,82
25214,T,220830,113810,60.221645N,24.650780E,10,21.3,83
25215,T,220830,113811,60.221649N,24.650887E,10,20.6,84
25216,T,220830,113812,60.221661N,24.650997E,10,22.1,84
25217,T,220830,113813,60.221664N,24.651110E,10,21.4,84
25218,T,220830,113814,60.221664N,24.651224E,10,22.4,85
25219,T,220830,113815,60.221664N,24.651340E,10,22.3,87
25220,T,220830,113816,60.221664N,24.651451E,10,22.3,88
25221,T,220830,113817,60.221668N,24.651564E,10,22.5,88
25222,T,220830,113818,60.221672N,24.651678E,10,22.9,87
25223,T,220830,113819,60.221676N,24.651794E,10,22.4,85
25224,T,220830,113820,60.221680N,24.651909E,10,22.3,88
25225,T,220830,113821,60.221680N,24.652021E,10,22.4,95
25226,T,220830,113822,60.221672N,24.652136E,9,22.5,96
25227,T,220830,113823,60.221668N,24.652248E,9,23.0,96
25228,T,220830,113824,60.221672N,24.652369E,10,23.1,95
25229,T,220830,113825,60.221676N,24.652489E,10,23.0,93
25230,T,220830,113826,60.221680N,24.652601E,10,22.4,92
25231,T,220830,113827,60.221684N,24.652714E,10,22.1,92
25232,T,220830,113828,60.221691N,24.652824E,10,22.5,80
25233,T,220830,113829,60.221703N,24.652937E,10,22.8,77
25234,T,220830,113830,60.221710N,24.653051E,10,23.9,79
25235,T,220830,113831,60.221725N,24.653175E,9,25.8,78
25236,T,220830,113832,60.221737N,24.653301E,9,26.8,78
25237,T,220830,113833,60.221748N,24.653435E,9,27.3,77
25238,T,220830,113834,60.221760N,24.653568E,9,27.4,75
25239,T,220830,113835,60.221775N,24.653702E,9,27.4,75
25240,T,220830,113836,60.221790N,24.653833E,9,27.3,75
25241,T,220830,113837,60.221809N,24.653963E,9,26.7,74
25242,T,220830,113838,60.221825N,24.654093E,9,25.9,74
25243,T,220830,113839,60.221840N,24.654217E,8,24.9,74
25244,T,220830,113840,60.221855N,24.654333E,8,24.5,74
25245,T,220830,113841,60.221870N,24.654451E,8,24.1,74
25246,T,220830,113842,60.221886N,24.654566E,8,23.5,75
25247,T,220830,113843,60.221901N,24.654676E,8,22.5,75
25248,T,220830,113844,60.221916N,24.654783E,8,22.0,75
25249,T,220830,113845,60.221928N,24.654892E,8,21.9,75
25250,T,220830,113846,60.221939N,24.654997E,8,21.6,74
25251,T,220830,113847,60.221954N,24.655098E,7,21.5,73
25252,T,220830,113848,60.221977N,24.655195E,7,21.2,73
25253,T,220830,113849,60.221996N,24.655291E,7,20.6,72
25254,T,220830,113850,60.222012N,24.655386E,7,20.2,76
25255,T,220830,113851,60.222019N,24.655483E,7,20.6,78
25256,T,220830,113852,60.222031N,24.655588E,7,21.3,80
25257,T,220830,113853,60.222038N,24.655691E,7,21.2,77
25258,T,220830,113854,60.222057N,24.655794E,7,21.4,75
25259,T,220830,113855,60.222073N,24.655895E,7,21.5,74
25260,T,220830,113856,60.222088N,24.655998E,7,21.9,72
25261,T,220830,113857,60.222103N,24.656101E,7,21.9,71
25262,T,220830,113858,60.222118N,24.656204E,7,21.8,70
25263,T,220830,113859,60.222141N,24.656307E,7,21.8,69
25264,T,220830,113900,60.222160N,24.656410E,7,21.7,69
25265,T,220830,113901,60.222176N,24.656511E,7,21.7,68
25266,T,220830,113902,60.222195N,24.656612E,7,21.7,68
25267,T,220830,113903,60.222218N,24.656713E,7,21.7,68
25268,T,220830,113904,60.222237N,24.656816E,7,22.0,67
25269,T,220830,113905,60.222260N,24.656916E,7,22.0,66
25270,T,220830,113906,60.222282N,24.657019E,7,22.1,65
25271,T,220830,113907,60.222309N,24.657118E,7,21.9,65
25272,T,220830,113908,60.222328N,24.657221E,7,21.8,64
25273,T,220830,113909,60.222351N,24.657320E,7,21.8,64
25274,T,220830,113910,60.222378N,24.657419E,7,21.8,64
25275,T,220830,113911,60.222401N,24.657518E,7,21.8,63
25276,T,220830,113912,60.222427N,24.657618E,7,22.4,62
25277,T,220830,113913,60.222450N,24.657719E,7,22.8,62
25278,T,220830,113914,60.222485N,24.657824E,6,22.9,61
25279,T,220830,113915,60.222511N,24.657928E,6,23.6,61
25280,T,220830,113916,60.222542N,24.658028E,6,23.6,60
25281,T,220830,113917,60.222569N,24.658125E,6,23.4,59
25282,T,220830,113918,60.222595N,24.658226E,6,23.0,59
25283,T,220830,113919,60.222630N,24.658323E,6,22.7,57
25284,T,220830,113920,60.222656N,24.658419E,6,22.8,56
25285,T,220830,113921,60.222687N,24.658516E,5,22.4,57
25286,T,220830,113922,60.222717N,24.658611E,5,22.0,57
25287,T,220830,113923,60.222740N,24.658707E,5,22.4,57
25288,T,220830,113924,60.222771N,24.658804E,5,22.9,56
25289,T,220830,113925,60.222809N,24.658895E,4,23.3,47
25290,T,220830,113926,60.222847N,24.658979E,4,22.9,47
25291,T,220830,113927,60.222885N,24.659073E,5,22.9,47
25292,T,220830,113928,60.222912N,24.659172E,4,22.4,49
25293,T,220830,113929,60.222935N,24.659275E,4,22.8,51
25294,T,220830,113930,60.222961N,24.659382E,4,23.2,52
25295,T,220830,113931,60.222992N,24.659485E,4,23.9,53
25296,T,220830,113932,60.223022N,24.659586E,3,24.4,55
25297,T,220830,113933,60.223061N,24.659693E,3,25.4,55
25298,T,220830,113934,60.223095N,24.659800E,3,26.3,56
25299,T,220830,113935,60.223133N,24.659916E,2,27.7,57
25300,T,220830,113936,60.223167N,24.660038E,1,28.9,59
25301,T,220830,113937,60.223206N,24.660168E,0,30.1,60
25302,T,220830,113938,60.223240N,24.660303E,0,31.0,61
25303,T,220830,113939,60.223274N,24.660444E,0,31.3,63
25304,T,220830,113940,60.223309N,24.660585E,-1,31.0,65
25305,T,220830,113941,60.223335N,24.660734E,-2,31.0,66
25306,T,220830,113942,60.223358N,24.660883E,-2,30.5,68
25307,T,220830,113943,60.223377N,24.661024E,-3,28.0,69
25308,T,220830,113944,60.223389N,24.661152E,-4,23.5,84
25309,T,220830,113945,60.223389N,24.661264E,-4,19.2,96
25310,T,220830,113946,60.223377N,24.661345E,-5,14.7,117
25311,T,220830,113947,60.223351N,24.661385E,-5,12.1,159
25312,T,220830,113948,60.223316N,24.661385E,-5,15.4,187
25313,T,220830,113949,60.223270N,24.661367E,-5,18.8,188
25314,T,220830,113950,60.223228N,24.661356E,-6,17.8,188
25315,T,220830,113951,60.223186N,24.661354E,-6,18.3,180
25316,T,220830,113952,60.223137N,24.661366E,-6,21.8,175
25317,T,220830,113953,60.223080N,24.661377E,-7,22.5,166
25318,T,220830,113954,60.223022N,24.661415E,-7,22.8,152
25319,T,220830,113955,60.222980N,24.661480E,-6,20.8,139
25320,T,220830,113956,60.222939N,24.661547E,-6,18.9,137
25321,T,220830,113957,60.222912N,24.661617E,-6,17.7,126
25322,T,220830,113958,60.222885N,24.661692E,-6,17.8,126
25323,T,220830,113959,60.222855N,24.661764E,-6,17.9,129
25324,T,220830,114000,60.222820N,24.661837E,-6,18.8,139
25325,T,220830,114001,60.222782N,24.661892E,-6,17.0,142
25326,T,220830,114002,60.222744N,24.661938E,-6,18.5,150
25327,T,220830,114003,60.222710N,24.661978E,-5,16.6,153
25328,T,220830,114004,60.222672N,24.662008E,-5,15.7,159
25329,T,220830,114005,60.222630N,24.662037E,-5,18.2,162
25330,T,220830,114006,60.222584N,24.662083E,-5,20.2,160
25331,T,220830,114007,60.222542N,24.662119E,-4,20.5,162
25332,T,220830,114008,60.222481N,24.662144E,-4,22.4,164
25333,T,220830,114009,60.222420N,24.662163E,-5,20.6,166
25334,T,220830,114010,60.222363N,24.662178E,-5,20.3,169
25335,T,220830,114011,60.222313N,24.662191E,-4,20.3,171
25336,T,220830,114012,60.222263N,24.662191E,-4,17.4,184
25337,T,220830,114013,60.222221N,24.662178E,-4,16.9,190
25338,T,220830,114014,60.222176N,24.662165E,-4,17.4,189
25339,T,220830,114015,60.222130N,24.662146E,-4,17.4,190
25340,T,220830,114016,60.222076N,24.662107E,-3,17.3,191
25341,T,220830,114017,60.222019N,24.662054E,-3,19.5,192
25342,T,220830,114018,60.221973N,24.661997E,-3,20.8,194
25343,T,220830,114019,60.221924N,24.661943E,-3,21.1,195
25344,T,220830,114020,60.221882N,24.661896E,-3,20.4,197
25345,T,220830,114021,60.221832N,24.661854E,-3,20.5,198
25346,T,220830,114022,60.221779N,24.661814E,-4,20.5,199
25347,T,220830,114023,60.221729N,24.661770E,-4,23.3,200
25348,T,220830,114024,60.221672N,24.661734E,-4,24.5,195
25349,T,220830,114025,60.221611N,24.661707E,-4,23.0,191
25350,T,220830,114026,60.221561N,24.661684E,-4,21.6,192
25351,T,220830,114027,60.221504N,24.661655E,-4,21.7,194
25352,T,220830,114028,60.221447N,24.661615E,-4,22.9,195
25353,T,220830,114029,60.221397N,24.661573E,-5,22.8,198
25354,T,220830,114030,60.221344N,24.661533E,-5,21.9,199
25355,T,220830,114031,60.221291N,24.661493E,-4,21.9,201
25356,T,220830,114032,60.221241N,24.661455E,-5,21.2,202
25357,T,220830,114033,60.221191N,24.661421E,-4,21.2,203
25358,T,220830,114034,60.221142N,24.661392E,-4,20.2,202
25359,T,220830,114035,60.221088N,24.661371E,-4,21.2,188
25360,T,220830,114036,60.221035N,24.661366E,-5,21.2,177
25361,T,220830,114037,60.220982N,24.661385E,-5,22.2,166
25362,T,220830,114038,60.220928N,24.661419E,-6,22.7,157
25363,T,220830,114039,60.220875N,24.661467E,-6,22.6,155
25364,T,220830,114040,60.220829N,24.661516E,-6,21.9,153
25365,T,220830,114041,60.220779N,24.661568E,-5,20.7,151
25366,T,220830,114042,60.220734N,24.661629E,-4,20.6,149
25367,T,220830,114043,60.220684N,24.661680E,-4,20.3,150
25368,T,220830,114044,60.220638N,24.661722E,-4,20.3,160
25369,T,220830,114045,60.220592N,24.661743E,-5,19.8,171
25370,T,220830,114046,60.220543N,24.661749E,-5,20.2,182
25371,T,220830,114047,60.220497N,24.661737E,-6,19.8,185
25372,T,220830,114048,60.220444N,24.661736E,-6,20.2,184
25373,T,220830,114049,60.220390N,24.661743E,-6,20.9,183
25374,T,220830,114050,60.220341N,24.661774E,-6,21.2,181
25375,T,220830,114051,60.220287N,24.661798E,-6,21.3,179
25376,T,220830,114052,60.220230N,24.661814E,-7,22.0,178
25377,T,220830,114053,60.220177N,24.661802E,-8,24.7,192
25378,T,220830,114054,60.220119N,24.661764E,-8,24.1,203
25379,T,220830,114055,60.220074N,24.661718E,-8,22.7,203
25380,T,220830,114056,60.220016N,24.661680E,-8,21.4,199
25381,T,220830,114057,60.219963N,24.661657E,-8,20.9,182
25382,T,220830,114058,60.219913N,24.661674E,-8,20.9,160
25383,T,220830,114059,60.219864N,24.661720E,-8,20.4,148
25384,T,220830,114100,60.219830N,24.661783E,-8,19.4,132
25385,T,220830,114101,60.219799N,24.661861E,-8,20.4,124
25386,T,220830,114102,60.219769N,24.661940E,-8,20.3,125
25387,T,220830,114103,60.219730N,24.662001E,-7,18.8,152
25388,T,220830,114104,60.219692N,24.662025E,-7,15.6,171
25389,T,220830,114105,60.219650N,24.662029E,-6,15.2,184
25390,T,220830,114106,60.219612N,24.662022E,-5,16.7,189
25391,T,220830,114107,60.219570N,24.662003E,-5,16.6,196
25392,T,220830,114108,60.219532N,24.661991E,-5,15.4,194
25393,T,220830,114109,60.219498N,24.662004E,-5,13.9,191
25394,T,220830,114110,60.219460N,24.662046E,-5,17.4,185
25395,T,220830,114111,60.219433N,24.662115E,-5,20.4,180
25396,T,220830,114112,60.219395N,24.662189E,-5,19.5,175
25397,T,220830,114113,60.219368N,24.662271E,-6,19.9,124
25398,T,220830,114114,60.219353N,24.662355E,-6,18.5,118
25399,T,220830,114115,60.219349N,24.662483E,-7,21.7,111
25400,T,220830,114116,60.219337N,24.662584E,-7,20.4,110
25401,T,220830,114117,60.219318N,24.662674E,-7,18.0,111
25402,T,220830,114118,60.219296N,24.662733E,-8,16.4,114
25403,T,220830,114119,60.219261N,24.662750E,-8,16.8,120
25404,T,220830,114120,60.219219N,24.662737E,-8,16.3,127
25405,T,220830,114121,60.219181N,24.662701E,-7,17.3,135
25406,T,220830,114122,60.219147N,24.662651E,-7,16.9,142
25407,T,220830,114123,60.219116N,24.662603E,-7,15.4,150
25408,T,220830,114124,60.219090N,24.662571E,-7,12.5,206
25409,T,220830,114125,60.219059N,24.662544E,-6,11.2,202
25410,T,220830,114126,60.219036N,24.662525E,-6,10.1,195
25411,T,220830,114127,60.219009N,24.662516E,-6,10.0,185
25412,T,220830,114128,60.218979N,24.662521E,-6,11.8,162
25413,T,220830,114129,60.218952N,24.662558E,-6,14.7,140
25414,T,220830,114130,60.218929N,24.662624E,-6,16.4,113
25415,T,220830,114131,60.218910N,24.662704E,-6,16.5,104
25416,T,220830,114132,60.218903N,24.662794E,-6,18.2,100
25417,T,220830,114133,60.218891N,24.662884E,-6,18.9,103
25418,T,220830,114134,60.218880N,24.662977E,-6,19.0,103
25419,T,220830,114135,60.218868N,24.663063E,-7,18.1,112
25420,T,220830,114136,60.218849N,24.663149E,-7,19.0,121
25421,T,220830,114137,60.218819N,24.663239E,-7,20.4,119
25422,T,220830,114138,60.218792N,24.663326E,-7,20.4,123
25423,T,220830,114139,60.218761N,24.663414E,-7,20.5,125
25424,T,220830,114140,60.218727N,24.663500E,-6,21.4,126
25425,T,220830,114141,60.218697N,24.663584E,-6,21.4,127
25426,T,220830,114142,60.218658N,24.663671E,-6,22.2,129
25427,T,220830,114143,60.218624N,24.663757E,-7,23.7,132
25428,T,220830,114144,60.218582N,24.663843E,-7,22.8,133
25429,T,220830,114145,60.218544N,24.663933E,-7,22.7,133
25430,T,220830,114146,60.218506N,24.664019E,-7,22.7,133
25431,T,220830,114147,60.218464N,24.664104E,-7,22.8,134
25432,T,220830,114148,60.218418N,24.664190E,-7,22.9,134
25433,T,220830,114149,60.218376N,24.664286E,-7,22.9,135
25434,T,220830,114150,60.218334N,24.664375E,-7,23.0,135
25435,T,220830,114151,60.218296N,24.664471E,-7,23.4,134
25436,T,220830,114152,60.218266N,24.664574E,-7,23.0,117
25437,T,220830,114153,60.218239N,24.664686E,-7,23.8,110
25438,T,220830,114154,60.218220N,24.664806E,-8,23.7,107
25439,T,220830,114155,60.218208N,24.664925E,-8,23.4,106
25440,T,220830,114156,60.218193N,24.665035E,-8,23.0,102
25441,T,220830,114157,60.218182N,24.665152E,-7,23.3,102
25442,T,220830,114158,60.218163N,24.665266E,-7,23.2,103
25443,T,220830,114159,60.218151N,24.665382E,-7,23.6,104
25444,T,220830,114200,60.218140N,24.665499E,-7,23.6,101
25445,T,220830,114201,60.218136N,24.665615E,-7,23.7,90
25446,T,220830,114202,60.218140N,24.665735E,-7,23.8,80
25447,T,220830,114203,60.218155N,24.665852E,-7,23.9,67
25448,T,220830,114204,60.218185N,24.665955E,-7,23.0,58
25449,T,220830,114205,60.218216N,24.666048E,-7,22.1,55
25450,T,220830,114206,60.218246N,24.666143E,-7,22.7,56
25451,T,220830,114207,60.218269N,24.666254E,-7,23.3,77
25452,T,220830,114208,60.218273N,24.666370E,-8,23.4,89
25453,T,220830,114209,60.218269N,24.666489E,-8,23.7,99
25454,T,220830,114210,60.218258N,24.666603E,-8,22.9,102
25455,T,220830,114211,60.218246N,24.666716E,-8,22.9,99
25456,T,220830,114212,60.218239N,24.666832E,-8,23.0,91
25457,T,220830,114213,60.218239N,24.666946E,-8,22.9,87
25458,T,220830,114214,60.218239N,24.667061E,-8,22.3,90
25459,T,220830,114215,60.218235N,24.667173E,-8,22.2,100
25460,T,220830,114216,60.218220N,24.667280E,-9,22.4,109
25461,T,220830,114217,60.218201N,24.667381E,-9,21.6,117
25462,T,220830,114218,60.218170N,24.667473E,-9,21.3,128
25463,T,220830,114219,60.218132N,24.667549E,-9,21.7,137
25464,T,220830,114220,60.218086N,24.667622E,-10,21.8,141
25465,T,220830,114221,60.218040N,24.667692E,-9,22.3,143
25466,T,220830,114222,60.217991N,24.667763E,-9,22.3,141
25467,T,220830,114223,60.217953N,24.667835E,-9,22.3,141
25468,T,220830,114224,60.217911N,24.667917E,-9,22.5,128
25469,T,220830,114225,60.217880N,24.668013E,-9,23.0,123
25470,T,220830,114226,60.217850N,24.668114E,-9,23.1,119
25471,T,220830,114227,60.217819N,24.668217E,-9,23.1,117
25472,T,220830,114228,60.217793N,24.668320E,-9,23.4,117
25473,T,220830,114229,60.217766N,24.668423E,-9,23.3,120
25474,T,220830,114230,60.217731N,24.668520E,-9,23.4,123
25475,T,220830,114231,60.217701N,24.668615E,-9,23.1,125
25476,T,220830,114232,60.217667N,24.668709E,-9,22.8,126
25477,T,220830,114233,60.217632N,24.668804E,-9,22.8,126
25478,T,220830,114234,60.217602N,24.668901E,-9,22.9,126
25479,T,220830,114235,60.217571N,24.669004E,-9,23.4,115
25480,T,220830,114236,60.217552N,24.669115E,-9,23.4,110
25481,T,220830,114237,60.217533N,24.669224E,-9,23.7,109
25482,T,220830,114238,60.217510N,24.669336E,-9,23.6,111
25483,T,220830,114239,60.217484N,24.669436E,-10,23.7,122
25484,T,220830,114240,60.217449N,24.669523E,-11,23.3,136
25485,T,220830,114241,60.217400N,24.669594E,-11,23.3,148
25486,T,220830,114242,60.217346N,24.669653E,-11,23.5,153
25487,T,220830,114243,60.217293N,24.669704E,-10,23.8,154
25488,T,220830,114244,60.217236N,24.669756E,-10,24.0,156
25489,T,220830,114245,60.217178N,24.669804E,-10,23.9,156
25490,T,220830,114246,60.217129N,24.669855E,-10,23.9,153
25491,T,220830,114247,60.217075N,24.669920E,-10,24.0,144
25492,T,220830,114248,60.217033N,24.669996E,-10,23.9,137
25493,T,220830,114249,60.216984N,24.670080E,-10,23.9,134
25494,T,220830,114250,60.216946N,24.670168E,-10,24.2,131
25495,T,220830,114251,60.216904N,24.670258E,-10,23.7,130
25496,T,220830,114252,60.216866N,24.670357E,-10,23.8,129
25497,T,220830,114253,60.216827N,24.670450E,-10,23.8,127
25498,T,220830,114254,60.216793N,24.670547E,-10,23.8,126
25499,T,220830,114255,60.216755N,24.670647E,-10,23.9,126
25500,T,220830,114256,60.216721N,24.670746E,-10,23.9,124
25501,T,220830,114257,60.216686N,24.670851E,-10,23.9,123
25502,T,220830,114258,60.216656N,24.670950E,-10,23.3,124
25503,T,220830,114259,60.216621N,24.671043E,-10,23.3,134
25504,T,220830,114300,60.216579N,24.671124E,-10,22.9,136
25505,T,220830,114301,60.216537N,24.671204E,-10,23.3,138
25506,T,220830,114302,60.216492N,24.671278E,-10,23.2,139
25507,T,220830,114303,60.216450N,24.671356E,-10,23.4,139
25508,T,220830,114304,60.216400N,24.671425E,-10,22.7,145
25509,T,220830,114305,60.216351N,24.671488E,-10,23.1,148
25510,T,220830,114306,60.216305N,24.671543E,-10,23.2,154
25511,T,220830,114307,60.216251N,24.671593E,-10,22.7,157
25512,T,220830,114308,60.216202N,24.671635E,-10,22.3,158
25513,T,220830,114309,60.216148N,24.671677E,-10,22.3,157
25514,T,220830,114310,60.216099N,24.671726E,-10,21.6,147
25515,T,220830,114311,60.216061N,24.671795E,-10,20.5,131
25516,T,220830,114312,60.216030N,24.671877E,-10,20.4,116
25517,T,220830,114313,60.216011N,24.671974E,-10,21.1,107
25518,T,220830,114314,60.216003N,24.672075E,-10,21.0,99
25519,T,220830,114315,60.215996N,24.672176E,-10,19.9,97
25520,T,220830,114316,60.215988N,24.672277E,-10,20.8,99
25521,T,220830,114317,60.215981N,24.672388E,-10,22.5,99
25522,T,220830,114318,60.215969N,24.672501E,-10,22.8,105
25523,T,220830,114319,60.215958N,24.672613E,-10,23.1,103
25524,T,220830,114320,60.215942N,24.672726E,-11,23.8,103
25525,T,220830,114321,60.215935N,24.672844E,-11,23.4,94
25526,T,220830,114322,60.215939N,24.672951E,-11,22.4,83
25527,T,220830,114323,60.215961N,24.673073E,-11,23.8,72
25528,T,220830,114324,60.215981N,24.673183E,-11,22.6,67
25529,T,220830,114325,60.216000N,24.673292E,-11,21.0,68
25530,T,220830,114326,60.216007N,24.673395E,-11,21.1,70
25531,T,220830,114327,60.216003N,24.673506E,-11,21.9,73
25532,T,220830,114328,60.215988N,24.673613E,-11,22.0,77
25533,T,220830,114329,60.215969N,24.673717E,-11,22.0,81
25534,T,220830,114330,60.215942N,24.673822E,-11,21.9,84
25535,T,220830,114331,60.215923N,24.673925E,-10,22.0,107
25536,T,220830,114332,60.215908N,24.674030E,-10,21.3,105
25537,T,220830,114333,60.215897N,24.674133E,-10,20.9,102
25538,T,220830,114334,60.215885N,24.674236E,-10,20.7,94
25539,T,220830,114335,60.215885N,24.674335E,-10,19.9,90
25540,T,220830,114336,60.215885N,24.674437E,-10,19.8,91
25541,T,220830,114337,60.215885N,24.674538E,-10,20.2,90
25542,T,220830,114338,60.215889N,24.674644E,-10,20.8,89
25543,T,220830,114339,60.215889N,24.674749E,-10,20.9,87
25544,T,220830,114340,60.215897N,24.674858E,-10,21.5,85
25545,T,220830,114341,60.215900N,24.674967E,-10,21.9,84
25546,T,220830,114342,60.215908N,24.675076E,-10,21.8,82
25547,T,220830,114343,60.215919N,24.675184E,-9,21.7,79
25548,T,220830,114344,60.215931N,24.675289E,-9,21.4,77
25549,T,220830,114345,60.215946N,24.675394E,-9,21.5,74
25550,T,220830,114346,60.215969N,24.675493E,-9,21.5,71
25551,T,220830,114347,60.215984N,24.675594E,-9,21.4,70
25552,T,220830,114348,60.216003N,24.675695E,-10,21.4,70
25553,T,220830,114349,60.216019N,24.675797E,-10,21.5,69
25554,T,220830,114350,60.216042N,24.675896E,-10,21.5,68
25555,T,220830,114351,60.216061N,24.675997E,-10,21.5,68
25556,T,220830,114352,60.216080N,24.676096E,-10,21.5,67
25557,T,220830,114353,60.216103N,24.676195E,-10,21.2,67
25558,T,220830,114354,60.216122N,24.676298E,-10,21.5,76
25559,T,220830,114355,60.216129N,24.676405E,-10,20.5,86
25560,T,220830,114356,60.216129N,24.676504E,-10,19.7,94
25561,T,220830,114357,60.216118N,24.676596E,-10,18.6,110
25562,T,220830,114358,60.216095N,24.676682E,-10,19.0,122
25563,T,220830,114359,60.216064N,24.676764E,-11,20.5,129
25564,T,220830,114400,60.216026N,24.676844E,-11,22.2,132
25565,T,220830,114401,60.215988N,24.676924E,-11,22.1,138
25566,T,220830,114402,60.215942N,24.676996E,-12,22.7,140
25567,T,220830,114403,60.215897N,24.677065E,-11,22.7,144
25568,T,220830,114404,60.215847N,24.677128E,-11,22.5,147
25569,T,220830,114405,60.215797N,24.677183E,-11,22.5,152
25570,T,220830,114406,60.215744N,24.677237E,-11,22.2,153
25571,T,220830,114407,60.215694N,24.677284E,-11,21.8,156
25572,T,220830,114408,60.215641N,24.677326E,-11,21.8,156
25573,T,220830,114409,60.215591N,24.677370E,-11,21.5,156
25574,T,220830,114410,60.215542N,24.677416E,-11,21.4,155
25575,T,220830,114411,60.215492N,24.677465E,-10,21.3,149
25576,T,220830,114412,60.215446N,24.677525E,-10,20.0,144
25577,T,220830,114413,60.215408N,24.677586E,-10,19.3,141
25578,T,220830,114414,60.215366N,24.677649E,-10,20.2,141
25579,T,220830,114415,60.215328N,24.677711E,-10,20.2,141
25580,T,220830,114416,60.215286N,24.677776E,-10,21.1,140
25581,T,220830,114417,60.215248N,24.677847E,-10,21.2,138
25582,T,220830,114418,60.215206N,24.677921E,-10,22.8,139
25583,T,220830,114419,60.215164N,24.677994E,-10,22.1,138
25584,T,220830,114420,60.215122N,24.678064E,-10,20.9,138
25585,T,220830,114421,60.215084N,24.678137E,-10,21.4,137
25586,T,220830,114422,60.215050N,24.678204E,-10,18.8,138
25587,T,220830,114423,60.215012N,24.678268E,-10,19.3,137
25588,T,220830,114424,60.214981N,24.678335E,-10,19.8,146
25589,T,220830,114425,60.214931N,24.678377E,-10,19.1,159
25590,T,220830,114426,60.214890N,24.678400E,-10,20.2,171
25591,T,220830,114427,60.214836N,24.678396E,-10,20.7,184
25592,T,220830,114428,60.214783N,24.678371E,-9,20.1,195
25593,T,220830,114429,60.214737N,24.678329E,-9,20.1,204
25594,T,220830,114430,60.214691N,24.678280E,-9,19.6,210
25595,T,220830,114431,60.214649N,24.678225E,-9,20.0,214
25596,T,220830,114432,60.214607N,24.678162E,-9,21.3,215
25597,T,220830,114433,60.214569N,24.678099E,-9,20.0,219
25598,T,220830,114434,60.214531N,24.678028E,-9,20.0,224
25599,T,220830,114435,60.214497N,24.677961E,-8,19.7,222
25600,T,220830,114436,60.214462N,24.677893E,-8,19.1,227
25601,T,220830,114437,60.214436N,24.677826E,-8,16.5,227
25602,T,220830,114438,60.214409N,24.677761E,-9,16.5,230
25603,T,220830,114439,60.214382N,24.677704E,-8,14.7,228
25604,T,220830,114440,60.214359N,24.677650E,-8,16.5,228
25605,T,220830,114441,60.214329N,24.677572E,-9,18.9,233
25606,T,220830,114442,60.214291N,24.677496E,-9,20.4,232
25607,T,220830,114443,60.214260N,24.677422E,-9,20.4,232
25608,T,220830,114444,60.214218N,24.677347E,-9,20.5,231
25609,T,220830,114445,60.214180N,24.677275E,-9,19.6,230
25610,T,220830,114446,60.214142N,24.677210E,-10,19.0,215
25611,T,220830,114447,60.214092N,24.677147E,-10,24.2,210
25612,T,220830,114448,60.214043N,24.677080E,-10,22.1,211
25613,T,220830,114449,60.214001N,24.677015E,-10,20.4,211
25614,T,220830,114450,60.213955N,24.676956E,-10,20.4,215
25615,T,220830,114451,60.213913N,24.676895E,-10,21.6,210
25616,T,220830,114452,60.213860N,24.676847E,-11,19.7,204
25617,T,220830,114453,60.213814N,24.676804E,-11,21.1,202
25618,T,220830,114454,60.213760N,24.676764E,-11,20.8,199
25619,T,220830,114455,60.213699N,24.676716E,-12,21.7,194
25620,T,220830,114456,60.213650N,24.676683E,-12,21.7,192
25621,T,220830,114457,60.213593N,24.676659E,-12,22.6,189
25622,T,220830,114458,60.213539N,24.676641E,-12,21.4,185
25623,T,220830,114459,60.213486N,24.676626E,-12,19.4,180
25624,T,220830,114500,60.213432N,24.676622E,-12,21.9,180
25625,T,220830,114501,60.213367N,24.676615E,-12,22.6,179
25626,T,220830,114502,60.213310N,24.676607E,-12,21.8,178
25627,T,220830,114503,60.213257N,24.676607E,-11,21.9,178
25628,T,220830,114504,60.213200N,24.676601E,-11,20.4,179
25629,T,220830,114505,60.213142N,24.676596E,-11,20.4,179
25630,T,220830,114506,60.213089N,24.676594E,-11,20.7,179
25631,T,220830,114507,60.213036N,24.676598E,-11,21.1,178
25632,T,220830,114508,60.212978N,24.676600E,-11,21.7,178
25633,T,220830,114509,60.212921N,24.676594E,-12,22.4,179
25634,T,220830,114510,60.212860N,24.676588E,-11,22.3,180
25635,T,220830,114511,60.212799N,24.676577E,-11,23.2,186
25636,T,220830,114512,60.212746N,24.676573E,-11,21.3,183
25637,T,220830,114513,60.212688N,24.676563E,-10,20.2,183
25638,T,220830,114514,60.212643N,24.676559E,-11,17.2,180
25639,T,220830,114515,60.212601N,24.676554E,-10,16.8,187
25640,T,220830,114516,60.212555N,24.676540E,-9,15.5,192
25641,T,220830,114517,60.212521N,24.676519E,-8,13.6,202
25642,T,220830,114518,60.212486N,24.676491E,-8,11.9,212
25643,T,220830,114519,60.212463N,24.676462E,-8,11.0,209
25644,T,220830,114520,60.212440N,24.676432E,-8,11.5,209
25645,T,220830,114521,60.212414N,24.676399E,-7,12.0,210
25646,T,220830,114522,60.212387N,24.676367E,-7,12.1,212
25647,T,220830,114523,60.212360N,24.676331E,-7,12.3,213
25648,T,220830,114524,60.212334N,24.676296E,-7,12.4,213
25649,T,220830,114525,60.212307N,24.676262E,-6,12.7,212
25650,T,220830,114526,60.212280N,24.676228E,-6,12.7,212
25651,T,220830,114527,60.212254N,24.676191E,-6,12.7,212
25652,T,220830,114528,60.212223N,24.676159E,-6,12.6,211
25653,T,220830,114529,60.212196N,24.676126E,-5,12.2,211
25654,T,220830,114530,60.212170N,24.676096E,-5,11.8,209
25655,T,220830,114531,60.212143N,24.676065E,-5,11.4,211
25656,T,220830,114532,60.212120N,24.676037E,-4,11.1,214
25657,T,220830,114533,60.212097N,24.676004E,-4,11.5,213
25658,T,220830,114534,60.212067N,24.675978E,-4,11.6,213
25659,T,220830,114535,60.212040N,24.675953E,-3,11.7,210
25660,T,220830,114536,60.212017N,24.675922E,-3,12.3,209
25661,T,220830,114537,60.211987N,24.675890E,-3,12.4,208
25662,T,220830,114538,60.211960N,24.675861E,-3,12.5,207
25663,T,220830,114539,60.211929N,24.675833E,-2,12.7,206
25664,T,220830,114540,60.211899N,24.675800E,-2,12.6,207
25665,T,220830,114541,60.211872N,24.675768E,-2,12.7,207
25666,T,220830,114542,60.211842N,24.675735E,-1,12.8,208
25667,T,220830,114543,60.211811N,24.675703E,-1,13.3,207
25668,T,220830,114544,60.211781N,24.675674E,-1,13.3,207
25669,T,220830,114545,60.211754N,24.675640E,-1,13.4,207
25670,T,220830,114546,60.211720N,24.675604E,-1,13.8,214
25671,T,220830,114547,60.211693N,24.675562E,-1,13.8,216
25672,T,220830,114548,60.211662N,24.675520E,-1,13.9,216
25673,T,220830,114549,60.211632N,24.675480E,-1,14.3,213
25674,T,220830,114550,60.211601N,24.675442E,-1,14.4,211
25675,T,220830,114551,60.211567N,24.675404E,-1,15.0,210
25676,T,220830,114552,60.211536N,24.675362E,-1,15.5,212
25677,T,220830,114553,60.211506N,24.675318E,-1,16.0,211
25678,T,220830,114554,60.211468N,24.675272E,-1,16.7,211
25679,T,220830,114555,60.211433N,24.675226E,-1,16.8,212
25680,T,220830,114556,60.211395N,24.675184E,-1,17.3,210
25681,T,220830,114557,60.211357N,24.675140E,-1,17.7,208
25682,T,220830,114558,60.211315N,24.675097E,-1,18.2,207
25683,T,220830,114559,60.211277N,24.675051E,-1,19.2,207
25684,T,220830,114600,60.211231N,24.674999E,-2,20.2,207
25685,T,220830,114601,60.211193N,24.674940E,-2,21.0,208
25686,T,220830,114602,60.211151N,24.674868E,-2,21.9,224
25687,T,220830,114603,60.211121N,24.674778E,-3,22.3,238
25688,T,220830,114604,60.211098N,24.674669E,-3,23.5,257
25689,T,220830,114605,60.211098N,24.674543E,-4,24.8,275
25690,T,220830,114606,60.211113N,24.674417E,-4,25.9,290
25691,T,220830,114607,60.211140N,24.674295E,-5,26.9,302
25692,T,220830,114608,60.211185N,24.674185E,-5,27.4,311
25693,T,220830,114609,60.211231N,24.674082E,-6,27.7,314
25694,T,220830,114610,60.211285N,24.673977E,-6,28.0,312
25695,T,220830,114611,60.211327N,24.673862E,-7,28.4,304
25696,T,220830,114612,60.211369N,24.673740E,-7,27.5,300
25697,T,220830,114613,60.211403N,24.673624E,-8,26.0,300
25698,T,220830,114614,60.211437N,24.673512E,-8,23.6,296
25699,T,220830,114615,60.211456N,24.673409E,-8,20.7,289
25700,T,220830,114616,60.211464N,24.673315E,-8,16.8,265
25701,T,220830,114617,60.211449N,24.673250E,-9,15.4,221
25702,T,220830,114618,60.211411N,24.673227E,-8,15.4,179
25703,T,220830,114619,60.211372N,24.673254E,-8,17.0,152
25704,T,220830,114620,60.211330N,24.673304E,-8,20.1,147
25705,T,220830,114621,60.211288N,24.673365E,-8,19.3,147
25706,T,220830,114622,60.211246N,24.673418E,-8,19.4,149
25707,T,220830,114623,60.211208N,24.673471E,-8,19.7,148
25708,T,220830,114624,60.211163N,24.673529E,-8,19.8,148
25709,T,220830,114625,60.211121N,24.673586E,-8,20.4,147
25710,T,220830,114626,60.211075N,24.673643E,-8,20.5,147
25711,T,220830,114627,60.211033N,24.673704E,-8,20.9,147
25712,T,220830,114628,60.210979N,24.673773E,-8,21.0,147
25713,T,220830,114629,60.210934N,24.673834E,-8,21.0,147
25714,T,220830,114630,60.210888N,24.673895E,-8,21.1,148
25715,T,220830,114631,60.210838N,24.673952E,-8,21.2,149
25716,T,220830,114632,60.210793N,24.674007E,-8,21.4,149
25717,T,220830,114633,60.210747N,24.674067E,-8,21.5,149
25718,T,220830,114634,60.210701N,24.674124E,-8,21.6,149
25719,T,220830,114635,60.210651N,24.674183E,-8,21.9,149
25720,T,220830,114636,60.210606N,24.674240E,-8,22.0,149
25721,T,220830,114637,60.210556N,24.674297E,-8,22.0,149
25722,T,220830,114638,60.210506N,24.674356E,-8,21.9,148
25723,T,220830,114639,60.210464N,24.674414E,-8,21.2,148
25724,T,220830,114640,60.210419N,24.674463E,-8,20.5,149
25725,T,220830,114641,60.210377N,24.674515E,-8,19.9,150
25726,T,220830,114642,60.210331N,24.674561E,-8,19.4,151
25727,T,220830,114643,60.210289N,24.674604E,-8,18.5,152
25728,T,220830,114644,60.210247N,24.674650E,-9,18.6,150
25729,T,220830,114645,60.210213N,24.674707E,-8,19.2,138
25730,T,220830,114646,60.210175N,24.674776E,-8,19.8,134
25731,T,220830,114647,60.210140N,24.674850E,-8,19.9,132
25732,T,220830,114648,60.210110N,24.674927E,-8,20.3,130
25733,T,220830,114649,60.210075N,24.675011E,-8,21.0,126
25734,T,220830,114650,60.210045N,24.675097E,-9,21.4,124
25735,T,220830,114651,60.210014N,24.675186E,-8,21.5,125
25736,T,220830,114652,60.209984N,24.675276E,-8,21.5,124
25737,T,220830,114653,60.209953N,24.675364E,-8,21.6,123
25738,T,220830,114654,60.209923N,24.675459E,-8,21.9,122
25739,T,220830,114655,60.209896N,24.675554E,-8,22.0,122
25740,T,220830,114656,60.209869N,24.675646E,-8,21.6,121
25741,T,220830,114657,60.209839N,24.675739E,-8,21.6,120
25742,T,220830,114658,60.209816N,24.675837E,-8,20.8,119
25743,T,220830,114659,60.209793N,24.675930E,-8,20.9,118
25744,T,220830,114700,60.209766N,24.676022E,-8,20.8,118
25745,T,220830,114701,60.209747N,24.676113E,-8,20.7,118
25746,T,220830,114702,60.209724N,24.676205E,-8,20.4,118
25747,T,220830,114703,60.209702N,24.676296E,-8,20.3,119
25748,T,220830,114704,60.209675N,24.676384E,-8,20.0,118
25749,T,220830,114705,60.209648N,24.676472E,-8,20.1,119
25750,T,220830,114706,60.209625N,24.676561E,-8,20.4,120
25751,T,220830,114707,60.209599N,24.676653E,-7,20.4,119
25752,T,220830,114708,60.209576N,24.676744E,-8,20.4,119
25753,T,220830,114709,60.209557N,24.676840E,-8,20.5,119
25754,T,220830,114710,60.209538N,24.676933E,-8,20.9,118
25755,T,220830,114711,60.209507N,24.677025E,-8,20.5,125
25756,T,220830,114712,60.209476N,24.677101E,-8,20.4,136
25757,T,220830,114713,60.209431N,24.677162E,-8,19.9,146
25758,T,220830,114714,60.209393N,24.677216E,-8,18.8,145
25759,T,220830,114715,60.209351N,24.677277E,-8,18.8,143
25760,T,220830,114716,60.209332N,24.677357E,-8,18.7,102
25761,T,220830,114717,60.209328N,24.677448E,-8,18.8,84
25762,T,220830,114718,60.209335N,24.677544E,-8,18.7,84
25763,T,220830,114719,60.209335N,24.677637E,-7,18.3,85
25764,T,220830,114720,60.209332N,24.677732E,-7,17.9,86
25765,T,220830,114721,60.209324N,24.677822E,-6,17.5,87
25766,T,220830,114722,60.209320N,24.677912E,-5,16.7,87
25767,T,220830,114723,60.209312N,24.677998E,-5,16.3,90
25768,T,220830,114724,60.209312N,24.678082E,-4,15.5,92
25769,T,220830,114725,60.209309N,24.678164E,-4,15.9,93
25770,T,220830,114726,60.209305N,24.678246E,-3,16.0,93
25771,T,220830,114727,60.209301N,24.678324E,-3,15.3,93
25772,T,220830,114728,60.209301N,24.678404E,-2,15.3,93
25773,T,220830,114729,60.209305N,24.678478E,-1,15.2,92
25774,T,220830,114730,60.209301N,24.678551E,-1,15.0,93
25775,T,220830,114731,60.209301N,24.678623E,-1,15.0,94
25776,T,220830,114732,60.209301N,24.678701E,0,15.1,104
25777,T,220830,114733,60.209290N,24.678778E,0,16.2,112
25778,T,220830,114734,60.209274N,24.678852E,0,15.3,117
25779,T,220830,114735,60.209259N,24.678917E,0,14.8,121
25780,T,220830,114736,60.209244N,24.678980E,0,15.7,114
25781,T,220830,114737,60.209232N,24.679047E,0,14.7,116
25782,T,220830,114738,60.209217N,24.679106E,0,14.8,116
25783,T,220830,114739,60.209202N,24.679167E,0,14.2,119
25784,T,220830,114740,60.209179N,24.679222E,0,14.2,125
25785,T,220830,114741,60.209156N,24.679276E,0,14.1,131
25786,T,220830,114742,60.209133N,24.679323E,1,14.1,133
25787,T,220830,114743,60.209106N,24.679375E,1,14.0,136
25788,T,220830,114744,60.209080N,24.679420E,1,14.5,134
25789,T,220830,114745,60.209053N,24.679466E,1,13.9,145
25790,T,220830,114746,60.209023N,24.679504E,1,13.5,145
25791,T,220830,114747,60.208992N,24.679543E,1,13.6,145
25792,T,220830,114748,60.208965N,24.679577E,1,13.3,153
25793,T,220830,114749,60.208931N,24.679598E,1,13.1,153
25794,T,220830,114750,60.208900N,24.679617E,1,13.1,154
25795,T,220830,114751,60.208866N,24.679626E,1,13.1,155
25796,T,220830,114752,60.208832N,24.679644E,1,13.0,158
25797,T,220830,114753,60.208805N,24.679668E,2,12.6,156
25798,T,220830,114754,60.208775N,24.679695E,2,12.7,157
25799,T,220830,114755,60.208744N,24.679722E,2,13.1,157
25800,T,220830,114756,60.208714N,24.679749E,2,13.1,157
25801,T,220830,114757,60.208679N,24.679775E,3,12.9,157
25802,T,220830,114758,60.208652N,24.679804E,3,12.6,157
25803,T,220830,114759,60.208626N,24.679829E,3,12.5,156
25804,T,220830,114800,60.208595N,24.679859E,3,12.9,147
25805,T,220830,114801,60.208565N,24.679888E,3,12.5,148
25806,T,220830,114802,60.208534N,24.679924E,4,13.5,145
25807,T,220830,114803,60.208511N,24.679960E,4,12.4,145
25808,T,220830,114804,60.208488N,24.679993E,4,12.3,146
25809,T,220830,114805,60.208466N,24.680025E,4,12.7,145
25810,T,220830,114806,60.208435N,24.680050E,4,12.3,145
25811,T,220830,114807,60.208408N,24.680079E,4,12.3,146
25812,T,220830,114808,60.208382N,24.680113E,4,11.9,146
25813,T,220830,114809,60.208355N,24.680147E,4,13.1,151
25814,T,220830,114810,60.208321N,24.680157E,4,13.1,150
25815,T,220830,114811,60.208286N,24.680183E,4,14.0,149
25816,T,220830,114812,60.208252N,24.680212E,4,14.3,148
25817,T,220830,114813,60.208221N,24.680254E,5,14.7,147
25818,T,220830,114814,60.208187N,24.680300E,5,15.0,148
25819,T,220830,114815,60.208157N,24.680347E,5,15.3,148
25820,T,220830,114816,60.208118N,24.680395E,5,15.3,148
25821,T,220830,114817,60.208088N,24.680445E,5,14.7,147
25822,T,220830,114818,60.208057N,24.680496E,5,14.8,146
25823,T,220830,114819,60.208027N,24.680540E,5,15.6,145
25824,T,220830,114820,60.207996N,24.680584E,5,15.2,146
25825,T,220830,114821,60.207958N,24.680624E,6,15.9,147
25826,T,220830,114822,60.207924N,24.680664E,6,16.6,149
25827,T,220830,114823,60.207890N,24.680704E,6,16.9,150
25828,T,220830,114824,60.207851N,24.680744E,6,16.8,150
25829,T,220830,114825,60.207817N,24.680784E,6,16.3,150
25830,T,220830,114826,60.207779N,24.680824E,6,15.5,149
25831,T,220830,114827,60.207748N,24.680868E,6,16.2,148
25832,T,220830,114828,60.207710N,24.680908E,6,16.4,149
25833,T,220830,114829,60.207676N,24.680946E,6,15.7,149
25834,T,220830,114830,60.207642N,24.680971E,6,15.7,150
25835,T,220830,114831,60.207600N,24.680988E,5,16.9,150
25836,T,220830,114832,60.207558N,24.681004E,5,18.6,164
25837,T,220830,114833,60.207508N,24.681017E,5,18.1,169
25838,T,220830,114834,60.207458N,24.681032E,5,19.0,171
25839,T,220830,114835,60.207417N,24.681053E,5,19.0,170
25840,T,220830,114836,60.207367N,24.681078E,5,19.8,170
25841,T,220830,114837,60.207321N,24.681101E,4,19.9,171
25842,T,220830,114838,60.207268N,24.681116E,4,20.6,172
25843,T,220830,114839,60.207214N,24.681133E,4,21.3,173
25844,T,220830,114840,60.207161N,24.681143E,4,22.0,174
25845,T,220830,114841,60.207108N,24.681156E,4,21.8,174
25846,T,220830,114842,60.207050N,24.681168E,4,21.1,174
25847,T,220830,114843,60.207005N,24.681185E,3,20.5,173
25848,T,220830,114844,60.206951N,24.681202E,4,20.2,171
25849,T,220830,114845,60.206902N,24.681215E,4,19.7,169
25850,T,220830,114846,60.206852N,24.681238E,5,17.9,168
25851,T,220830,114847,60.206814N,24.681255E,5,16.0,174
25852,T,220830,114848,60.206779N,24.681242E,4,14.2,206
25853,T,220830,114849,60.206757N,24.681198E,4,13.4,239
25854,T,220830,114850,60.206741N,24.681143E,4,13.3,238
25855,T,220830,114851,60.206718N,24.681095E,4,12.2,236
25856,T,220830,114852,60.206692N,24.681065E,4,14.3,233
25857,T,220830,114853,60.206657N,24.681049E,3,17.1,228
25858,T,220830,114854,60.206612N,24.681046E,3,19.3,223
25859,T,220830,114855,60.206566N,24.681040E,3,20.3,220
25860,T,220830,114856,60.206512N,24.681036E,2,21.5,215
25861,T,220830,114857,60.206459N,24.681030E,2,21.5,212
25862,T,220830,114858,60.206406N,24.681023E,1,22.7,208
25863,T,220830,114859,60.206345N,24.681005E,0,24.2,206
25864,T,220830,114900,60.206284N,24.680990E,0,25.2,203
25865,T,220830,114901,60.206219N,24.680971E,0,27.1,201
25866,T,220830,114902,60.206158N,24.680956E,-1,25.5,199
25867,T,220830,114903,60.206093N,24.680939E,-1,25.9,198
25868,T,220830,114904,60.206032N,24.680916E,-1,25.5,196
25869,T,220830,114905,60.205971N,24.680935E,-2,24.1,195
25870,T,220830,114906,60.205925N,24.680922E,-2,20.6,194
25871,T,220830,114907,60.205879N,24.680916E,-2,17.4,178
25872,T,220830,114908,60.205845N,24.680914E,-1,14.7,180
25873,T,220830,114909,60.205807N,24.680906E,-1,15.7,181
25874,T,220830,114910,60.205769N,24.680899E,-1,16.1,183
25875,T,220830,114911,60.205727N,24.680887E,-1,16.2,185
25876,T,220830,114912,60.205688N,24.680899E,-1,16.8,177
25877,T,220830,114913,60.205647N,24.680916E,-1,18.5,176
25878,T,220830,114914,60.205601N,24.680923E,-1,19.1,178
25879,T,220830,114915,60.205551N,24.680916E,-1,17.9,181
25880,T,220830,114916,60.205509N,24.680912E,0,16.0,181
25881,T,220830,114917,60.205463N,24.680912E,0,15.9,173
25882,T,220830,114918,60.205429N,24.680925E,1,14.3,164
25883,T,220830,114919,60.205399N,24.680939E,1,11.2,155
25884,T,220830,114920,60.205376N,24.680965E,1,10.9,152
25885,T,220830,114921,60.205357N,24.680996E,1,9.4,143
25886,T,220830,114922,60.205341N,24.681030E,2,9.3,138
25887,T,220830,114923,60.205322N,24.681063E,2,7.2,131
25888,T,220830,114924,60.205311N,24.681087E,3,6.9,132
25889,T,220830,114925,60.205299N,24.681110E,3,6.9,134
25890,T,220830,114926,60.205288N,24.681129E,4,6.8,136
25891,T,220830,114927,60.205273N,24.681156E,4,7.3,139
25892,T,220830,114928,60.205261N,24.681183E,4,7.9,137
25893,T,220830,114929,60.205242N,24.681200E,5,8.6,140
25894,T,220830,114930,60.205223N,24.681210E,5,9.6,142
25895,T,220830,114931,60.205196N,24.681219E,5,11.2,144
25896,T,220830,114932,60.205170N,24.681236E,5,12.7,146
25897,T,220830,114933,60.205135N,24.681257E,6,13.2,148
25898,T,220830,114934,60.205109N,24.681280E,6,13.1,150
25899,T,220830,114935,60.205074N,24.681295E,6,13.1,151
25900,T,220830,114936,60.205044N,24.681307E,6,13.2,154
25901,T,220830,114937,60.205009N,24.681311E,6,13.3,156
25902,T,220830,114938,60.204979N,24.681309E,7,13.3,158
25903,T,220830,114939,60.204948N,24.681314E,7,13.9,160
25904,T,220830,114940,60.204914N,24.681324E,7,13.2,162
25905,T,220830,114941,60.204884N,24.681341E,8,13.3,160
25906,T,220830,114942,60.204853N,24.681366E,8,13.7,154
25907,T,220830,114943,60.204823N,24.681396E,8,12.5,151
25908,T,220830,114944,60.204792N,24.681423E,8,13.5,152
25909,T,220830,114945,60.204762N,24.681454E,9,13.1,153
25910,T,220830,114946,60.204731N,24.681484E,9,12.4,154
25911,T,220830,114947,60.204704N,24.681517E,9,12.9,147
25912,T,220830,114948,60.204681N,24.681547E,8,12.6,149
25913,T,220830,114949,60.204651N,24.681581E,9,12.5,149
25914,T,220830,114950,60.204632N,24.681616E,9,8.6,148
25915,T,220830,114951,60.204620N,24.681641E,9,3.9,148
25916,T,220830,114952,60.204609N,24.681664E,9,7.7,145
25917,T,220830,114953,60.204601N,24.681696E,9,7.4,143
25918,T,220830,114954,60.204594N,24.681736E,9,9.1,141
25919,T,220830,114955,60.204567N,24.681770E,10,11.3,141
25920,T,220830,114956,60.204540N,24.681801E,10,10.9,141
25921,T,220830,114957,60.204529N,24.681852E,10,14.4,140
25922,T,220830,114958,60.204529N,24.681919E,9,14.0,136
25923,T,220830,114959,60.204536N,24.681992E,10,15.5,132
25924,T,220830,115000,60.204548N,24.682068E,11,16.4,126
25925,T,220830,115001,60.204559N,24.682148E,11,17.0,121
25926,T,220830,115002,60.204567N,24.682234E,11,17.1,117
25927,T,220830,115003,60.204578N,24.682316E,11,17.2,113
25928,T,220830,115004,60.204582N,24.682400E,11,17.2,109
25929,T,220830,115005,60.204594N,24.682482E,12,17.3,105
25930,T,220830,115006,60.204594N,24.682558E,12,16.9,102
25931,T,220830,115007,60.204597N,24.682644E,12,17.4,99
25932,T,220830,115008,60.204601N,24.682735E,12,17.3,97
25933,T,220830,115009,60.204609N,24.682823E,12,17.0,95
25934,T,220830,115010,60.204609N,24.682913E,12,16.5,93
25935,T,220830,115011,60.204613N,24.682997E,13,16.5,91
25936,T,220830,115012,60.204620N,24.683075E,12,16.2,90
25937,T,220830,115013,60.204624N,24.683155E,12,16.3,89
25938,T,220830,115014,60.204632N,24.683241E,11,16.7,88
25939,T,220830,115015,60.204632N,24.683325E,11,17.0,95
25940,T,220830,115016,60.204632N,24.683409E,12,17.5,97
25941,T,220830,115017,60.204632N,24.683496E,12,17.4,95
25942,T,220830,115018,60.204632N,24.683582E,12,18.0,84
25943,T,220830,115019,60.204643N,24.683666E,11,17.5,65
25944,T,220830,115020,60.204666N,24.683744E,11,17.1,59
25945,T,220830,115021,60.204689N,24.683819E,11,17.7,60
25946,T,220830,115022,60.204708N,24.683901E,11,17.9,63
25947,T,220830,115023,60.204720N,24.683985E,11,17.7,73
25948,T,220830,115024,60.204727N,24.684074E,11,17.4,82
25949,T,220830,115025,60.204731N,24.684156E,10,15.5,85
25950,T,220830,115026,60.204727N,24.684238E,10,16.9,101
25951,T,220830,115027,60.204716N,24.684317E,10,16.0,110
25952,T,220830,115028,60.204704N,24.684393E,10,16.0,108
25953,T,220830,115029,60.204689N,24.684469E,10,16.5,108
25954,T,220830,115030,60.204681N,24.684549E,10,16.5,105
25955,T,220830,115031,60.204674N,24.684629E,11,17.2,112
25956,T,220830,115032,60.204655N,24.684711E,10,17.1,114
25957,T,220830,115033,60.204636N,24.684792E,11,18.3,118
25958,T,220830,115034,60.204617N,24.684870E,11,17.1,121
25959,T,220830,115035,60.204594N,24.684938E,11,18.1,127
25960,T,220830,115036,60.204567N,24.685007E,11,17.0,128
25961,T,220830,115037,60.204536N,24.685078E,10,18.4,131
25962,T,220830,115038,60.204498N,24.685154E,10,18.5,131
25963,T,220830,115039,60.204475N,24.685225E,11,17.3,125
25964,T,220830,115040,60.204453N,24.685293E,11,17.8,128
25965,T,220830,115041,60.204426N,24.685356E,11,17.2,129
25966,T,220830,115042,60.204399N,24.685423E,11,16.5,128
25967,T,220830,115043,60.204376N,24.685484E,11,16.5,128
25968,T,220830,115044,60.204350N,24.685551E,11,16.5,130
25969,T,220830,115045,60.204319N,24.685612E,12,16.1,131
25970,T,220830,115046,60.204292N,24.685671E,12,16.2,132
25971,T,220830,115047,60.204262N,24.685726E,13,16.7,133
25972,T,220830,115048,60.204227N,24.685783E,13,16.6,135
25973,T,220830,115049,60.204197N,24.685844E,13,17.0,135
25974,T,220830,115050,60.204163N,24.685905E,13,17.9,134
25975,T,220830,115051,60.204132N,24.685976E,13,18.5,133
25976,T,220830,115052,60.204102N,24.686049E,13,18.6,131
25977,T,220830,115053,60.204071N,24.686123E,13,19.0,129
25978,T,220830,115054,60.204041N,24.686195E,13,18.7,127
25979,T,220830,115055,60.204014N,24.686275E,13,20.1,125
25980,T,220830,115056,60.203983N,24.686357E,13,20.1,124
25981,T,220830,115057,60.203957N,24.686438E,13,19.0,123
25982,T,220830,115058,60.203934N,24.686514E,13,17.4,123
25983,T,220830,115059,60.203903N,24.686584E,13,17.1,125
25984,T,220830,115100,60.203880N,24.686657E,13,18.2,125
25985,T,220830,115101,60.203850N,24.686728E,13,17.6,126
25986,T,220830,115102,60.203823N,24.686798E,13,17.6,126
25987,T,220830,115103,60.203800N,24.686865E,14,17.0,126
25988,T,220830,115104,60.203773N,24.686932E,14,17.1,126
25989,T,220830,115105,60.203747N,24.687000E,14,16.8,127
25990,T,220830,115106,60.203720N,24.687063E,14,16.7,127
25991,T,220830,115107,60.203693N,24.687130E,14,16.7,128
25992,T,220830,115108,60.203663N,24.687199E,14,16.7,130
25993,T,220830,115109,60.203636N,24.687256E,15,16.7,132
25994,T,220830,115110,60.203609N,24.687309E,15,16.8,133
25995,T,220830,115111,60.203575N,24.687365E,15,16.8,134
25996,T,220830,115112,60.203545N,24.687424E,15,16.4,134
25997,T,220830,115113,60.203522N,24.687485E,15,16.3,133
25998,T,220830,115114,60.203495N,24.687544E,16,16.4,130
25999,T,220830,115115,60.203468N,24.687609E,16,16.5,130
26000,T,220830,115116,60.203442N,24.687674E,15,16.5,129
26001,T,220830,115117,60.203411N,24.687740E,15,17.2,131
26002,T,220830,115118,60.203381N,24.687803E,15,17.3,131
26003,T,220830,115119,60.203354N,24.687872E,15,17.4,132
26004,T,220830,115120,60.203320N,24.687943E,15,18.1,131
26005,T,220830,115121,60.203293N,24.688011E,15,18.2,129
26006,T,220830,115122,60.203262N,24.688086E,15,19.1,129
26007,T,220830,115123,60.203236N,24.688162E,15,19.8,128
26008,T,220830,115124,60.203209N,24.688238E,15,19.6,128
26009,T,220830,115125,60.203175N,24.688316E,14,19.6,129
26010,T,220830,115126,60.203144N,24.688395E,14,19.7,130
26011,T,220830,115127,60.203114N,24.688471E,13,20.2,131
26012,T,220830,115128,60.203075N,24.688543E,13,20.3,132
26013,T,220830,115129,60.203041N,24.688623E,12,20.8,132
26014,T,220830,115130,60.203003N,24.688702E,12,21.2,133
26015,T,220830,115131,60.202969N,24.688782E,12,21.3,133
26016,T,220830,115132,60.202927N,24.688858E,12,21.6,134
26017,T,220830,115133,60.202888N,24.688936E,12,21.8,135
26018,T,220830,115134,60.202847N,24.689013E,12,21.7,136
26019,T,220830,115135,60.202808N,24.689083E,12,22.2,137
26020,T,220830,115136,60.202763N,24.689156E,12,21.7,138
26021,T,220830,115137,60.202724N,24.689226E,12,21.1,140
26022,T,220830,115138,60.202679N,24.689301E,12,21.2,140
26023,T,220830,115139,60.202637N,24.689369E,12,21.3,140
26024,T,220830,115140,60.202595N,24.689440E,12,21.6,139
26025,T,220830,115141,60.202557N,24.689514E,11,21.6,139
26026,T,220830,115142,60.202511N,24.689589E,11,21.6,139
26027,T,220830,115143,60.202473N,24.689665E,11,21.6,139
26028,T,220830,115144,60.202431N,24.689737E,10,22.1,138
26029,T,220830,115145,60.202389N,24.689814E,10,21.7,137
26030,T,220830,115146,60.202347N,24.689884E,10,21.8,138
26031,T,220830,115147,60.202305N,24.689957E,9,21.8,138
26032,T,220830,115148,60.202263N,24.690027E,9,22.5,139
26033,T,220830,115149,60.202221N,24.690096E,9,21.8,140
26034,T,220830,115150,60.202175N,24.690165E,9,22.9,142
26035,T,220830,115151,60.202129N,24.690228E,9,22.8,143
26036,T,220830,115152,60.202084N,24.690292E,9,22.4,144
26037,T,220830,115153,60.202042N,24.690359E,10,22.4,139
26038,T,220830,115154,60.202000N,24.690435E,10,22.9,136
26039,T,220830,115155,60.201962N,24.690519E,10,23.6,131
26040,T,220830,115156,60.201923N,24.690615E,9,24.0,126
26041,T,220830,115157,60.201889N,24.690712E,9,23.5,123
26042,T,220830,115158,60.201855N,24.690809E,9,22.9,123
26043,T,220830,115159,60.201824N,24.690907E,8,23.1,126
26044,T,220830,115200,60.201790N,24.690996E,8,22.3,132
26045,T,220830,115201,60.201748N,24.691076E,7,21.3,137
26046,T,220830,115202,60.201702N,24.691145E,7,22.2,146
26047,T,220830,115203,60.201664N,24.691196E,6,18.2,146
26048,T,220830,115204,60.201630N,24.691238E,6,16.5,150
26049,T,220830,115205,60.201595N,24.691278E,6,12.7,149
26050,T,220830,115206,60.201576N,24.691330E,6,14.6,146
26051,T,220830,115207,60.201569N,24.691404E,7,16.7,141
26052,T,220830,115208,60.201569N,24.691488E,7,17.5,139
26053,T,220830,115209,60.201569N,24.691563E,7,17.0,134
26054,T,220830,115210,60.201565N,24.691635E,7,17.0,130
26055,T,220830,115211,60.201561N,24.691729E,8,17.0,126
26056,T,220830,115212,60.201561N,24.691818E,8,17.2,123
26057,T,220830,115213,60.201553N,24.691908E,8,17.5,120
26058,T,220830,115214,60.201553N,24.691998E,8,17.5,117
26059,T,220830,115215,60.201550N,24.692085E,8,17.5,115
26060,T,220830,115216,60.201550N,24.692179E,8,17.5,112
26061,T,220830,115217,60.201542N,24.692270E,8,17.7,110
26062,T,220830,115218,60.201542N,24.692360E,9,17.8,108
26063,T,220830,115219,60.201534N,24.692451E,9,17.8,106
26064,T,220830,115220,60.201527N,24.692539E,9,17.9,105
26065,T,220830,115221,60.201523N,24.692635E,9,18.6,104
26066,T,220830,115222,60.201519N,24.692726E,9,19.1,103
26067,T,220830,115223,60.201511N,24.692823E,9,19.7,101
26068,T,220830,115224,60.201508N,24.692923E,9,20.5,98
26069,T,220830,115225,60.201500N,24.693024E,9,21.5,97
26070,T,220830,115226,60.201492N,24.693136E,9,22.9,97
26071,T,220830,115227,60.201485N,24.693249E,9,24.2,98
26072,T,220830,115228,60.201473N,24.693371E,8,25.2,99
26073,T,220830,115229,60.201466N,24.693499E,8,26.3,99
26074,T,220830,115230,60.201454N,24.693632E,8,26.8,97
26075,T,220830,115231,60.201450N,24.693769E,7,27.5,97
26076,T,220830,115232,60.201454N,24.693911E,7,27.8,86
26077,T,220830,115233,60.201466N,24.694048E,7,27.9,81
26078,T,220830,115234,60.201481N,24.694185E,7,27.9,76
26079,T,220830,115235,60.201496N,24.694317E,6,26.4,77
26080,T,220830,115236,60.201508N,24.694445E,6,24.9,79
26081,T,220830,115237,60.201515N,24.694551E,6,18.3,78
26082,T,220830,115238,60.201523N,24.694622E,6,10.1,75
26083,T,220830,115239,60.201527N,24.694658E,6,4.7,75
26084,T,220830,115240,60.201519N,24.694675E,6,0.0,75
26085,T,220830,115241,60.201519N,24.694696E,6,0.0,75
26086,T,220830,115242,60.201515N,24.694714E,6,0.0,75
26087,T,220830,115243,60.201508N,24.694744E,6,8.1,76
26088,T,220830,115244,60.201496N,24.694794E,6,11.5,78
26089,T,220830,115245,60.201481N,24.694857E,6,15.0,81
26090,T,220830,115246,60.201473N,24.694939E,6,17.0,83
26091,T,220830,115247,60.201473N,24.695036E,6,19.3,84
26092,T,220830,115248,60.201473N,24.695135E,6,19.6,85
26093,T,220830,115249,60.201466N,24.695236E,6,19.7,86
26094,T,220830,115250,60.201462N,24.695335E,7,20.6,87
26095,T,220830,115251,60.201466N,24.695435E,7,20.2,87
26096,T,220830,115252,60.201469N,24.695532E,8,19.5,86
26097,T,220830,115253,60.201473N,24.695625E,8,19.5,86
26098,T,220830,115254,60.201477N,24.695723E,9,19.5,85
26099,T,220830,115255,60.201481N,24.695824E,10,20.0,84
26100,T,220830,115256,60.201485N,24.695925E,10,20.1,85
26101,T,220830,115257,60.201488N,24.696028E,11,21.0,86
26102,T,220830,115258,60.201488N,24.696140E,11,22.8,87
26103,T,220830,115259,60.201488N,24.696257E,11,22.9,90
26104,T,220830,115300,60.201485N,24.696371E,12,22.8,91
26105,T,220830,115301,60.201481N,24.696489E,12,23.9,93
26106,T,220830,115302,60.201473N,24.696615E,12,24.6,94
26107,T,220830,115303,60.201469N,24.696741E,12,24.5,94
26108,T,220830,115304,60.201466N,24.696863E,12,24.5,94
26109,T,220830,115305,60.201462N,24.696987E,11,24.3,95
26110,T,220830,115306,60.201447N,24.697111E,11,23.7,96
26111,T,220830,115307,60.201439N,24.697231E,11,23.3,97
26112,T,220830,115308,60.201427N,24.697346E,11,22.6,98
26113,T,220830,115309,60.201412N,24.697456E,11,21.9,100
26114,T,220830,115310,60.201401N,24.697561E,11,21.4,101
26115,T,220830,115311,60.201393N,24.697670E,12,20.8,101
26116,T,220830,115312,60.201382N,24.697771E,12,20.0,101
26117,T,220830,115313,60.201366N,24.697868E,13,19.6,101
26118,T,220830,115314,60.201359N,24.697964E,13,19.5,101
26119,T,220830,115315,60.201351N,24.698055E,13,19.2,101
26120,T,220830,115316,60.201340N,24.698153E,14,19.5,101
26121,T,220830,115317,60.201328N,24.698248E,14,19.5,102
26122,T,220830,115318,60.201321N,24.698343E,14,19.6,102
26123,T,220830,115319,60.201309N,24.698441E,14,19.7,103
26124,T,220830,115320,60.201298N,24.698540E,15,20.5,104
26125,T,220830,115321,60.201279N,24.698641E,15,21.1,105
26126,T,220830,115322,60.201260N,24.698732E,14,20.5,106
26127,T,220830,115323,60.201237N,24.698830E,14,20.8,107
26128,T,220830,115324,60.201218N,24.698923E,14,19.5,107
26129,T,220830,115325,60.201199N,24.699013E,14,18.3,108
26130,T,220830,115326,60.201187N,24.699097E,15,17.5,108
26131,T,220830,115327,60.201180N,24.699179E,16,16.6,107
26132,T,220830,115328,60.201168N,24.699251E,16,15.0,107
26133,T,220830,115329,60.201153N,24.699318E,16,15.5,115
26134,T,220830,115330,60.201134N,24.699387E,17,15.5,119
26135,T,220830,115331,60.201111N,24.699453E,17,15.5,121
26136,T,220830,115332,60.201096N,24.699518E,17,14.8,119
26137,T,220830,115333,60.201077N,24.699581E,17,14.4,120
26138,T,220830,115334,60.201061N,24.699642E,17,13.6,117
26139,T,220830,115335,60.201042N,24.699699E,17,12.7,119
26140,T,220830,115336,60.201027N,24.699760E,17,13.7,118
26141,T,220830,115337,60.201008N,24.699814E,17,12.3,127
26142,T,220830,115338,60.200989N,24.699863E,18,12.8,126
26143,T,220830,115339,60.200970N,24.699911E,18,11.7,127
26144,T,220830,115340,60.200951N,24.699965E,18,12.4,120
26145,T,220830,115341,60.200932N,24.700016E,19,11.9,122
26146,T,220830,115342,60.200909N,24.700066E,18,10.9,123
26147,T,220830,115343,60.200890N,24.700111E,18,11.6,125
26148,T,220830,115344,60.200871N,24.700159E,18,11.3,124
26149,T,220830,115345,60.200851N,24.700205E,19,10.7,126
26150,T,220830,115346,60.200836N,24.700256E,19,11.5,127
26151,T,220830,115347,60.200813N,24.700308E,19,12.2,129
26152,T,220830,115348,60.200794N,24.700356E,20,11.7,124
26153,T,220830,115349,60.200775N,24.700405E,20,12.1,124
26154,T,220830,115350,60.200756N,24.700460E,21,13.0,125
26155,T,220830,115351,60.200733N,24.700512E,21,13.0,129
26156,T,220830,115352,60.200710N,24.700563E,22,13.1,124
26157,T,220830,115353,60.200691N,24.700623E,22,13.0,121
26158,T,220830,115354,60.200672N,24.700678E,22,13.0,122
26159,T,220830,115355,60.200649N,24.700727E,22,11.5,125
26160,T,220830,115356,60.200630N,24.700783E,22,12.8,123
26161,T,220830,115357,60.200615N,24.700838E,23,11.8,121
26162,T,220830,115358,60.200596N,24.700893E,23,12.9,126
26163,T,220830,115359,60.200577N,24.700949E,24,13.7,130
26164,T,220830,115400,60.200554N,24.701002E,24,13.8,128
26165,T,220830,115401,60.200527N,24.701059E,24,14.2,127
26166,T,220830,115402,60.200508N,24.701120E,24,14.0,126
26167,T,220830,115403,60.200485N,24.701180E,23,14.8,127
26168,T,220830,115404,60.200459N,24.701239E,23,15.2,129
26169,T,220830,115405,60.200432N,24.701298E,23,16.0,129
26170,T,220830,115406,60.200405N,24.701361E,23,16.9,137
26171,T,220830,115407,60.200371N,24.701420E,23,17.0,135
26172,T,220830,115408,60.200340N,24.701487E,23,18.0,135
26173,T,220830,115409,60.200310N,24.701557E,23,19.1,134
26174,T,220830,115410,60.200275N,24.701635E,22,20.4,134
26175,T,220830,115411,60.200245N,24.701717E,22,20.5,133
26176,T,220830,115412,60.200211N,24.701803E,22,20.6,132
26177,T,220830,115413,60.200180N,24.701893E,23,19.8,132
26178,T,220830,115414,60.200150N,24.701975E,23,20.5,130
26179,T,220830,115415,60.200115N,24.702051E,23,20.2,129
26180,T,220830,115416,60.200085N,24.702129E,23,19.8,128
26181,T,220830,115417,60.200050N,24.702209E,22,19.2,128
26182,T,220830,115418,60.200020N,24.702284E,22,18.7,128
26183,T,220830,115419,60.199993N,24.702356E,22,18.0,129
26184,T,220830,115420,60.199963N,24.702427E,22,17.7,129
26185,T,220830,115421,60.199936N,24.702496E,22,17.7,129
26186,T,220830,115422,60.199909N,24.702564E,22,18.1,128
26187,T,220830,115423,60.199879N,24.702639E,22,18.4,129
26188,T,220830,115424,60.199848N,24.702709E,21,18.8,129
26189,T,220830,115425,60.199818N,24.702784E,21,19.7,129
26190,T,220830,115426,60.199783N,24.702860E,21,20.9,130
26191,T,220830,115427,60.199749N,24.702944E,21,22.3,129
26192,T,220830,115428,60.199711N,24.703035E,20,23.8,129
26193,T,220830,115429,60.199673N,24.703131E,19,25.2,130
26194,T,220830,115430,60.199631N,24.703230E,19,25.6,129
26195,T,220830,115431,60.199589N,24.703337E,19,26.9,128
26196,T,220830,115432,60.199543N,24.703442E,18,27.6,128
26197,T,220830,115433,60.199505N,24.703547E,18,26.2,128
26198,T,220830,115434,60.199463N,24.703648E,18,24.8,128
26199,T,220830,115435,60.199429N,24.703745E,18,23.2,128
26200,T,220830,115436,60.199390N,24.703829E,18,20.3,128
26201,T,220830,115437,60.199364N,24.703901E,18,16.7,128
26202,T,220830,115438,60.199341N,24.703964E,18,15.8,126
26203,T,220830,115439,60.199322N,24.704035E,18,16.8,113
26204,T,220830,115440,60.199303N,24.704107E,18,15.3,113
26205,T,220830,115441,60.199284N,24.704178E,18,17.1,114
26206,T,220830,115442,60.199261N,24.704256E,17,20.0,115
26207,T,220830,115443,60.199226N,24.704338E,17,22.0,116
26208,T,220830,115444,60.199192N,24.704424E,17,23.2,117
26209,T,220830,115445,60.199158N,24.704512E,16,23.8,118
26210,T,220830,115446,60.199120N,24.704605E,16,23.9,119
26211,T,220830,115447,60.199078N,24.704697E,16,24.1,135
26212,T,220830,115448,60.199032N,24.704775E,16,24.2,141
26213,T,220830,115449,60.198978N,24.704847E,16,24.5,144
26214,T,220830,115450,60.198929N,24.704918E,16,24.1,142
26215,T,220830,115451,60.198883N,24.704987E,16,22.7,144
26216,T,220830,115452,60.198841N,24.705055E,16,23.1,139
26217,T,220830,115453,60.198795N,24.705130E,17,22.5,139
26218,T,220830,115454,60.198757N,24.705200E,17,20.8,136
26219,T,220830,115455,60.198719N,24.705271E,17,19.9,134
26220,T,220830,115456,60.198689N,24.705338E,18,18.8,132
26221,T,220830,115457,60.198662N,24.705410E,18,18.0,127
26222,T,220830,115458,60.198631N,24.705479E,18,17.0,127
26223,T,220830,115459,60.198605N,24.705544E,19,16.2,128
26224,T,220830,115500,60.198582N,24.705605E,19,15.2,129
26225,T,220830,115501,60.198555N,24.705664E,20,14.7,129
26226,T,220830,115502,60.198532N,24.705721E,20,14.1,127
26227,T,220830,115503,60.198513N,24.705774E,20,12.6,129
26228,T,220830,115504,60.198498N,24.705820E,21,12.1,129
26229,T,220830,115505,60.198479N,24.705870E,21,12.2,123
26230,T,220830,115506,60.198460N,24.705915E,21,12.2,124
26231,T,220830,115507,60.198441N,24.705967E,22,12.9,124
26232,T,220830,115508,60.198418N,24.706017E,22,13.9,125
26233,T,220830,115509,60.198391N,24.706070E,22,14.4,127
26234,T,220830,115510,60.198368N,24.706125E,22,15.0,129
26235,T,220830,115511,60.198345N,24.706184E,21,15.7,130
26236,T,220830,115512,60.198318N,24.706244E,22,15.8,130
26237,T,220830,115513,60.198296N,24.706305E,21,15.8,130
26238,T,220830,115514,60.198273N,24.706369E,21,16.4,129
26239,T,220830,115515,60.198242N,24.706434E,21,16.5,128
26240,T,220830,115516,60.198219N,24.706505E,22,17.1,128
26241,T,220830,115517,60.198193N,24.706575E,22,17.7,127
26242,T,220830,115518,60.198170N,24.706644E,22,16.8,127
26243,T,220830,115519,60.198139N,24.706717E,22,17.5,127
26244,T,220830,115520,60.198112N,24.706785E,22,19.8,128
26245,T,220830,115521,60.198078N,24.706860E,22,18.9,128
26246,T,220830,115522,60.198048N,24.706934E,22,19.2,129
26247,T,220830,115523,60.198021N,24.707010E,21,19.2,129
26248,T,220830,115524,60.197987N,24.707085E,21,18.5,128
26249,T,220830,115525,60.197964N,24.707157E,21,18.5,127
26250,T,220830,115526,60.197937N,24.707233E,21,19.0,126
26251,T,220830,115527,60.197903N,24.707314E,21,20.7,127
26252,T,220830,115528,60.197876N,24.707388E,21,18.8,127
26253,T,220830,115529,60.197842N,24.707464E,21,21.8,135
26254,T,220830,115530,60.197807N,24.707544E,21,21.5,135
26255,T,220830,115531,60.197773N,24.707626E,21,21.6,134
26256,T,220830,115532,60.197739N,24.707718E,21,23.1,133
26257,T,220830,115533,60.197704N,24.707808E,21,22.4,133
26258,T,220830,115534,60.197666N,24.707895E,21,22.4,132
26259,T,220830,115535,60.197639N,24.707985E,21,21.4,131
26260,T,220830,115536,60.197613N,24.708076E,21,21.9,116
26261,T,220830,115537,60.197590N,24.708176E,21,22.4,113
26262,T,220830,115538,60.197563N,24.708282E,21,23.0,111
26263,T,220830,115539,60.197544N,24.708389E,21,22.6,111
26264,T,220830,115540,60.197521N,24.708498E,21,22.5,110
26265,T,220830,115541,60.197498N,24.708603E,21,21.9,110
26266,T,220830,115542,60.197483N,24.708702E,21,20.5,111
26267,T,220830,115543,60.197464N,24.708796E,22,19.7,111
26268,T,220830,115544,60.197449N,24.708883E,22,18.6,111
26269,T,220830,115545,60.197433N,24.708969E,22,17.8,112
26270,T,220830,115546,60.197414N,24.709045E,22,17.0,112
26271,T,220830,115547,60.197395N,24.709124E,22,16.8,121
26272,T,220830,115548,60.197369N,24.709192E,23,16.2,132
26273,T,220830,115549,60.197338N,24.709251E,23,15.8,137
26274,T,220830,115550,60.197308N,24.709305E,24,14.6,140
26275,T,220830,115551,60.197277N,24.709349E,24,13.6,142
26276,T,220830,115552,60.197247N,24.709389E,25,13.5,147
26277,T,220830,115553,60.197220N,24.709421E,25,12.4,151
26278,T,220830,115554,60.197193N,24.709448E,25,11.6,153
26279,T,220830,115555,60.197163N,24.709476E,25,11.5,152
26280,T,220830,115556,60.197140N,24.709501E,25,11.4,151
26281,T,220830,115557,60.197113N,24.709534E,25,13.0,148
26282,T,220830,115558,60.197079N,24.709570E,25,15.0,148
26283,T,220830,115559,60.197052N,24.709616E,25,15.3,137
26284,T,220830,115600,60.197021N,24.709661E,25,16.1,138
26285,T,220830,115601,60.196987N,24.709715E,25,18.9,138
26286,T,220830,115602,60.196953N,24.709778E,25,18.9,137
26287,T,220830,115603,60.196918N,24.709852E,24,21.4,136
26288,T,220830,115604,60.196880N,24.709932E,23,23.0,136
26289,T,220830,115605,60.196838N,24.710018E,22,24.2,135
26290,T,220830,115606,60.196793N,24.710096E,22,24.3,144
26291,T,220830,115607,60.196739N,24.710163E,21,26.0,149
26292,T,220830,115608,60.196678N,24.710230E,21,27.1,153
26293,T,220830,115609,60.196617N,24.710291E,20,27.9,154
26294,T,220830,115610,60.196552N,24.710352E,20,28.4,154
26295,T,220830,115611,60.196484N,24.710417E,19,29.1,153
26296,T,220830,115612,60.196419N,24.710484E,19,29.1,152
26297,T,220830,115613,60.196358N,24.710554E,19,27.5,151
26298,T,220830,115614,60.196293N,24.710621E,18,28.8,152
26299,T,220830,115615,60.196232N,24.710695E,18,29.3,146
26300,T,220830,115616,60.196171N,24.710791E,18,29.2,136
26301,T,220830,115617,60.196125N,24.710903E,17,28.5,127
26302,T,220830,115618,60.196079N,24.711023E,17,28.6,126
26303,T,220830,115619,60.196037N,24.711143E,16,28.1,127
26304,T,220830,115620,60.195988N,24.711252E,15,28.2,129
26305,T,220830,115621,60.195946N,24.711355E,15,27.1,128
26306,T,220830,115622,60.195900N,24.711460E,14,25.6,127
26307,T,220830,115623,60.195866N,24.711561E,13,25.3,126
26308,T,220830,115624,60.195831N,24.711653E,13,20.8,128
26309,T,220830,115625,60.195801N,24.711720E,12,15.2,128
26310,T,220830,115626,60.195782N,24.711777E,13,11.4,127
26311,T,220830,115627,60.195763N,24.711824E,12,12.2,114
26312,T,220830,115628,60.195759N,24.711887E,13,13.1,93
26313,T,220830,115629,60.195763N,24.711962E,13,15.2,71
26314,T,220830,115630,60.195786N,24.712030E,13,15.7,52
26315,T,220830,115631,60.195808N,24.712090E,13,15.8,43
26316,T,220830,115632,60.195839N,24.712143E,13,15.5,38
26317,T,220830,115633,60.195873N,24.712189E,14,15.5,36
26318,T,220830,115634,60.195900N,24.712234E,14,14.9,38
26319,T,220830,115635,60.195927N,24.712278E,14,13.9,40
26320,T,220830,115636,60.195957N,24.712324E,14,14.0,39
26321,T,220830,115637,60.195984N,24.712372E,14,14.6,40
26322,T,220830,115638,60.196011N,24.712418E,15,14.3,40
26323,T,220830,115639,60.196041N,24.712463E,15,14.7,39
26324,T,220830,115640,60.196068N,24.712515E,15,13.9,47
26325,T,220830,115641,60.196079N,24.712572E,15,13.2,74
26326,T,220830,115642,60.196079N,24.712643E,15,14.3,102
26327,T,220830,115643,60.196064N,24.712713E,14,16.2,120
26328,T,220830,115644,60.196041N,24.712780E,14,17.2,131
26329,T,220830,115645,60.196003N,24.712852E,14,19.2,133
26330,T,220830,115646,60.195969N,24.712931E,13,22.2,131
26331,T,220830,115647,60.195930N,24.713022E,13,24.0,130
26332,T,220830,115648,60.195892N,24.713116E,13,24.5,129
26333,T,220830,115649,60.195850N,24.713215E,12,25.7,129
26334,T,220830,115650,60.195808N,24.713320E,12,27.5,130
26335,T,220830,115651,60.195766N,24.713425E,11,26.8,129
26336,T,220830,115652,60.195724N,24.713524E,11,27.7,129
26337,T,220830,115653,60.195679N,24.713633E,11,27.8,130
26338,T,220830,115654,60.195633N,24.713736E,11,27.4,130
26339,T,220830,115655,60.195587N,24.713840E,11,26.5,130
26340,T,220830,115656,60.195545N,24.713942E,11,25.6,129
26341,T,220830,115657,60.195503N,24.714041E,11,24.2,128
26342,T,220830,115658,60.195469N,24.714130E,11,22.3,128
26343,T,220830,115659,60.195431N,24.714212E,11,19.2,129
26344,T,220830,115700,60.195404N,24.714279E,11,16.5,129
26345,T,220830,115701,60.195381N,24.714348E,11,15.8,127
26346,T,220830,115702,60.195354N,24.714415E,11,16.1,126
26347,T,220830,115703,60.195332N,24.714474E,12,14.0,125
26348,T,220830,115704,60.195313N,24.714533E,12,14.1,123
26349,T,220830,115705,60.195293N,24.714598E,12,15.8,124
26350,T,220830,115706,60.195263N,24.714659E,12,15.1,133
26351,T,220830,115707,60.195240N,24.714716E,12,14.8,132
26352,T,220830,115708,60.195221N,24.714787E,12,16.7,131
26353,T,220830,115709,60.195187N,24.714869E,12,20.2,128
26354,T,220830,115710,60.195156N,24.714956E,11,22.5,126
26355,T,220830,115711,60.195122N,24.715055E,10,25.9,126
26356,T,220830,115712,60.195080N,24.715160E,10,26.0,125
26357,T,220830,115713,60.195042N,24.715263E,10,26.6,125
26358,T,220830,115714,60.194996N,24.715364E,10,25.7,126
26359,T,220830,115715,60.194950N,24.715460E,10,25.3,126
26360,T,220830,115716,60.194908N,24.715551E,10,24.5,128
26361,T,220830,115717,60.194866N,24.715647E,10,24.0,129
26362,T,220830,115718,60.194828N,24.715740E,10,23.6,129
26363,T,220830,115719,60.194782N,24.715832E,10,22.9,130
26364,T,220830,115720,60.194748N,24.715916E,9,22.8,130
26365,T,220830,115721,60.194710N,24.715998E,9,21.4,130
26366,T,220830,115722,60.194668N,24.716080E,9,20.5,130
26367,T,220830,115723,60.194633N,24.716164E,9,21.2,130
26368,T,220830,115724,60.194599N,24.716242E,9,19.7,129
26369,T,220830,115725,60.194576N,24.716320E,9,18.1,120
26370,T,220830,115726,60.194557N,24.716402E,9,17.4,108
26371,T,220830,115727,60.194550N,24.716488E,9,17.5,97
26372,T,220830,115728,60.194550N,24.716579E,9,18.7,78
26373,T,220830,115729,60.194565N,24.716673E,9,19.5,63
26374,T,220830,115730,60.194592N,24.716755E,8,20.5,50
26375,T,220830,115731,60.194630N,24.716831E,8,21.7,42
26376,T,220830,115732,60.194672N,24.716904E,8,21.8,39
26377,T,220830,115733,60.194714N,24.716976E,8,21.9,40
26378,T,220830,115734,60.194756N,24.717047E,8,21.9,39
26379,T,220830,115735,60.194801N,24.717115E,8,21.9,42
26380,T,220830,115736,60.194836N,24.717192E,8,19.9,50
26381,T,220830,115737,60.194859N,24.717274E,8,19.4,63
26382,T,220830,115738,60.194878N,24.717363E,8,17.7,79
26383,T,220830,115739,60.194881N,24.717447E,9,16.1,85
26384,T,220830,115740,60.194878N,24.717518E,9,12.2,101
26385,T,220830,115741,60.194859N,24.717567E,9,9.3,125
26386,T,220830,115742,60.194851N,24.717604E,9,7.5,124
26387,T,220830,115743,60.194847N,24.717632E,9,5.5,121
26388,T,220830,115744,60.194855N,24.717644E,9,5.2,121
26389,T,220830,115745,60.194866N,24.717630E,9,7.6,317
26390,T,220830,115746,60.194881N,24.717596E,9,8.0,316
26391,T,220830,115747,60.194889N,24.717554E,9,9.7,313
26392,T,220830,115748,60.194893N,24.717497E,8,12.4,310
26393,T,220830,115749,60.194897N,24.717424E,8,14.3,307
26394,T,220830,115750,60.194897N,24.717348E,8,13.6,303
26395,T,220830,115751,60.194889N,24.717270E,8,13.9,299
26396,T,220830,115752,60.194874N,24.717201E,8,14.8,293
26397,T,220830,115753,60.194847N,24.717146E,7,15.1,287
26398,T,220830,115754,60.194817N,24.717102E,8,11.8,280
26399,T,220830,115755,60.194782N,24.717087E,8,11.7,184
26400,T,220830,115756,60.194756N,24.717102E,8,11.8,180
26401,T,220830,115757,60.194733N,24.717144E,8,11.9,175
26402,T,220830,115758,60.194714N,24.717196E,7,13.5,170
26403,T,220830,115759,60.194691N,24.717255E,8,14.0,166
26404,T,220830,115800,60.194668N,24.717312E,7,14.8,162
26405,T,220830,115801,60.194645N,24.717369E,8,14.9,158
26406,T,220830,115802,60.194618N,24.717432E,8,16.4,155
26407,T,220830,115803,60.194592N,24.717497E,8,17.0,152
26408,T,220830,115804,60.194569N,24.717564E,8,17.6,149
26409,T,220830,115805,60.194538N,24.717634E,8,16.7,146
26410,T,220830,115806,60.194515N,24.717697E,8,16.1,144
26411,T,220830,115807,60.194492N,24.717766E,8,17.0,142
26412,T,220830,115808,60.194466N,24.717838E,9,18.2,140
26413,T,220830,115809,60.194439N,24.717913E,8,17.2,138
26414,T,220830,115810,60.194412N,24.717979E,8,16.6,137
26415,T,220830,115811,60.194389N,24.718044E,8,16.0,136
26416,T,220830,115812,60.194359N,24.718103E,8,16.1,134
26417,T,220830,115813,60.194332N,24.718170E,8,17.5,131
26418,T,220830,115814,60.194309N,24.718239E,8,16.6,128
26419,T,220830,115815,60.194283N,24.718311E,8,17.7,122
26420,T,220830,115816,60.194256N,24.718386E,8,18.5,123
26421,T,220830,115817,60.194229N,24.718458E,8,17.5,123
26422,T,220830,115818,60.194199N,24.718533E,8,19.1,124
26423,T,220830,115819,60.194168N,24.718607E,8,19.9,124
26424,T,220830,115820,60.194134N,24.718683E,8,20.2,127
26425,T,220830,115821,60.194103N,24.718769E,8,20.2,119
26426,T,220830,115822,60.194080N,24.718864E,8,19.8,117
26427,T,220830,115823,60.194065N,24.718952E,8,17.3,108
26428,T,220830,115824,60.194050N,24.719036E,8,17.4,104
26429,T,220830,115825,60.194038N,24.719124E,8,16.6,105
26430,T,220830,115826,60.194027N,24.719204E,7,17.4,106
26431,T,220830,115827,60.194016N,24.719294E,7,17.5,106
26432,T,220830,115828,60.194000N,24.719379E,7,18.5,106
26433,T,220830,115829,60.193989N,24.719473E,7,18.5,106
26434,T,220830,115830,60.193974N,24.719564E,7,19.1,106
26435,T,220830,115831,60.193958N,24.719658E,7,19.2,106
26436,T,220830,115832,60.193943N,24.719748E,7,18.9,106
26437,T,220830,115833,60.193928N,24.719839E,6,18.5,106
26438,T,220830,115834,60.193916N,24.719931E,6,18.2,107
26439,T,220830,115835,60.193901N,24.720016E,6,17.7,109
26440,T,220830,115836,60.193878N,24.720098E,6,16.5,110
26441,T,220830,115837,60.193867N,24.720177E,6,15.3,102
26442,T,220830,115838,60.193859N,24.720257E,6,15.2,97
26443,T,220830,115839,60.193859N,24.720337E,7,14.9,83
26444,T,220830,115840,60.193871N,24.720398E,6,15.2,44
26445,T,220830,115841,60.193897N,24.720444E,6,11.5,32
26446,T,220830,115842,60.193920N,24.720469E,6,10.6,19
26447,T,220830,115843,60.193947N,24.720484E,6,10.7,18
26448,T,220830,115844,60.193970N,24.720495E,6,10.1,10
26449,T,220830,115845,60.193996N,24.720510E,6,10.7,11
26450,T,220830,115846,60.194019N,24.720528E,5,11.8,12
26451,T,220830,115847,60.194050N,24.720552E,5,12.4,13
26452,T,220830,115848,60.194080N,24.720575E,5,13.9,14
26453,T,220830,115849,60.194111N,24.720596E,5,14.3,16
26454,T,220830,115850,60.194149N,24.720615E,5,13.6,15
26455,T,220830,115851,60.194180N,24.720633E,5,14.2,16
26456,T,220830,115852,60.194221N,24.720650E,5,14.6,17
26457,T,220830,115853,60.194256N,24.720676E,5,14.7,18
26458,T,220830,115854,60.194298N,24.720695E,6,16.0,18
26459,T,220830,115855,60.194332N,24.720718E,6,15.1,17
26460,T,220830,115856,60.194366N,24.720736E,7,14.1,17
26461,T,220830,115857,60.194408N,24.720758E,7,13.6,17
26462,T,220830,115858,60.194439N,24.720783E,7,13.6,19
26463,T,220830,115859,60.194473N,24.720806E,8,13.7,19
26464,T,220830,115900,60.194504N,24.720825E,8,13.2,19
26465,T,220830,115901,60.194534N,24.720842E,9,12.0,18
26466,T,220830,115902,60.194569N,24.720856E,9,12.1,15
26467,T,220830,115903,60.194599N,24.720869E,9,12.4,15
26468,T,220830,115904,60.194630N,24.720888E,10,11.8,15
26469,T,220830,115905,60.194656N,24.720903E,10,11.7,16
26470,T,220830,115906,60.194679N,24.720922E,10,11.0,17
26471,T,220830,115907,60.194710N,24.720934E,11,10.5,17
26472,T,220830,115908,60.194733N,24.720951E,11,10.1,17
26473,T,220830,115909,60.194752N,24.720980E,10,9.5,18
26474,T,220830,115910,60.194763N,24.721018E,10,8.8,22
26475,T,220830,115911,60.194763N,24.721066E,10,9.5,27
26476,T,220830,115912,60.194763N,24.721119E,10,10.5,32
26477,T,220830,115913,60.194759N,24.721178E,10,12.8,38
26478,T,220830,115914,60.194752N,24.721247E,10,14.3,45
26479,T,220830,115915,60.194740N,24.721319E,10,15.2,50
26480,T,220830,115916,60.194729N,24.721397E,10,16.0,56
26481,T,220830,115917,60.194721N,24.721478E,10,16.7,61
26482,T,220830,115918,60.194710N,24.721561E,10,17.0,66
26483,T,220830,115919,60.194687N,24.721649E,10,18.8,114
26484,T,220830,115920,60.194668N,24.721743E,10,19.7,115
26485,T,220830,115921,60.194649N,24.721836E,10,20.5,115
26486,T,220830,115922,60.194633N,24.721937E,10,21.6,114
26487,T,220830,115923,60.194618N,24.722046E,10,20.8,113
26488,T,220830,115924,60.194603N,24.722157E,10,21.4,112
26489,T,220830,115925,60.194592N,24.722265E,10,21.0,111
26490,T,220830,115926,60.194580N,24.722368E,9,19.7,110
26491,T,220830,115927,60.194569N,24.722469E,9,19.8,109
26492,T,220830,115928,60.194557N,24.722570E,9,20.4,109
26493,T,220830,115929,60.194550N,24.722672E,9,21.9,108
26494,T,220830,115930,60.194530N,24.722782E,9,21.3,106
26495,T,220830,115931,60.194511N,24.722891E,9,21.6,112
26496,T,220830,115932,60.194489N,24.722994E,9,21.6,117
26497,T,220830,115933,60.194462N,24.723089E,9,20.4,117
26498,T,220830,115934,60.194435N,24.723183E,9,19.1,117
26499,T,220830,115935,60.194408N,24.723269E,10,19.1,122
26500,T,220830,115936,60.194382N,24.723352E,10,19.4,124
26501,T,220830,115937,60.194347N,24.723434E,10,19.2,124
26502,T,220830,115938,60.194321N,24.723516E,10,18.3,124
26503,T,220830,115939,60.194290N,24.723598E,10,18.6,118
26504,T,220830,115940,60.194267N,24.723694E,10,20.0,118
26505,T,220830,115941,60.194244N,24.723787E,11,19.9,116
26506,T,220830,115942,60.194221N,24.723883E,11,19.0,117
26507,T,220830,115943,60.194199N,24.723970E,11,17.9,116
26508,T,220830,115944,60.194180N,24.724056E,12,18.0,113
26509,T,220830,115945,60.194160N,24.724144E,11,17.9,111
26510,T,220830,115946,60.194145N,24.724234E,11,17.6,110
26511,T,220830,115947,60.194126N,24.724319E,11,17.0,108
26512,T,220830,115948,60.194115N,24.724401E,11,16.1,108
26513,T,220830,115949,60.194103N,24.724480E,11,16.0,103
26514,T,220830,115950,60.194092N,24.724564E,11,17.3,101
26515,T,220830,115951,60.194080N,24.724655E,11,18.1,100
26516,T,220830,115952,60.194073N,24.724751E,10,18.7,98
26517,T,220830,115953,60.194069N,24.724848E,10,19.4,95
26518,T,220830,115954,60.194073N,24.724958E,10,19.7,90
26519,T,220830,115955,60.194073N,24.725060E,10,20.6,92
26520,T,220830,115956,60.194061N,24.725166E,9,21.3,93
26521,T,220830,115957,60.194042N,24.725277E,9,21.6,94
26522,T,220830,115958,60.194019N,24.725386E,8,24.5,96
26523,T,220830,115959,60.193993N,24.725504E,8,25.0,98
26524,T,220830,120000,60.193954N,24.725620E,7,25.0,100
26525,T,220830,120001,60.193924N,24.725737E,7,24.9,102
26526,T,220830,120002,60.193893N,24.725861E,7,26.4,103
26527,T,220830,120003,60.193863N,24.725986E,8,27.4,105
26528,T,220830,120004,60.193832N,24.726105E,7,26.3,106
26529,T,220830,120005,60.193794N,24.726227E,8,27.3,108
26530,T,220830,120006,60.193760N,24.726343E,7,27.2,109
26531,T,220830,120007,60.193726N,24.726461E,7,26.4,111
26532,T,220830,120008,60.193684N,24.726578E,7,26.5,112
26533,T,220830,120009,60.193649N,24.726692E,7,26.1,113
26534,T,220830,120010,60.193607N,24.726807E,7,26.2,114
26535,T,220830,120011,60.193577N,24.726925E,7,26.8,116
26536,T,220830,120012,60.193539N,24.727045E,7,26.0,116
26537,T,220830,120013,60.193516N,24.727175E,7,27.2,108
26538,T,220830,120014,60.193501N,24.727303E,7,27.2,103
26539,T,220830,120015,60.193489N,24.727436E,6,26.5,94
26540,T,220830,120016,60.193489N,24.727568E,6,26.0,84
26541,T,220830,120017,60.193501N,24.727695E,6,26.2,75
26542,T,220830,120018,60.193520N,24.727823E,6,26.3,74
26543,T,220830,120019,60.193535N,24.727957E,6,26.7,74
26544,T,220830,120020,60.193558N,24.728086E,6,27.0,73
26545,T,220830,120021,60.193573N,24.728218E,6,27.3,73
26546,T,220830,120022,60.193592N,24.728352E,6,27.6,74
26547,T,220830,120023,60.193607N,24.728485E,6,28.0,74
26548,T,220830,120024,60.193626N,24.728624E,6,28.4,74
26549,T,220830,120025,60.193645N,24.728769E,5,28.5,75
26550,T,220830,120026,60.193661N,24.728914E,5,28.9,76
26551,T,220830,120027,60.193672N,24.729055E,5,29.2,77
26552,T,220830,120028,60.193684N,24.729200E,4,29.2,79
26553,T,220830,120029,60.193687N,24.729343E,4,29.7,80
26554,T,220830,120030,60.193695N,24.729492E,4,29.7,81
26555,T,220830,120031,60.193703N,24.729645E,3,30.7,83
26556,T,220830,120032,60.193707N,24.729797E,3,31.5,90
26557,T,220830,120033,60.193703N,24.729956E,3,32.0,95
26558,T,220830,120034,60.193695N,24.730110E,3,31.3,94
26559,T,220830,120035,60.193687N,24.730261E,2,29.7,93
26560,T,220830,120036,60.193684N,24.730404E,3,28.1,92
26561,T,220830,120037,60.193680N,24.730541E,3,26.3,91
26562,T,220830,120038,60.193680N,24.730665E,3,24.5,90
26563,T,220830,120039,60.193680N,24.730783E,3,22.8,90
26564,T,220830,120040,60.193680N,24.730892E,3,21.3,90
26565,T,220830,120041,60.193680N,24.730993E,3,20.0,90
26566,T,220830,120042,60.193680N,24.731091E,3,18.8,91
26567,T,220830,120043,60.193680N,24.731182E,3,18.2,91
26568,T,220830,120044,60.193680N,24.731274E,3,18.3,91
26569,T,220830,120045,60.193680N,24.731367E,3,18.7,91
26570,T,220830,120046,60.193684N,24.731464E,3,19.2,90
26571,T,220830,120047,60.193687N,24.731560E,4,19.2,88
26572,T,220830,120048,60.193687N,24.731655E,4,19.1,87
26573,T,220830,120049,60.193695N,24.731749E,4,18.6,85
26574,T,220830,120050,60.193699N,24.731838E,4,18.5,84
26575,T,220830,120051,60.193707N,24.731928E,4,18.4,82
26576,T,220830,120052,60.193714N,24.732016E,4,18.0,81
26577,T,220830,120053,60.193722N,24.732103E,4,17.5,80
26578,T,220830,120054,60.193729N,24.732185E,4,16.1,80
26579,T,220830,120055,60.193733N,24.732264E,4,14.9,81
26580,T,220830,120056,60.193733N,24.732332E,5,14.0,89
26581,T,220830,120057,60.193729N,24.732395E,5,13.2,95
26582,T,220830,120058,60.193726N,24.732456E,5,13.2,105
26583,T,220830,120059,60.193707N,24.732510E,5,13.4,124
26584,T,220830,120100,60.193687N,24.732555E,5,13.0,132
26585,T,220830,120101,60.193668N,24.732601E,5,12.2,131
26586,T,220830,120102,60.193657N,24.732658E,5,13.7,127
26587,T,220830,120103,60.193657N,24.732719E,4,11.4,123
26588,T,220830,120104,60.193661N,24.732777E,4,11.3,119
26589,T,220830,120105,60.193668N,24.732828E,4,11.0,114
26590,T,220830,120106,60.193680N,24.732874E,4,10.8,109
26591,T,220830,120107,60.193699N,24.732906E,4,10.5,103
26592,T,220830,120108,60.193726N,24.732931E,4,11.0,96
26593,T,220830,120109,60.193748N,24.732965E,4,11.2,90
26594,T,220830,120110,60.193768N,24.733009E,4,11.2,86
26595,T,220830,120111,60.193779N,24.733059E,4,11.3,82
26596,T,220830,120112,60.193787N,24.733114E,4,11.2,79
26597,T,220830,120113,60.193794N,24.733173E,4,12.5,77
26598,T,220830,120114,60.193802N,24.733238E,4,13.5,76
26599,T,220830,120115,60.193810N,24.733307E,4,13.9,75
26600,T,220830,120116,60.193813N,24.733376E,5,13.9,75
26601,T,220830,120117,60.193821N,24.733444E,5,13.9,75
26602,T,220830,120118,60.193825N,24.733517E,5,13.5,76
26603,T,220830,120119,60.193829N,24.733582E,5,13.4,78
26604,T,220830,120120,60.193832N,24.733644E,6,12.4,79
26605,T,220830,120121,60.193840N,24.733704E,6,12.5,71
26606,T,220830,120122,60.193848N,24.733765E,6,13.7,64
26607,T,220830,120123,60.193863N,24.733826E,6,14.7,62
26608,T,220830,120124,60.193890N,24.733885E,7,14.2,48
26609,T,220830,120125,60.193905N,24.733940E,7,13.3,50
26610,T,220830,120126,60.193920N,24.733999E,7,13.7,51
26611,T,220830,120127,60.193928N,24.734074E,7,15.5,54
26612,T,220830,120128,60.193932N,24.734152E,7,15.5,57
26613,T,220830,120129,60.193939N,24.734226E,7,16.1,59
26614,T,220830,120130,60.193947N,24.734304E,8,16.8,61
26615,T,220830,120131,60.193954N,24.734390E,8,17.2,63
26616,T,220830,120132,60.193962N,24.734474E,8,17.7,64
26617,T,220830,120133,60.193970N,24.734560E,8,17.2,66
26618,T,220830,120134,60.193981N,24.734644E,8,17.1,67
26619,T,220830,120135,60.193985N,24.734728E,8,17.2,68
26620,T,220830,120136,60.193993N,24.734816E,8,17.5,70
26621,T,220830,120137,60.193996N,24.734901E,8,17.5,71
26622,T,220830,120138,60.194004N,24.734987E,8,17.2,72
26623,T,220830,120139,60.194012N,24.735073E,8,17.1,73
26624,T,220830,120140,60.194019N,24.735155E,8,16.1,74
26625,T,220830,120141,60.194023N,24.735237E,8,16.2,75
26626,T,220830,120142,60.194027N,24.735317E,8,15.6,75
26627,T,220830,120143,60.194035N,24.735395E,8,15.6,76
26628,T,220830,120144,60.194042N,24.735472E,8,15.5,76
26629,T,220830,120145,60.194050N,24.735548E,9,15.5,84
26630,T,220830,120146,60.194054N,24.735624E,9,14.3,82
26631,T,220830,120147,60.194057N,24.735695E,9,13.6,80
26632,T,220830,120148,60.194061N,24.735760E,9,13.1,80
26633,T,220830,120149,60.194069N,24.735825E,10,12.4,80
26634,T,220830,120150,60.194073N,24.735886E,10,12.4,76
26635,T,220830,120151,60.194080N,24.735949E,10,13.1,75
26636,T,220830,120152,60.194088N,24.736012E,11,13.0,74
26637,T,220830,120153,60.194096N,24.736076E,11,12.6,84
26638,T,220830,120154,60.194099N,24.736137E,11,13.0,81
26639,T,220830,120155,60.194103N,24.736204E,11,12.9,83
26640,T,220830,120156,60.194107N,24.736265E,11,13.0,75
26641,T,220830,120157,60.194115N,24.736330E,12,13.3,76
26642,T,220830,120158,60.194122N,24.736391E,12,12.9,77
26643,T,220830,120159,60.194126N,24.736456E,12,13.3,75
26644,T,220830,120200,60.194138N,24.736517E,12,13.5,75
26645,T,220830,120201,60.194153N,24.736584E,12,13.5,74
26646,T,220830,120202,60.194160N,24.736649E,13,13.0,75
26647,T,220830,120203,60.194168N,24.736713E,13,12.4,78
26648,T,220830,120204,60.194176N,24.736774E,13,12.4,86
26649,T,220830,120205,60.194180N,24.736832E,13,11.4,85
26650,T,220830,120206,60.194183N,24.736893E,14,12.3,84
26651,T,220830,120207,60.194191N,24.736958E,14,13.6,84
26652,T,220830,120208,60.194195N,24.737030E,14,12.3,88
26653,T,220830,120209,60.194195N,24.737095E,14,10.5,88
26654,T,220830,120210,60.194199N,24.737146E,15,9.4,88
26655,T,220830,120211,60.194199N,24.737194E,15,8.4,90
26656,T,220830,120212,60.194199N,24.737240E,15,8.9,88
26657,T,220830,120213,60.194195N,24.737295E,15,10.1,97
26658,T,220830,120214,60.194187N,24.737347E,15,10.3,115
26659,T,220830,120215,60.194176N,24.737398E,15,11.6,116
26660,T,220830,120216,60.194164N,24.737448E,14,10.8,119
26661,T,220830,120217,60.194153N,24.737494E,14,9.2,118
26662,T,220830,120218,60.194141N,24.737530E,14,6.7,124
26663,T,220830,120219,60.194134N,24.737560E,14,7.0,120
26664,T,220830,120220,60.194118N,24.737604E,14,11.3,124
26665,T,220830,120221,60.194103N,24.737656E,14,11.7,124
26666,T,220830,120222,60.194084N,24.737700E,13,10.9,125
26667,T,220830,120223,60.194069N,24.737743E,13,10.9,127
26668,T,220830,120224,60.194057N,24.737797E,13,12.1,127
26669,T,220830,120225,60.194038N,24.737858E,13,13.9,126
26670,T,220830,120226,60.194016N,24.737925E,12,15.7,126
26671,T,220830,120227,60.193993N,24.737995E,12,17.3,127
26672,T,220830,120228,60.193962N,24.738068E,11,16.9,128
26673,T,220830,120229,60.193928N,24.738152E,11,19.4,129
26674,T,220830,120230,60.193893N,24.738226E,11,19.2,130
26675,T,220830,120231,60.193855N,24.738297E,10,19.7,132
26676,T,220830,120232,60.193821N,24.738373E,10,20.3,131
26677,T,220830,120233,60.193783N,24.738457E,10,20.3,130
26678,T,220830,120234,60.193752N,24.738537E,9,20.7,130
26679,T,220830,120235,60.193714N,24.738611E,9,20.7,130
26680,T,220830,120236,60.193680N,24.738689E,9,20.7,130
26681,T,220830,120237,60.193649N,24.738768E,9,20.2,130
26682,T,220830,120238,60.193615N,24.738848E,9,19.6,130
26683,T,220830,120239,60.193588N,24.738926E,9,18.0,119
26684,T,220830,120240,60.193569N,24.739012E,9,19.1,115
26685,T,220830,120241,60.193550N,24.739098E,8,17.8,105
26686,T,220830,120242,60.193539N,24.739185E,8,17.9,102
26687,T,220830,120243,60.193531N,24.739277E,8,17.5,102
26688,T,220830,120244,60.193523N,24.739365E,8,17.4,100
26689,T,220830,120245,60.193520N,24.739449E,8,15.7,98
26690,T,220830,120246,60.193512N,24.739525E,8,13.8,95
26691,T,220830,120247,60.193512N,24.739594E,8,13.1,93
26692,T,220830,120248,60.193508N,24.739660E,8,13.1,96
26693,T,220830,120249,60.193504N,24.739729E,7,13.8,96
26694,T,220830,120250,60.193501N,24.739801E,7,15.1,96
26695,T,220830,120251,60.193493N,24.739878E,7,15.9,96
26696,T,220830,120252,60.193489N,24.739958E,7,15.3,93
26697,T,220830,120253,60.193489N,24.740036E,7,15.0,92
26698,T,220830,120254,60.193489N,24.740112E,8,15.0,91
26699,T,220830,120255,60.193493N,24.740191E,8,15.5,90
26700,T,220830,120256,60.193497N,24.740267E,8,15.5,89
26701,T,220830,120257,60.193501N,24.740343E,8,15.5,88
26702,T,220830,120258,60.193508N,24.740421E,7,15.5,88
26703,T,220830,120259,60.193512N,24.740498E,7,14.7,86
26704,T,220830,120300,60.193512N,24.740570E,7,14.3,101
26705,T,220830,120301,60.193497N,24.740625E,8,14.3,128
26706,T,220830,120302,60.193474N,24.740673E,8,14.9,146
26707,T,220830,120303,60.193439N,24.740717E,8,15.2,148
26708,T,220830,120304,60.193405N,24.740755E,8,16.0,147
26709,T,220830,120305,60.193371N,24.740805E,8,16.8,140
26710,T,220830,120306,60.193340N,24.740860E,7,16.8,136
26711,T,220830,120307,60.193314N,24.740919E,7,16.7,131
26712,T,220830,120308,60.193283N,24.740980E,7,15.9,133
26713,T,220830,120309,60.193260N,24.741030E,7,12.9,134
26714,T,220830,120310,60.193237N,24.741076E,8,13.0,135
26715,T,220830,120311,60.193214N,24.741121E,8,13.0,130
26716,T,220830,120312,60.193192N,24.741173E,8,14.3,133
26717,T,220830,120313,60.193165N,24.741228E,8,15.8,133
26718,T,220830,120314,60.193138N,24.741289E,7,16.6,130
26719,T,220830,120315,60.193111N,24.741358E,7,17.2,130
26720,T,220830,120316,60.193092N,24.741436E,7,16.5,116
26721,T,220830,120317,60.193081N,24.741514E,7,16.6,106
26722,T,220830,120318,60.193073N,24.741585E,8,12.0,97
26723,T,220830,120319,60.193073N,24.741644E,8,11.4,88
26724,T,220830,120320,60.193073N,24.741695E,8,10.0,84
26725,T,220830,120321,60.193073N,24.741749E,9,10.3,80
26726,T,220830,120322,60.193081N,24.741802E,9,10.4,71
26727,T,220830,120323,60.193089N,24.741854E,9,10.5,74
26728,T,220830,120324,60.193096N,24.741903E,9,10.1,73
26729,T,220830,120325,60.193104N,24.741947E,9,8.6,72
26730,T,220830,120326,60.193115N,24.741987E,10,8.7,71
26731,T,220830,120327,60.193127N,24.742027E,10,9.7,69
26732,T,220830,120328,60.193138N,24.742071E,10,9.8,68
26733,T,220830,120329,60.193153N,24.742117E,10,9.9,67
26734,T,220830,120330,60.193165N,24.742155E,10,10.0,66
26735,T,220830,120331,60.193180N,24.742193E,11,9.3,65
26736,T,220830,120332,60.193195N,24.742231E,11,9.4,64
26737,T,220830,120333,60.193207N,24.742273E,11,8.6,63
26738,T,220830,120334,60.193226N,24.742306E,12,7.4,45
26739,T,220830,120335,60.193241N,24.742336E,12,8.1,37
26740,T,220830,120336,60.193253N,24.742359E,12,6.7,40
26741,T,220830,120337,60.193264N,24.742392E,12,6.7,41
26742,T,220830,120338,60.193275N,24.742424E,12,7.8,43
26743,T,220830,120339,60.193287N,24.742464E,12,8.5,44
26744,T,220830,120340,60.193298N,24.742504E,12,8.4,71
26745,T,220830,120341,60.193302N,24.742544E,12,7.9,70
26746,T,220830,120342,60.193314N,24.742592E,12,9.7,70
26747,T,220830,120343,60.193321N,24.742640E,12,8.8,70
26748,T,220830,120344,60.193329N,24.742683E,13,8.8,68
26749,T,220830,120345,60.193340N,24.742729E,13,9.4,64
26750,T,220830,120346,60.193352N,24.742773E,13,9.3,65
26751,T,220830,120347,60.193359N,24.742819E,13,9.8,66
26752,T,220830,120348,60.193363N,24.742868E,13,9.8,78
26753,T,220830,120349,60.193367N,24.742916E,13,9.7,76
26754,T,220830,120350,60.193375N,24.742970E,14,9.7,79
26755,T,220830,120351,60.193378N,24.743015E,14,8.4,72
26756,T,220830,120352,60.193382N,24.743057E,14,7.8,73
26757,T,220830,120353,60.193382N,24.743097E,15,6.7,75
26758,T,220830,120354,60.193390N,24.743141E,15,9.5,76
26759,T,220830,120355,60.193394N,24.743195E,15,10.5,76
26760,T,220830,120356,60.193398N,24.743250E,15,12.2,77
26761,T,220830,120357,60.193405N,24.743311E,16,12.1,77
26762,T,220830,120358,60.193413N,24.743368E,16,12.1,76
26763,T,220830,120359,60.193420N,24.743427E,16,12.0,76
26764,T,220830,120400,60.193424N,24.743486E,16,12.3,83
26765,T,220830,120401,60.193432N,24.743551E,16,12.9,79
26766,T,220830,120402,60.193436N,24.743614E,16,12.9,77
26767,T,220830,120403,60.193443N,24.743677E,16,12.9,77
26768,T,220830,120404,60.193455N,24.743750E,16,13.3,76
26769,T,220830,120405,60.193459N,24.743824E,16,14.1,79
26770,T,220830,120406,60.193466N,24.743896E,16,13.5,85
26771,T,220830,120407,60.193478N,24.743963E,17,13.1,84
26772,T,220830,120408,60.193485N,24.744036E,17,13.2,83
26773,T,220830,120409,60.193489N,24.744102E,17,13.2,83
26774,T,220830,120410,60.193501N,24.744165E,17,13.3,82
26775,T,220830,120411,60.193508N,24.744232E,17,13.2,79
26776,T,220830,120412,60.193512N,24.744295E,17,13.2,78
26777,T,220830,120413,60.193523N,24.744364E,17,13.3,76
26778,T,220830,120414,60.193531N,24.744431E,17,13.3,76
26779,T,220830,120415,60.193539N,24.744497E,17,13.7,76
26780,T,220830,120416,60.193542N,24.744564E,17,13.6,77
26781,T,220830,120417,60.193550N,24.744633E,17,13.7,77
26782,T,220830,120418,60.193562N,24.744701E,16,14.9,77
26783,T,220830,120419,60.193569N,24.744774E,16,14.2,76
26784,T,220830,120420,60.193581N,24.744843E,16,14.2,75
26785,T,220830,120421,60.193588N,24.744911E,16,15.1,78
26786,T,220830,120422,60.193596N,24.744984E,15,14.7,78
26787,T,220830,120423,60.193604N,24.745056E,15,14.7,78
26788,T,220830,120424,60.193607N,24.745125E,15,13.1,79
26789,T,220830,120425,60.193615N,24.745186E,15,13.1,78
26790,T,220830,120426,60.193623N,24.745249E,15,12.6,77
26791,T,220830,120427,60.193630N,24.745308E,15,11.6,83
26792,T,220830,120428,60.193630N,24.745363E,15,10.8,92
26793,T,220830,120429,60.193623N,24.745417E,15,9.7,109
26794,T,220830,120430,60.193607N,24.745455E,15,10.2,138
26795,T,220830,120431,60.193584N,24.745470E,15,10.2,178
26796,T,220830,120432,60.193558N,24.745461E,14,11.9,199
26797,T,220830,120433,60.193523N,24.745428E,14,13.4,213
26798,T,220830,120434,60.193493N,24.745377E,13,15.4,229
26799,T,220830,120435,60.193466N,24.745298E,13,17.2,239
26800,T,220830,120436,60.193447N,24.745211E,12,19.1,248
26801,T,220830,120437,60.193432N,24.745110E,11,20.5,252
26802,T,220830,120438,60.193417N,24.745012E,11,20.6,250
26803,T,220830,120439,60.193401N,24.744907E,10,20.7,250
26804,T,220830,120440,60.193382N,24.744816E,10,17.5,250
26805,T,220830,120441,60.193367N,24.744740E,9,15.5,247
26806,T,220830,120442,60.193352N,24.744677E,9,13.3,238
26807,T,220830,120443,60.193329N,24.744623E,9,11.5,228
26808,T,220830,120444,60.193310N,24.744596E,8,12.3,210
26809,T,220830,120445,60.193279N,24.744583E,8,13.0,183
26810,T,220830,120446,60.193249N,24.744593E,8,13.7,168
26811,T,220830,120447,60.193211N,24.744616E,7,15.3,153
26812,T,220830,120448,60.193176N,24.744658E,7,16.4,150
26813,T,220830,120449,60.193138N,24.744703E,7,18.7,150
26814,T,220830,120450,60.193092N,24.744747E,7,19.4,152
26815,T,220830,120451,60.193047N,24.744793E,7,19.4,154
26816,T,220830,120452,60.193001N,24.744835E,7,20.7,154
26817,T,220830,120453,60.192951N,24.744881E,7,21.1,152
26818,T,220830,120454,60.192905N,24.744934E,6,22.4,151
26819,T,220830,120455,60.192852N,24.744987E,6,23.2,151
26820,T,220830,120456,60.192799N,24.745045E,6,23.8,151
26821,T,220830,120457,60.192745N,24.745104E,6,24.7,150
26822,T,220830,120458,60.192688N,24.745165E,6,25.1,151
26823,T,220830,120459,60.192631N,24.745228E,6,26.3,151
26824,T,220830,120500,60.192577N,24.745295E,6,26.4,151
26825,T,220830,120501,60.192516N,24.745358E,5,26.5,150
26826,T,220830,120502,60.192459N,24.745424E,6,26.6,150
26827,T,220830,120503,60.192402N,24.745487E,6,25.6,150
26828,T,220830,120504,60.192345N,24.745552E,6,24.5,150
26829,T,220830,120505,60.192291N,24.745609E,6,23.2,150
26830,T,220830,120506,60.192245N,24.745661E,6,22.5,151
26831,T,220830,120507,60.192192N,24.745712E,6,22.4,151
26832,T,220830,120508,60.192146N,24.745764E,6,21.5,151
26833,T,220830,120509,60.192104N,24.745825E,7,21.0,150
26834,T,220830,120510,60.192062N,24.745884E,7,20.2,150
26835,T,220830,120511,60.192020N,24.745939E,7,19.3,148
26836,T,220830,120512,60.191978N,24.745993E,7,17.6,147
26837,T,220830,120513,60.191948N,24.746044E,8,16.1,140
26838,T,220830,120514,60.191921N,24.746094E,8,14.5,139
26839,T,220830,120515,60.191898N,24.746141E,8,13.1,129
26840,T,220830,120516,60.191883N,24.746199E,8,12.0,106
26841,T,220830,120517,60.191879N,24.746260E,8,11.9,88
26842,T,220830,120518,60.191883N,24.746321E,8,11.6,78
26843,T,220830,120519,60.191891N,24.746380E,9,12.9,73
26844,T,220830,120520,60.191902N,24.746445E,9,12.8,74
26845,T,220830,120521,60.191914N,24.746504E,9,12.0,72
26846,T,220830,120522,60.191921N,24.746559E,10,11.1,72
26847,T,220830,120523,60.191933N,24.746611E,10,10.5,72
26848,T,220830,120524,60.191940N,24.746664E,10,10.6,73
26849,T,220830,120525,60.191952N,24.746714E,10,10.5,71
26850,T,220830,120526,60.191959N,24.746765E,11,11.8,63
26851,T,220830,120527,60.191971N,24.746819E,11,11.2,65
26852,T,220830,120528,60.191982N,24.746870E,11,10.5,65
26853,T,220830,120529,60.191994N,24.746922E,11,11.1,70
26854,T,220830,120530,60.192005N,24.746969E,12,9.8,69
26855,T,220830,120531,60.192013N,24.747019E,12,10.5,68
26856,T,220830,120532,60.192024N,24.747068E,12,10.4,68
26857,T,220830,120533,60.192036N,24.747122E,12,11.0,68
26858,T,220830,120534,60.192043N,24.747175E,12,11.3,67
26859,T,220830,120535,60.192059N,24.747234E,12,11.4,67
26860,T,220830,120536,60.192078N,24.747288E,12,10.9,67
26861,T,220830,120537,60.192089N,24.747343E,12,11.3,64
26862,T,220830,120538,60.192104N,24.747396E,12,10.3,62
26863,T,220830,120539,60.192116N,24.747446E,12,10.3,62
26864,T,220830,120540,60.192127N,24.747499E,12,10.3,63
26865,T,220830,120541,60.192139N,24.747559E,12,11.5,63
26866,T,220830,120542,60.192150N,24.747616E,13,11.6,64
26867,T,220830,120543,60.192165N,24.747671E,13,11.7,64
26868,T,220830,120544,60.192177N,24.747728E,13,11.6,66
26869,T,220830,120545,60.192188N,24.747782E,12,10.7,65
26870,T,220830,120546,60.192196N,24.747837E,12,11.2,65
26871,T,220830,120547,60.192204N,24.747894E,12,10.0,66
26872,T,220830,120548,60.192211N,24.747944E,12,10.3,67
26873,T,220830,120549,60.192226N,24.747995E,12,10.9,66
26874,T,220830,120550,60.192242N,24.748047E,13,10.6,68
26875,T,220830,120551,60.192249N,24.748100E,13,10.3,70
26876,T,220830,120552,60.192265N,24.748146E,13,10.2,72
26877,T,220830,120553,60.192272N,24.748196E,13,9.9,72
26878,T,220830,120554,60.192280N,24.748241E,14,9.9,73
26879,T,220830,120555,60.192287N,24.748295E,14,10.7,74
26880,T,220830,120556,60.192299N,24.748348E,14,11.1,73
26881,T,220830,120557,60.192307N,24.748404E,14,11.7,72
26882,T,220830,120558,60.192314N,24.748463E,14,12.2,71
26883,T,220830,120559,60.192329N,24.748520E,14,11.3,71
26884,T,220830,120600,60.192337N,24.748575E,14,11.4,70
26885,T,220830,120601,60.192345N,24.748634E,14,11.0,80
26886,T,220830,120602,60.192352N,24.748690E,14,11.1,79
26887,T,220830,120603,60.192356N,24.748743E,14,10.5,78
26888,T,220830,120604,60.192364N,24.748789E,14,6.9,78
26889,T,220830,120605,60.192368N,24.748821E,14,5.7,79
26890,T,220830,120606,60.192368N,24.748854E,14,4.1,79
26891,T,220830,120607,60.192364N,24.748886E,14,4.2,79
26892,T,220830,120608,60.192368N,24.748915E,14,4.1,79
26893,T,220830,120609,60.192368N,24.748943E,14,5.3,79
26894,T,220830,120610,60.192379N,24.748978E,14,7.6,67
26895,T,220830,120611,60.192390N,24.749008E,15,7.1,68
26896,T,220830,120612,60.192390N,24.749048E,15,8.1,70
26897,T,220830,120613,60.192402N,24.749090E,15,8.1,71
26898,T,220830,120614,60.192406N,24.749130E,16,7.1,72
26899,T,220830,120615,60.192413N,24.749170E,16,8.0,69
26900,T,220830,120616,60.192417N,24.749208E,17,7.2,71
26901,T,220830,120617,60.192421N,24.749247E,17,6.4,72
26902,T,220830,120618,60.192421N,24.749287E,18,8.2,73
26903,T,220830,120619,60.192425N,24.749325E,18,6.1,77
26904,T,220830,120620,60.192429N,24.749363E,19,7.0,79
26905,T,220830,120621,60.192432N,24.749399E,19,6.9,77
26906,T,220830,120622,60.192432N,24.749435E,19,6.9,79
26907,T,220830,120623,60.192432N,24.749475E,19,7.8,80
26908,T,220830,120624,60.192432N,24.749523E,20,9.2,81
26909,T,220830,120625,60.192436N,24.749575E,20,9.2,82
26910,T,220830,120626,60.192436N,24.749624E,20,9.1,84
26911,T,220830,120627,60.192440N,24.749668E,20,8.7,87
26912,T,220830,120628,60.192440N,24.749716E,20,9.2,82
26913,T,220830,120629,60.192440N,24.749763E,21,8.6,85
26914,T,220830,120630,60.192444N,24.749809E,21,9.1,82
26915,T,220830,120631,60.192448N,24.749859E,21,9.2,81
26916,T,220830,120632,60.192448N,24.749903E,21,8.7,80
26917,T,220830,120633,60.192451N,24.749945E,21,8.0,83
26918,T,220830,120634,60.192455N,24.749989E,22,8.5,83
26919,T,220830,120635,60.192455N,24.750034E,22,8.4,81
26920,T,220830,120636,60.192455N,24.750076E,22,8.8,83
26921,T,220830,120637,60.192448N,24.750124E,22,9.1,85
26922,T,220830,120638,60.192448N,24.750170E,22,8.5,86
26923,T,220830,120639,60.192455N,24.750204E,23,6.4,80
26924,T,220830,120640,60.192459N,24.750244E,23,7.3,79
26925,T,220830,120641,60.192467N,24.750278E,23,7.8,82
26926,T,220830,120642,60.192471N,24.750328E,24,8.4,83
26927,T,220830,120643,60.192478N,24.750374E,24,8.6,85
26928,T,220830,120644,60.192478N,24.750423E,25,8.7,86
26929,T,220830,120645,60.192486N,24.750479E,26,8.8,88
26930,T,220830,120646,60.192490N,24.750530E,26,8.8,88
26931,T,220830,120647,60.192493N,24.750580E,27,8.8,88
26932,T,220830,120648,60.192497N,24.750631E,28,8.9,87
26933,T,220830,120649,60.192501N,24.750683E,28,8.9,87
26934,T,220830,120650,60.192505N,24.750727E,29,8.9,86
26935,T,220830,120651,60.192509N,24.750776E,29,9.0,85
26936,T,220830,120652,60.192513N,24.750826E,29,9.4,85
26937,T,220830,120653,60.192513N,24.750875E,29,9.3,84
26938,T,220830,120654,60.192513N,24.750923E,29,9.3,84
26939,T,220830,120655,60.192513N,24.750975E,29,9.2,84
26940,T,220830,120656,60.192513N,24.751019E,30,9.2,91
26941,T,220830,120657,60.192516N,24.751064E,30,9.1,90
26942,T,220830,120658,60.192520N,24.751104E,30,8.5,89
26943,T,220830,120659,60.192528N,24.751144E,30,8.0,88
26944,T,220830,120700,60.192528N,24.751184E,30,8.0,83
26945,T,220830,120701,60.192532N,24.751225E,31,8.1,87
26946,T,220830,120702,60.192532N,24.751265E,31,8.6,99
26947,T,220830,120703,60.192528N,24.751301E,31,6.2,109
26948,T,220830,120704,60.192520N,24.751324E,31,7.5,145
26949,T,220830,120705,60.192501N,24.751337E,31,7.8,166
26950,T,220830,120706,60.192478N,24.751333E,31,8.4,196
26951,T,220830,120707,60.192459N,24.751324E,31,9.3,193
26952,T,220830,120708,60.192436N,24.751329E,31,10.0,192
26953,T,220830,120709,60.192410N,24.751326E,31,9.4,191
26954,T,220830,120710,60.192383N,24.751328E,31,9.4,190
26955,T,220830,120711,60.192360N,24.751331E,31,9.7,189
26956,T,220830,120712,60.192337N,24.751335E,32,10.1,188
26957,T,220830,120713,60.192310N,24.751337E,32,9.7,187
26958,T,220830,120714,60.192287N,24.751345E,32,10.0,171
26959,T,220830,120715,60.192261N,24.751350E,32,10.7,174
26960,T,220830,120716,60.192238N,24.751354E,32,10.8,177
26961,T,220830,120717,60.192207N,24.751360E,32,10.5,167
26962,T,220830,120718,60.192181N,24.751368E,31,11.2,166
26963,T,220830,120719,60.192150N,24.751381E,32,11.5,162
26964,T,220830,120720,60.192123N,24.751390E,32,11.6,172
26965,T,220830,120721,60.192093N,24.751396E,32,12.3,170
26966,T,220830,120722,60.192059N,24.751400E,32,12.4,170
26967,T,220830,120723,60.192032N,24.751406E,32,12.8,172
26968,T,220830,120724,60.192001N,24.751413E,32,12.9,173
26969,T,220830,120725,60.191967N,24.751425E,32,12.9,171
26970,T,220830,120726,60.191933N,24.751438E,31,14.2,164
26971,T,220830,120727,60.191895N,24.751455E,31,15.5,165
26972,T,220830,120728,60.191860N,24.751472E,31,14.9,165
26973,T,220830,120729,60.191818N,24.751490E,30,16.7,166
26974,T,220830,120730,60.191780N,24.751511E,30,16.7,167
26975,T,220830,120731,60.191734N,24.751524E,30,16.7,168
26976,T,220830,120732,60.191696N,24.751545E,29,16.2,168
26977,T,220830,120733,60.191662N,24.751560E,29,14.0,170
26978,T,220830,120734,60.191628N,24.751572E,28,12.0,166
26979,T,220830,120735,60.191605N,24.751602E,28,12.0,135
26980,T,220830,120736,60.191589N,24.751650E,28,12.3,117
26981,T,220830,120737,60.191586N,24.751703E,28,11.5,83
26982,T,220830,120738,60.191589N,24.751764E,28,11.0,78
26983,T,220830,120739,60.191601N,24.751822E,29,10.2,69
26984,T,220830,120740,60.191612N,24.751869E,29,10.9,67
26985,T,220830,120741,60.191620N,24.751917E,29,9.7,68
26986,T,220830,120742,60.191624N,24.751957E,29,7.6,69
26987,T,220830,120743,60.191628N,24.751989E,30,7.5,71
26988,T,220830,120744,60.191631N,24.752029E,30,8.3,72
26989,T,220830,120745,60.191631N,24.752075E,30,7.8,73
26990,T,220830,120746,60.191631N,24.752115E,30,7.0,75
26991,T,220830,120747,60.191635N,24.752150E,30,7.7,78
26992,T,220830,120748,60.191639N,24.752188E,30,8.2,78
26993,T,220830,120749,60.191647N,24.752222E,31,6.0,78
26994,T,220830,120750,60.191650N,24.752245E,31,5.6,78
26995,T,220830,120751,60.191666N,24.752266E,32,7.2,76
26996,T,220830,120752,60.191673N,24.752293E,32,6.2,75
26997,T,220830,120753,60.191681N,24.752314E,32,5.8,73
26998,T,220830,120754,60.191692N,24.752335E,32,6.6,71
26999,T,220830,120755,60.191708N,24.752352E,33,6.7,68
27000,T,220830,120756,60.191719N,24.752375E,33,5.8,66
27001,T,220830,120757,60.191730N,24.752398E,33,7.7,64
27002,T,220830,120758,60.191750N,24.752422E,33,7.6,62
27003,T,220830,120759,60.191769N,24.752451E,33,7.9,60
27004,T,220830,120800,60.191780N,24.752476E,34,7.4,58
27005,T,220830,120801,60.191799N,24.752497E,34,7.6,55
27006,T,220830,120802,60.191811N,24.752516E,34,6.6,53
27007,T,220830,120803,60.191830N,24.752539E,34,7.4,52
27008,T,220830,120804,60.191845N,24.752563E,34,7.4,50
27009,T,220830,120805,60.191860N,24.752590E,34,7.0,48
27010,T,220830,120806,60.191879N,24.752611E,34,7.0,47
27011,T,220830,120807,60.191895N,24.752632E,34,8.1,45
27012,T,220830,120808,60.191914N,24.752657E,35,8.0,43
27013,T,220830,120809,60.191929N,24.752684E,35,9.3,43
27014,T,220830,120810,60.191948N,24.752728E,35,8.8,44
27015,T,220830,120811,60.191959N,24.752768E,35,8.4,44
27016,T,220830,120812,60.191975N,24.752804E,35,8.3,45
27017,T,220830,120813,60.191994N,24.752844E,35,10.5,58
27018,T,220830,120814,60.192017N,24.752895E,35,12.6,58
27019,T,220830,120815,60.192036N,24.752945E,35,10.2,55
27020,T,220830,120816,60.192051N,24.752991E,35,10.6,53
27021,T,220830,120817,60.192074N,24.753029E,35,9.9,52
27022,T,220830,120818,60.192089N,24.753071E,36,9.8,55
27023,T,220830,120819,60.192108N,24.753117E,35,9.1,53
27024,T,220830,120820,60.192120N,24.753157E,36,8.5,62
27025,T,220830,120821,60.192131N,24.753187E,36,6.7,61
27026,T,220830,120822,60.192142N,24.753223E,35,9.1,63
27027,T,220830,120823,60.192158N,24.753267E,35,8.7,62
27028,T,220830,120824,60.192169N,24.753305E,35,6.4,61
27029,T,220830,120825,60.192173N,24.753334E,36,5.5,63
27030,T,220830,120826,60.192173N,24.753365E,36,5.6,64
27031,T,220830,120827,60.192177N,24.753399E,35,7.7,64
27032,T,220830,120828,60.192184N,24.753439E,35,7.7,66
27033,T,220830,120829,60.192188N,24.753489E,35,8.8,67
27034,T,220830,120830,60.192184N,24.753536E,35,8.9,70
27035,T,220830,120831,60.192181N,24.753582E,35,9.7,73
27036,T,220830,120832,60.192169N,24.753635E,35,11.6,77
27037,T,220830,120833,60.192162N,24.753683E,35,8.5,81
27038,T,220830,120834,60.192150N,24.753717E,35,6.8,85
27039,T,220830,120835,60.192139N,24.753742E,35,5.9,90
27040,T,220830,120836,60.192127N,24.753765E,35,5.9,94
27041,T,220830,120837,60.192116N,24.753794E,35,6.4,98
27042,T,220830,120838,60.192101N,24.753830E,35,9.4,102
27043,T,220830,120839,60.192085N,24.753872E,35,9.0,105
27044,T,220830,120840,60.192062N,24.753912E,35,11.9,108
27045,T,220830,120841,60.192047N,24.753958E,34,12.6,111
27046,T,220830,120842,60.192024N,24.754005E,34,11.5,113
27047,T,220830,120843,60.192009N,24.754063E,34,11.9,116
27048,T,220830,120844,60.191990N,24.754129E,34,15.4,117
27049,T,220830,120845,60.191956N,24.754187E,34,17.3,141
27050,T,220830,120846,60.191921N,24.754253E,33,19.5,140
27051,T,220830,120847,60.191887N,24.754335E,32,22.2,139
27052,T,220830,120848,60.191853N,24.754425E,31,23.3,138
27053,T,220830,120849,60.191807N,24.754520E,31,23.2,137
27054,T,220830,120850,60.191769N,24.754608E,30,23.7,134
27055,T,220830,120851,60.191727N,24.754696E,29,23.0,133
27056,T,220830,120852,60.191692N,24.754776E,28,21.9,132
27057,T,220830,120853,60.191654N,24.754858E,28,20.8,130
27058,T,220830,120854,60.191620N,24.754944E,27,20.9,129
27059,T,220830,120855,60.191589N,24.755039E,26,21.9,119
27060,T,220830,120856,60.191566N,24.755148E,26,23.2,101
27061,T,220830,120857,60.191563N,24.755276E,25,26.2,90
27062,T,220830,120858,60.191574N,24.755407E,25,27.3,76
27063,T,220830,120859,60.191593N,24.755539E,25,25.5,69
27064,T,220830,120900,60.191620N,24.755655E,25,23.2,64
27065,T,220830,120901,60.191643N,24.755758E,26,21.9,62
27066,T,220830,120902,60.191673N,24.755850E,26,19.9,60
27067,T,220830,120903,60.191692N,24.755939E,26,19.2,62
27068,T,220830,120904,60.191715N,24.756023E,26,18.4,63
27069,T,220830,120905,60.191734N,24.756111E,26,18.5,60
27070,T,220830,120906,60.191761N,24.756193E,26,18.9,59
27071,T,220830,120907,60.191788N,24.756273E,26,18.9,57
27072,T,220830,120908,60.191814N,24.756348E,26,18.8,55
27073,T,220830,120909,60.191845N,24.756424E,26,18.1,53
27074,T,220830,120910,60.191872N,24.756496E,26,18.6,52
27075,T,220830,120911,60.191898N,24.756573E,26,18.6,51
27076,T,220830,120912,60.191936N,24.756653E,27,18.6,49
27077,T,220830,120913,60.191959N,24.756718E,27,18.6,49
27078,T,220830,120914,60.191994N,24.756786E,27,18.6,49
27079,T,220830,120915,60.192028N,24.756845E,27,18.5,48
27080,T,220830,120916,60.192059N,24.756907E,27,17.8,38
27081,T,220830,120917,60.192093N,24.756964E,28,17.7,37
27082,T,220830,120918,60.192131N,24.757025E,28,18.8,36
27083,T,220830,120919,60.192177N,24.757084E,28,18.8,36
27084,T,220830,120920,60.192211N,24.757145E,28,19.4,38
27085,T,220830,120921,60.192249N,24.757212E,28,19.8,48
27086,T,220830,120922,60.192284N,24.757288E,28,19.9,50
27087,T,220830,120923,60.192314N,24.757366E,28,20.5,52
27088,T,220830,120924,60.192348N,24.757452E,28,20.6,52
27089,T,220830,120925,60.192379N,24.757540E,28,20.5,54
27090,T,220830,120926,60.192406N,24.757627E,28,20.4,55
27091,T,220830,120927,60.192436N,24.757717E,28,21.3,56
27092,T,220830,120928,60.192459N,24.757811E,28,21.3,58
27093,T,220830,120929,60.192490N,24.757904E,28,23.0,59
27094,T,220830,120930,60.192516N,24.758013E,27,24.1,61
27095,T,220830,120931,60.192543N,24.758121E,26,25.1,63
27096,T,220830,120932,60.192574N,24.758236E,27,25.1,65
27097,T,220830,120933,60.192596N,24.758356E,26,25.5,67
27098,T,220830,120934,60.192623N,24.758478E,26,25.6,68
27099,T,220830,120935,60.192650N,24.758600E,25,26.5,67
27100,T,220830,120936,60.192680N,24.758717E,25,25.4,66
27101,T,220830,120937,60.192707N,24.758829E,24,25.5,66
27102,T,220830,120938,60.192734N,24.758944E,24,24.7,65
27103,T,220830,120939,60.192760N,24.759054E,23,23.5,65
27104,T,220830,120940,60.192787N,24.759155E,23,22.3,58
27105,T,220830,120941,60.192822N,24.759251E,23,22.3,52
27106,T,220830,120942,60.192856N,24.759340E,22,23.0,51
27107,T,220830,120943,60.192902N,24.759424E,22,23.2,48
27108,T,220830,120944,60.192940N,24.759502E,21,23.2,45
27109,T,220830,120945,60.192986N,24.759577E,21,23.3,43
27110,T,220830,120946,60.193027N,24.759657E,21,23.2,44
27111,T,220830,120947,60.193073N,24.759739E,21,23.1,43
27112,T,220830,120948,60.193115N,24.759821E,20,23.2,42
27113,T,220830,120949,60.193165N,24.759901E,20,23.7,41
27114,T,220830,120950,60.193207N,24.759987E,20,24.0,40
27115,T,220830,120951,60.193260N,24.760077E,20,24.0,40
27116,T,220830,120952,60.193298N,24.760164E,20,22.9,41
27117,T,220830,120953,60.193336N,24.760252E,20,22.1,52
27118,T,220830,120954,60.193363N,24.760344E,20,20.2,64
27119,T,220830,120955,60.193367N,24.760429E,20,15.3,105
27120,T,220830,120956,60.193340N,24.760515E,19,20.7,125
27121,T,220830,120957,60.193302N,24.760595E,19,21.4,136
27122,T,220830,120958,60.193260N,24.760674E,18,23.2,134
27123,T,220830,120959,60.193214N,24.760761E,18,24.6,133
27124,T,220830,121000,60.193169N,24.760857E,17,25.9,133
27125,T,220830,121001,60.193119N,24.760958E,17,27.4,131
27126,T,220830,121002,60.193077N,24.761066E,16,28.6,130
27127,T,220830,121003,60.193024N,24.761183E,16,30.5,131
27128,T,220830,121004,60.192970N,24.761299E,15,30.9,130
27129,T,220830,121005,60.192921N,24.761423E,15,32.1,129
27130,T,220830,121006,60.192867N,24.761557E,14,33.3,129
27131,T,220830,121007,60.192814N,24.761684E,13,34.1,130
27132,T,220830,121008,60.192753N,24.761818E,13,36.5,131
27133,T,220830,121009,60.192688N,24.761963E,13,37.0,130
27134,T,220830,121010,60.192627N,24.762104E,11,36.9,130
27135,T,220830,121011,60.192562N,24.762243E,11,38.2,131
27136,T,220830,121012,60.192501N,24.762390E,10,38.6,130
27137,T,220830,121013,60.192440N,24.762535E,9,38.5,130
27138,T,220830,121014,60.192375N,24.762688E,9,39.1,129
27139,T,220830,121015,60.192310N,24.762842E,8,39.5,128
27140,T,220830,121016,60.192249N,24.762999E,7,40.0,128
27141,T,220830,121017,60.192184N,24.763157E,6,40.6,128
27142,T,220830,121018,60.192120N,24.763308E,5,38.9,129
27143,T,220830,121019,60.192059N,24.763453E,5,35.7,130
27144,T,220830,121020,60.192001N,24.763584E,5,32.0,130
27145,T,220830,121021,60.191956N,24.763702E,4,27.6,130
27146,T,220830,121022,60.191914N,24.763809E,4,23.7,130
27147,T,220830,121023,60.191879N,24.763916E,3,20.6,130
27148,T,220830,121024,60.191853N,24.764004E,3,16.7,129
27149,T,220830,121025,60.191833N,24.764071E,3,13.9,128
27150,T,220830,121026,60.191811N,24.764132E,3,12.9,114
27151,T,220830,121027,60.191799N,24.764193E,3,12.2,111
27152,T,220830,121028,60.191792N,24.764252E,3,12.2,104
27153,T,220830,121029,60.191784N,24.764317E,3,13.4,100
27154,T,220830,121030,60.191780N,24.764385E,3,14.9,93
27155,T,220830,121031,60.191776N,24.764460E,3,13.7,91
27156,T,220830,121032,60.191784N,24.764524E,4,13.0,70
27157,T,220830,121033,60.191799N,24.764582E,4,11.4,67
27158,T,220830,121034,60.191803N,24.764633E,4,9.6,69
27159,T,220830,121035,60.191784N,24.764662E,4,10.2,77
27160,T,220830,121036,60.191757N,24.764669E,5,10.8,179
27161,T,220830,121037,60.191727N,24.764664E,4,13.5,180
27162,T,220830,121038,60.191689N,24.764664E,4,17.4,177
27163,T,220830,121039,60.191650N,24.764708E,4,18.2,138
27164,T,220830,121040,60.191620N,24.764776E,4,18.6,126
27165,T,220830,121041,60.191601N,24.764856E,4,19.7,116
27166,T,220830,121042,60.191582N,24.764940E,4,18.5,111
27167,T,220830,121043,60.191559N,24.765024E,5,19.9,114
27168,T,220830,121044,60.191544N,24.765112E,5,19.1,104
27169,T,220830,121045,60.191525N,24.765203E,4,20.4,105
27170,T,220830,121046,60.191502N,24.765297E,4,21.8,107
27171,T,220830,121047,60.191471N,24.765383E,4,20.1,108
27172,T,220830,121048,60.191444N,24.765472E,5,21.4,109
27173,T,220830,121049,60.191414N,24.765564E,5,21.5,110
27174,T,220830,121050,60.191383N,24.765659E,5,21.5,111
27175,T,220830,121051,60.191357N,24.765759E,5,22.2,112
27176,T,220830,121052,60.191326N,24.765860E,5,21.7,114
27177,T,220830,121053,60.191299N,24.765965E,5,22.2,116
27178,T,220830,121054,60.191269N,24.766090E,5,23.4,116
27179,T,220830,121055,60.191238N,24.766212E,5,22.0,117
27180,T,220830,121056,60.191212N,24.766317E,5,20.5,118
27181,T,220830,121057,60.191181N,24.766420E,5,21.3,119
27182,T,220830,121058,60.191151N,24.766518E,4,20.8,120
27183,T,220830,121059,60.191120N,24.766611E,4,19.6,120
27184,T,220830,121100,60.191097N,24.766699E,4,19.2,120
27185,T,220830,121101,60.191071N,24.766781E,4,18.7,119
27186,T,220830,121102,60.191048N,24.766865E,4,17.9,118
27187,T,220830,121103,60.191025N,24.766939E,5,17.8,117
27188,T,220830,121104,60.191002N,24.767015E,5,17.4,116
27189,T,220830,121105,60.190975N,24.767094E,5,17.4,116
27190,T,220830,121106,60.190952N,24.767166E,5,17.3,117
27191,T,220830,121107,60.190929N,24.767241E,5,17.6,119
27192,T,220830,121108,60.190907N,24.767309E,5,17.3,120
27193,T,220830,121109,60.190884N,24.767382E,5,16.6,121
27194,T,220830,121110,60.190861N,24.767448E,5,16.1,123
27195,T,220830,121111,60.190838N,24.767515E,5,16.6,124
27196,T,220830,121112,60.190807N,24.767584E,4,17.7,126
27197,T,220830,121113,60.190784N,24.767651E,4,17.1,127
27198,T,220830,121114,60.190762N,24.767715E,4,16.7,127
27199,T,220830,121115,60.190731N,24.767780E,5,15.9,131
27200,T,220830,121116,60.190704N,24.767824E,4,13.8,156
27201,T,220830,121117,60.190674N,24.767839E,4,12.3,173
27202,T,220830,121118,60.190639N,24.767841E,4,10.7,178
27203,T,220830,121119,60.190617N,24.767838E,4,10.1,188
27204,T,220830,121120,60.190594N,24.767836E,4,7.4,187
27205,T,220830,121121,60.190575N,24.767832E,4,6.6,185
27206,T,220830,121122,60.190559N,24.767817E,4,6.9,188
27207,T,220830,121123,60.190552N,24.767784E,3,7.2,195
27208,T,220830,121124,60.190544N,24.767736E,3,7.3,201
27209,T,220830,121125,60.190533N,24.767696E,3,8.3,203
27210,T,220830,121126,60.190525N,24.767658E,3,7.2,209
27211,T,220830,121127,60.190517N,24.767624E,3,6.7,212
27212,T,220830,121128,60.190502N,24.767607E,3,4.8,214
27213,T,220830,121129,60.190495N,24.767588E,3,4.7,215
27214,T,220830,121130,60.190487N,24.767565E,3,5.1,216
27215,T,220830,121131,60.190487N,24.767540E,3,5.0,216
27216,T,220830,121132,60.190479N,24.767515E,3,4.2,217
27217,T,220830,121133,60.190472N,24.767504E,3,4.6,217
27218,T,220830,121134,60.190460N,24.767492E,3,5.1,217
27219,T,220830,121135,60.190449N,24.767475E,3,5.9,217
27220,T,220830,121136,60.190434N,24.767456E,3,6.3,217
27221,T,220830,121137,60.190426N,24.767427E,4,6.2,219
27222,T,220830,121138,60.190426N,24.767391E,4,7.5,223
27223,T,220830,121139,60.190434N,24.767349E,4,9.2,228
27224,T,220830,121140,60.190441N,24.767305E,4,9.9,234
27225,T,220830,121141,60.190460N,24.767263E,4,11.2,241
27226,T,220830,121142,60.190479N,24.767223E,4,11.7,247
27227,T,220830,121143,60.190498N,24.767181E,4,12.3,254
27228,T,220830,121144,60.190525N,24.767138E,4,13.2,324
27229,T,220830,121145,60.190552N,24.767109E,4,11.1,341
27230,T,220830,121146,60.190578N,24.767101E,4,12.4,355
27231,T,220830,121147,60.190617N,24.767103E,4,14.0,2
27232,T,220830,121148,60.190651N,24.767117E,4,16.0,3
27233,T,220830,121149,60.190693N,24.767122E,4,16.1,1
27234,T,220830,121150,60.190735N,24.767124E,4,16.5,2
27235,T,220830,121151,60.190781N,24.767132E,4,17.0,4
27236,T,220830,121152,60.190823N,24.767138E,4,17.4,4
27237,T,220830,121153,60.190868N,24.767143E,4,17.5,3
27238,T,220830,121154,60.190910N,24.767151E,4,17.5,4
27239,T,220830,121155,60.190968N,24.767160E,4,17.4,5
27240,T,220830,121156,60.191017N,24.767178E,4,16.8,15
27241,T,220830,121157,60.191055N,24.767212E,4,16.2,26
27242,T,220830,121158,60.191090N,24.767262E,4,16.6,32
27243,T,220830,121159,60.191124N,24.767311E,4,16.8,32
27244,T,220830,121200,60.191158N,24.767359E,4,17.1,31
27245,T,220830,121201,60.191200N,24.767405E,4,17.3,30
27246,T,220830,121202,60.191235N,24.767452E,4,17.2,33
27247,T,220830,121203,60.191273N,24.767502E,4,16.9,32
27248,T,220830,121204,60.191311N,24.767546E,4,16.9,31
27249,T,220830,121205,60.191349N,24.767588E,4,17.2,31
27250,T,220830,121206,60.191383N,24.767633E,4,16.7,32
27251,T,220830,121207,60.191422N,24.767685E,4,16.2,34
27252,T,220830,121208,60.191452N,24.767735E,4,16.4,31
27253,T,220830,121209,60.191486N,24.767778E,4,16.7,32
27254,T,220830,121210,60.191525N,24.767824E,4,16.7,34
27255,T,220830,121211,60.191559N,24.767874E,4,16.8,34
27256,T,220830,121212,60.191593N,24.767923E,4,16.9,34
27257,T,220830,121213,60.191628N,24.767977E,4,17.2,34
27258,T,220830,121214,60.191669N,24.768024E,4,17.8,34
27259,T,220830,121215,60.191704N,24.768076E,4,18.3,34
27260,T,220830,121216,60.191746N,24.768126E,4,18.5,33
27261,T,220830,121217,60.191780N,24.768181E,3,19.0,33
27262,T,220830,121218,60.191818N,24.768236E,3,19.0,34
27263,T,220830,121219,60.191860N,24.768293E,3,18.6,35
27264,T,220830,121220,60.191895N,24.768345E,3,17.7,35
27265,T,220830,121221,60.191929N,24.768398E,3,17.3,36
27266,T,220830,121222,60.191959N,24.768457E,3,16.0,38
27267,T,220830,121223,60.191975N,24.768532E,3,16.3,40
27268,T,220830,121224,60.191978N,24.768616E,3,17.5,43
27269,T,220830,121225,60.191975N,24.768703E,3,17.1,48
27270,T,220830,121226,60.191967N,24.768801E,3,16.7,52
27271,T,220830,121227,60.191959N,24.768887E,3,17.0,56
27272,T,220830,121228,60.191952N,24.768974E,3,17.1,60
27273,T,220830,121229,60.191944N,24.769060E,3,17.2,64
27274,T,220830,121230,60.191936N,24.769148E,3,17.3,68
27275,T,220830,121231,60.191929N,24.769236E,3,17.2,71
27276,T,220830,121232,60.191921N,24.769316E,3,16.3,74
27277,T,220830,121233,60.191910N,24.769394E,3,15.2,77
27278,T,220830,121234,60.191898N,24.769466E,3,13.8,80
27279,T,220830,121235,60.191891N,24.769541E,3,14.8,82
27280,T,220830,121236,60.191887N,24.769611E,3,13.8,85
27281,T,220830,121237,60.191875N,24.769682E,3,15.4,109
27282,T,220830,121238,60.191868N,24.769756E,3,15.4,108
27283,T,220830,121239,60.191856N,24.769835E,3,16.2,110
27284,T,220830,121240,60.191841N,24.769909E,4,16.1,109
27285,T,220830,121241,60.191826N,24.769985E,3,17.1,110
27286,T,220830,121242,60.191807N,24.770058E,3,15.3,117
27287,T,220830,121243,60.191792N,24.770130E,3,15.3,116
27288,T,220830,121244,60.191772N,24.770205E,4,16.8,117
27289,T,220830,121245,60.191750N,24.770283E,4,17.8,118
27290,T,220830,121246,60.191719N,24.770363E,4,17.9,119
27291,T,220830,121247,60.191692N,24.770437E,4,18.0,119
27292,T,220830,121248,60.191666N,24.770508E,4,17.7,120
27293,T,220830,121249,60.191639N,24.770584E,3,17.8,123
27294,T,220830,121250,60.191608N,24.770658E,3,18.3,124
27295,T,220830,121251,60.191570N,24.770723E,3,18.2,125
27296,T,220830,121252,60.191544N,24.770782E,3,15.1,126
27297,T,220830,121253,60.191517N,24.770836E,4,14.1,129
27298,T,220830,121254,60.191490N,24.770884E,5,12.5,130
27299,T,220830,121255,60.191467N,24.770927E,5,13.2,133
27300,T,220830,121256,60.191448N,24.770975E,5,12.0,130
27301,T,220830,121257,60.191425N,24.771009E,5,11.3,129
27302,T,220830,121258,60.191395N,24.771063E,6,14.2,130
27303,T,220830,121259,60.191364N,24.771116E,6,14.1,131
27304,T,220830,121300,60.191341N,24.771175E,5,12.8,132
27305,T,220830,121301,60.191307N,24.771229E,6,14.5,134
27306,T,220830,121302,60.191277N,24.771280E,5,14.9,139
27307,T,220830,121303,60.191250N,24.771328E,5,12.7,137
27308,T,220830,121304,60.191216N,24.771378E,5,11.4,136
27309,T,220830,121305,60.191189N,24.771418E,6,8.1,134
27310,T,220830,121306,60.191181N,24.771461E,6,7.6,129
27311,T,220830,121307,60.191185N,24.771511E,6,9.9,122
27312,T,220830,121308,60.191196N,24.771561E,6,11.8,117
27313,T,220830,121309,60.191212N,24.771616E,6,13.7,111
27314,T,220830,121310,60.191231N,24.771683E,6,14.5,104
27315,T,220830,121311,60.191254N,24.771744E,5,15.7,99
27316,T,220830,121312,60.191277N,24.771816E,6,16.2,94
27317,T,220830,121313,60.191299N,24.771885E,6,17.0,89
27318,T,220830,121314,60.191326N,24.771946E,5,16.9,40
27319,T,220830,121315,60.191353N,24.772017E,5,16.9,42
27320,T,220830,121316,60.191364N,24.772099E,5,16.8,45
27321,T,220830,121317,60.191368N,24.772184E,5,17.5,49
27322,T,220830,121318,60.191368N,24.772278E,6,17.8,53
27323,T,220830,121319,60.191364N,24.772373E,6,18.6,58
27324,T,220830,121320,60.191349N,24.772469E,5,19.7,62
27325,T,220830,121321,60.191322N,24.772562E,5,21.2,67
27326,T,220830,121322,60.191292N,24.772654E,5,21.3,73
27327,T,220830,121323,60.191254N,24.772738E,5,21.5,79
27328,T,220830,121324,60.191216N,24.772816E,5,21.6,84
27329,T,220830,121325,60.191177N,24.772894E,5,21.1,89
27330,T,220830,121326,60.191135N,24.772966E,5,21.0,94
27331,T,220830,121327,60.191097N,24.773043E,5,21.1,99
27332,T,220830,121328,60.191048N,24.773130E,5,21.2,103
27333,T,220830,121329,60.191006N,24.773209E,5,21.1,107
27334,T,220830,121330,60.190964N,24.773287E,5,21.0,110
27335,T,220830,121331,60.190926N,24.773359E,5,21.1,113
27336,T,220830,121332,60.190887N,24.773436E,5,21.1,116
27337,T,220830,121333,60.190849N,24.773520E,5,21.7,118
27338,T,220830,121334,60.190807N,24.773596E,4,21.6,120
27339,T,220830,121335,60.190769N,24.773674E,4,22.4,122
27340,T,220830,121336,60.190727N,24.773754E,4,22.3,124
27341,T,220830,121337,60.190689N,24.773832E,4,22.2,125
27342,T,220830,121338,60.190651N,24.773914E,4,22.2,126
27343,T,220830,121339,60.190613N,24.773996E,3,22.1,127
27344,T,220830,121340,60.190571N,24.774075E,3,22.1,128
27345,T,220830,121341,60.190536N,24.774155E,3,21.4,132
27346,T,220830,121342,60.190495N,24.774235E,3,22.4,134
27347,T,220830,121343,60.190460N,24.774315E,3,22.1,133
27348,T,220830,121344,60.190418N,24.774397E,3,22.1,134
27349,T,220830,121345,60.190380N,24.774475E,3,22.2,133
27350,T,220830,121346,60.190346N,24.774561E,3,22.8,132
27351,T,220830,121347,60.190308N,24.774645E,3,21.7,133
27352,T,220830,121348,60.190273N,24.774715E,4,20.6,134
27353,T,220830,121349,60.190235N,24.774792E,4,21.5,135
27354,T,220830,121350,60.190201N,24.774862E,4,20.8,135
27355,T,220830,121351,60.190159N,24.774935E,4,19.4,135
27356,T,220830,121352,60.190128N,24.775003E,3,18.4,133
27357,T,220830,121353,60.190105N,24.775070E,3,15.6,122
27358,T,220830,121354,60.190086N,24.775145E,3,16.7,105
27359,T,220830,121355,60.190083N,24.775229E,4,17.4,85
27360,T,220830,121356,60.190090N,24.775318E,4,17.5,76
27361,T,220830,121357,60.190109N,24.775402E,4,16.6,67
27362,T,220830,121358,60.190128N,24.775478E,4,17.1,59
27363,T,220830,121359,60.190144N,24.775558E,4,17.0,62
27364,T,220830,121400,60.190166N,24.775635E,4,17.7,60
27365,T,220830,121401,60.190193N,24.775717E,5,18.5,61
27366,T,220830,121402,60.190212N,24.775801E,5,19.1,60
27367,T,220830,121403,60.190235N,24.775883E,4,19.9,60
27368,T,220830,121404,60.190262N,24.775969E,4,20.3,60
27369,T,220830,121405,60.190289N,24.776060E,4,20.6,61
27370,T,220830,121406,60.190311N,24.776150E,4,19.9,61
27371,T,220830,121407,60.190334N,24.776234E,4,20.3,62
27372,T,220830,121408,60.190365N,24.776316E,4,19.9,62
27373,T,220830,121409,60.190388N,24.776402E,4,19.9,62
27374,T,220830,121410,60.190411N,24.776491E,4,21.0,62
27375,T,220830,121411,60.190437N,24.776585E,4,21.0,62
27376,T,220830,121412,60.190460N,24.776676E,5,20.6,62
27377,T,220830,121413,60.190487N,24.776764E,5,20.6,62
27378,T,220830,121414,60.190514N,24.776854E,5,19.2,61
27379,T,220830,121415,60.190536N,24.776934E,5,17.4,60
27380,T,220830,121416,60.190559N,24.776999E,5,14.8,51
27381,T,220830,121417,60.190582N,24.777048E,5,12.4,44
27382,T,220830,121418,60.190609N,24.777084E,6,11.2,23
27383,T,220830,121419,60.190632N,24.777094E,6,10.6,4
27384,T,220830,121420,60.190659N,24.777092E,6,9.3,348
27385,T,220830,121421,60.190681N,24.777077E,6,8.3,337
27386,T,220830,121422,60.190701N,24.777060E,6,8.3,338
27387,T,220830,121423,60.190720N,24.777060E,6,7.9,12
27388,T,220830,121424,60.190735N,24.777082E,6,9.8,15
27389,T,220830,121425,60.190750N,24.777115E,6,9.7,18
27390,T,220830,121426,60.190769N,24.777147E,5,8.9,21
27391,T,220830,121427,60.190781N,24.777187E,5,10.6,24
27392,T,220830,121428,60.190792N,24.777237E,5,11.5,29
27393,T,220830,121429,60.190792N,24.777290E,5,11.3,35
27394,T,220830,121430,60.190781N,24.777348E,5,12.2,42
27395,T,220830,121431,60.190765N,24.777409E,5,13.8,49
27396,T,220830,121432,60.190762N,24.777481E,5,14.8,54
27397,T,220830,121433,60.190769N,24.777557E,5,15.5,58
27398,T,220830,121434,60.190781N,24.777639E,6,17.5,60
27399,T,220830,121435,60.190800N,24.777719E,5,17.4,61
27400,T,220830,121436,60.190826N,24.777790E,5,17.4,61
27401,T,220830,121437,60.190861N,24.777859E,5,18.7,61
27402,T,220830,121438,60.190891N,24.777924E,5,18.1,60
27403,T,220830,121439,60.190926N,24.777988E,5,17.5,59
27404,T,220830,121440,60.190956N,24.778044E,5,17.2,58
27405,T,220830,121441,60.190990N,24.778099E,5,18.0,57
27406,T,220830,121442,60.191025N,24.778154E,5,16.6,55
27407,T,220830,121443,60.191055N,24.778204E,5,16.6,54
27408,T,220830,121444,60.191090N,24.778257E,5,16.2,52
27409,T,220830,121445,60.191120N,24.778303E,6,15.3,51
27410,T,220830,121446,60.191151N,24.778353E,6,15.9,50
27411,T,220830,121447,60.191185N,24.778402E,6,15.4,48
27412,T,220830,121448,60.191212N,24.778452E,6,15.0,47
27413,T,220830,121449,60.191238N,24.778502E,7,14.8,46
27414,T,220830,121450,60.191273N,24.778545E,7,14.2,35
27415,T,220830,121451,60.191296N,24.778597E,7,14.2,35
27416,T,220830,121452,60.191319N,24.778645E,8,14.5,36
27417,T,220830,121453,60.191349N,24.778692E,8,12.8,36
27418,T,220830,121454,60.191376N,24.778732E,8,13.9,35
27419,T,220830,121455,60.191399N,24.778778E,8,13.9,38
27420,T,220830,121456,60.191429N,24.778822E,8,13.1,38
27421,T,220830,121457,60.191452N,24.778873E,8,15.4,40
27422,T,220830,121458,60.191479N,24.778927E,8,15.0,42
27423,T,220830,121459,60.191509N,24.778978E,8,14.3,44
27424,T,220830,121500,60.191536N,24.779022E,8,14.6,37
27425,T,220830,121501,60.191559N,24.779070E,8,15.0,39
27426,T,220830,121502,60.191582N,24.779121E,9,14.9,42
27427,T,220830,121503,60.191612N,24.779169E,9,16.1,40
27428,T,220830,121504,60.191647N,24.779217E,9,15.6,38
27429,T,220830,121505,60.191681N,24.779264E,9,16.0,40
27430,T,220830,121506,60.191711N,24.779316E,10,16.0,39
27431,T,220830,121507,60.191750N,24.779364E,10,16.0,38
27432,T,220830,121508,60.191780N,24.779413E,10,15.6,39
27433,T,220830,121509,60.191807N,24.779461E,10,15.2,39
27434,T,220830,121510,60.191841N,24.779509E,10,14.7,39
27435,T,220830,121511,60.191872N,24.779551E,11,14.1,39
27436,T,220830,121512,60.191895N,24.779596E,11,13.8,40
27437,T,220830,121513,60.191925N,24.779646E,11,13.8,41
27438,T,220830,121514,60.191944N,24.779699E,11,13.4,57
27439,T,220830,121515,60.191959N,24.779764E,11,13.8,69
27440,T,220830,121516,60.191967N,24.779837E,11,13.8,78
27441,T,220830,121517,60.191971N,24.779905E,12,13.9,78
27442,T,220830,121518,60.191975N,24.779978E,12,13.8,78
27443,T,220830,121519,60.191978N,24.780048E,12,13.9,82
27444,T,220830,121520,60.191990N,24.780119E,13,13.8,79
27445,T,220830,121521,60.191994N,24.780188E,13,14.1,79
27446,T,220830,121522,60.192001N,24.780260E,13,14.1,81
27447,T,220830,121523,60.192005N,24.780333E,13,14.5,82
27448,T,220830,121524,60.192009N,24.780407E,13,14.6,83
27449,T,220830,121525,60.192009N,24.780483E,13,15.0,85
27450,T,220830,121526,60.192013N,24.780558E,13,14.2,85
27451,T,220830,121527,60.192017N,24.780632E,14,14.2,86
27452,T,220830,121528,60.192020N,24.780704E,14,14.3,85
27453,T,220830,121529,60.192020N,24.780779E,14,14.4,84
27454,T,220830,121530,60.192024N,24.780851E,13,14.3,84
27455,T,220830,121531,60.192024N,24.780926E,13,15.1,92
27456,T,220830,121532,60.192020N,24.781004E,13,14.7,100
27457,T,220830,121533,60.192009N,24.781069E,13,12.8,106
27458,T,220830,121534,60.192001N,24.781136E,13,14.1,109
27459,T,220830,121535,60.191982N,24.781204E,13,14.9,114
27460,T,220830,121536,60.191967N,24.781269E,13,14.0,115
27461,T,220830,121537,60.191952N,24.781336E,13,14.1,115
27462,T,220830,121538,60.191929N,24.781403E,13,14.5,115
27463,T,220830,121539,60.191914N,24.781464E,13,13.8,117
27464,T,220830,121540,60.191891N,24.781525E,13,14.2,121
27465,T,220830,121541,60.191872N,24.781584E,12,14.2,124
27466,T,220830,121542,60.191849N,24.781645E,12,14.7,126
27467,T,220830,121543,60.191830N,24.781704E,12,13.6,127
27468,T,220830,121544,60.191803N,24.781763E,13,14.5,127
27469,T,220830,121545,60.191784N,24.781824E,13,14.0,127
27470,T,220830,121546,60.191761N,24.781879E,13,13.5,126
27471,T,220830,121547,60.191738N,24.781939E,12,13.5,120
27472,T,220830,121548,60.191719N,24.781998E,12,13.5,120
27473,T,220830,121549,60.191704N,24.782061E,12,13.6,120
27474,T,220830,121550,60.191685N,24.782124E,12,14.4,120
27475,T,220830,121551,60.191666N,24.782190E,12,15.3,120
27476,T,220830,121552,60.191647N,24.782257E,12,15.9,118
27477,T,220830,121553,60.191624N,24.782326E,12,15.5,119
27478,T,220830,121554,60.191608N,24.782391E,12,15.1,120
27479,T,220830,121555,60.191589N,24.782454E,13,15.9,121
27480,T,220830,121556,60.191570N,24.782518E,13,15.0,118
27481,T,220830,121557,60.191551N,24.782583E,13,15.4,118
27482,T,220830,121558,60.191532N,24.782642E,13,11.7,118
27483,T,220830,121559,60.191517N,24.782696E,13,11.7,119
27484,T,220830,121600,60.191505N,24.782743E,13,11.0,116
27485,T,220830,121601,60.191502N,24.782789E,13,8.9,103
27486,T,220830,121602,60.191498N,24.782833E,13,7.4,86
27487,T,220830,121603,60.191505N,24.782875E,13,9.4,61
27488,T,220830,121604,60.191517N,24.782927E,13,13.3,39
27489,T,220830,121605,60.191544N,24.782978E,13,15.3,36
27490,T,220830,121606,60.191570N,24.783022E,12,14.0,31
27491,T,220830,121607,60.191608N,24.783070E,11,17.0,38
27492,T,220830,121608,60.191643N,24.783125E,11,18.4,35
27493,T,220830,121609,60.191685N,24.783182E,10,20.1,37
27494,T,220830,121610,60.191730N,24.783234E,10,20.8,30
27495,T,220830,121611,60.191776N,24.783281E,10,20.9,27
27496,T,220830,121612,60.191818N,24.783331E,10,19.4,29
27497,T,220830,121613,60.191864N,24.783386E,9,20.2,32
27498,T,220830,121614,60.191902N,24.783447E,8,19.8,35
27499,T,220830,121615,60.191940N,24.783510E,8,17.0,41
27500,T,220830,121616,60.191959N,24.783579E,8,14.5,56
27501,T,220830,121617,60.191971N,24.783640E,8,13.2,64
27502,T,220830,121618,60.191978N,24.783705E,7,11.3,89
27503,T,220830,121619,60.191971N,24.783762E,7,11.7,117
27504,T,220830,121620,60.191952N,24.783812E,7,12.4,136
27505,T,220830,121621,60.191925N,24.783857E,7,15.0,146
27506,T,220830,121622,60.191887N,24.783909E,7,17.3,148
27507,T,220830,121623,60.191849N,24.783964E,7,19.1,148
27508,T,220830,121624,60.191807N,24.784019E,7,20.7,148
27509,T,220830,121625,60.191765N,24.784077E,7,20.7,148
27510,T,220830,121626,60.191719N,24.784134E,7,21.8,151
27511,T,220830,121627,60.191673N,24.784184E,6,21.6,152
27512,T,220830,121628,60.191624N,24.784233E,7,21.2,152
27513,T,220830,121629,60.191582N,24.784290E,7,21.1,145
27514,T,220830,121630,60.191536N,24.784363E,6,22.2,134
27515,T,220830,121631,60.191502N,24.784433E,6,21.4,136
27516,T,220830,121632,60.191463N,24.784512E,6,21.9,135
27517,T,220830,121633,60.191437N,24.784595E,6,21.6,134
27518,T,220830,121634,60.191406N,24.784685E,6,22.6,134
27519,T,220830,121635,60.191376N,24.784767E,7,20.4,131
27520,T,220830,121636,60.191345N,24.784845E,6,19.7,129
27521,T,220830,121637,60.191319N,24.784931E,6,19.8,111
27522,T,220830,121638,60.191299N,24.785028E,6,19.9,106
27523,T,220830,121639,60.191292N,24.785126E,6,20.0,94
27524,T,220830,121640,60.191292N,24.785236E,6,20.1,93
27525,T,220830,121641,60.191292N,24.785339E,6,19.3,94
27526,T,220830,121642,60.191280N,24.785435E,6,18.7,95
27527,T,220830,121643,60.191254N,24.785526E,6,20.5,98
27528,T,220830,121644,60.191219N,24.785622E,6,21.9,101
27529,T,220830,121645,60.191185N,24.785709E,5,24.6,103
27530,T,220830,121646,60.191139N,24.785795E,4,24.3,106
27531,T,220830,121647,60.191097N,24.785877E,4,24.3,109
27532,T,220830,121648,60.191044N,24.785942E,4,24.4,113
27533,T,220830,121649,60.190990N,24.785957E,5,19.7,183
27534,T,220830,121650,60.190948N,24.785936E,5,18.4,205
27535,T,220830,121651,60.190907N,24.785894E,6,17.3,209
27536,T,220830,121652,60.190872N,24.785856E,6,15.4,207
27537,T,220830,121653,60.190838N,24.785824E,7,15.1,206
27538,T,220830,121654,60.190800N,24.785805E,8,14.1,195
27539,T,220830,121655,60.190769N,24.785795E,8,12.2,177
27540,T,220830,121656,60.190735N,24.785810E,8,11.5,152
27541,T,220830,121657,60.190712N,24.785845E,9,11.5,141
27542,T,220830,121658,60.190701N,24.785896E,9,13.0,108
27543,T,220830,121659,60.190697N,24.785963E,9,14.4,85
27544,T,220830,121700,60.190701N,24.786037E,9,15.0,75
27545,T,220830,121701,60.190712N,24.786116E,9,15.7,74
27546,T,220830,121702,60.190723N,24.786196E,9,16.4,77
27547,T,220830,121703,60.190727N,24.786278E,9,15.7,87
27548,T,220830,121704,60.190723N,24.786356E,8,15.3,101
27549,T,220830,121705,60.190712N,24.786425E,8,16.6,114
27550,T,220830,121706,60.190693N,24.786491E,8,17.3,127
27551,T,220830,121707,60.190662N,24.786560E,8,18.8,130
27552,T,220830,121708,60.190636N,24.786631E,8,17.8,138
27553,T,220830,121709,60.190605N,24.786688E,9,17.4,142
27554,T,220830,121710,60.190567N,24.786737E,9,18.0,149
27555,T,220830,121711,60.190529N,24.786776E,9,18.1,160
27556,T,220830,121712,60.190483N,24.786800E,9,18.1,169
27557,T,220830,121713,60.190441N,24.786808E,9,18.1,179
27558,T,220830,121714,60.190392N,24.786812E,8,18.4,178
27559,T,220830,121715,60.190353N,24.786816E,9,17.7,178
27560,T,220830,121716,60.190304N,24.786821E,9,18.3,177
27561,T,220830,121717,60.190262N,24.786825E,9,17.3,177
27562,T,220830,121718,60.190216N,24.786837E,9,17.0,177
27563,T,220830,121719,60.190174N,24.786840E,10,16.6,176
27564,T,220830,121720,60.190136N,24.786844E,10,15.7,176
27565,T,220830,121721,60.190098N,24.786854E,10,14.6,176
27566,T,220830,121722,60.190060N,24.786858E,11,13.8,175
27567,T,220830,121723,60.190029N,24.786863E,11,12.8,175
27568,T,220830,121724,60.189991N,24.786867E,11,12.8,174
27569,T,220830,121725,60.189960N,24.786877E,11,11.9,179
27570,T,220830,121726,60.189926N,24.786879E,11,12.3,178
27571,T,220830,121727,60.189899N,24.786884E,11,12.2,176
27572,T,220830,121728,60.189869N,24.786888E,11,12.1,176
27573,T,220830,121729,60.189838N,24.786894E,11,11.2,175
27574,T,220830,121730,60.189816N,24.786900E,11,9.8,175
27575,T,220830,121731,60.189796N,24.786903E,12,8.8,176
27576,T,220830,121732,60.189777N,24.786913E,12,8.7,172
27577,T,220830,121733,60.189751N,24.786922E,12,9.1,167
27578,T,220830,121734,60.189732N,24.786928E,12,10.0,168
27579,T,220830,121735,60.189701N,24.786924E,12,11.8,170
27580,T,220830,121736,60.189671N,24.786924E,12,11.2,171
27581,T,220830,121737,60.189640N,24.786938E,12,11.2,169
27582,T,220830,121738,60.189613N,24.786957E,12,12.3,169
27583,T,220830,121739,60.189583N,24.786968E,12,12.9,170
27584,T,220830,121740,60.189552N,24.786972E,12,11.8,170
27585,T,220830,121741,60.189514N,24.786968E,12,14.9,170
27586,T,220830,121742,60.189476N,24.786966E,12,16.2,171
27587,T,220830,121743,60.189430N,24.786972E,12,16.3,173
27588,T,220830,121744,60.189392N,24.786982E,12,17.3,172
27589,T,220830,121745,60.189342N,24.786983E,12,17.8,173
27590,T,220830,121746,60.189301N,24.786991E,12,17.7,175
27591,T,220830,121747,60.189251N,24.786999E,12,18.0,175
27592,T,220830,121748,60.189209N,24.787016E,13,19.2,175
27593,T,220830,121749,60.189163N,24.787029E,13,18.8,175
27594,T,220830,121750,60.189114N,24.787037E,14,19.3,175
27595,T,220830,121751,60.189064N,24.787045E,14,19.4,175
27596,T,220830,121752,60.189011N,24.787052E,14,19.4,175
27597,T,220830,121753,60.188965N,24.787066E,15,19.5,175
27598,T,220830,121754,60.188919N,24.787090E,15,18.5,159
27599,T,220830,121755,60.188877N,24.787130E,15,18.2,148
27600,T,220830,121756,60.188839N,24.787178E,15,17.6,144
27601,T,220830,121757,60.188805N,24.787231E,15,17.0,142
27602,T,220830,121758,60.188766N,24.787279E,15,17.0,148
27603,T,220830,121759,60.188732N,24.787319E,15,17.0,153
27604,T,220830,121800,60.188690N,24.787354E,15,16.1,154
27605,T,220830,121801,60.188656N,24.787378E,15,15.2,163
27606,T,220830,121802,60.188625N,24.787416E,15,14.9,161
27607,T,220830,121803,60.188599N,24.787476E,15,15.0,156
27608,T,220830,121804,60.188595N,24.787554E,14,17.0,149
27609,T,220830,121805,60.188599N,24.787643E,15,18.8,143
27610,T,220830,121806,60.188602N,24.787737E,14,19.3,137
27611,T,220830,121807,60.188606N,24.787823E,14,17.0,131
27612,T,220830,121808,60.188614N,24.787922E,14,19.6,125
27613,T,220830,121809,60.188618N,24.788025E,15,19.5,92
27614,T,220830,121810,60.188618N,24.788118E,14,18.8,89
27615,T,220830,121811,60.188622N,24.788212E,14,19.5,90
27616,T,220830,121812,60.188614N,24.788309E,14,19.6,91
27617,T,220830,121813,60.188602N,24.788404E,15,19.6,92
27618,T,220830,121814,60.188587N,24.788504E,15,20.6,94
27619,T,220830,121815,60.188572N,24.788601E,15,20.4,95
27620,T,220830,121816,60.188553N,24.788696E,15,20.4,97
27621,T,220830,121817,60.188526N,24.788795E,16,21.7,99
27622,T,220830,121818,60.188507N,24.788891E,17,20.2,100
27623,T,220830,121819,60.188488N,24.788984E,17,20.5,102
27624,T,220830,121820,60.188461N,24.789076E,17,19.9,103
27625,T,220830,121821,60.188435N,24.789156E,17,17.3,126
27626,T,220830,121822,60.188404N,24.789219E,17,16.2,137
27627,T,220830,121823,60.188374N,24.789267E,17,14.9,145
27628,T,220830,121824,60.188332N,24.789310E,17,15.8,152
27629,T,220830,121825,60.188293N,24.789351E,17,18.3,154
27630,T,220830,121826,60.188255N,24.789385E,16,15.1,155
27631,T,220830,121827,60.188217N,24.789425E,16,17.6,152
27632,T,220830,121828,60.188171N,24.789474E,16,18.3,152
27633,T,220830,121829,60.188137N,24.789524E,16,17.1,151
27634,T,220830,121830,60.188099N,24.789579E,17,17.0,137
27635,T,220830,121831,60.188068N,24.789639E,17,16.9,137
27636,T,220830,121832,60.188030N,24.789696E,16,17.7,138
27637,T,220830,121833,60.188000N,24.789762E,16,15.9,126
27638,T,220830,121834,60.187981N,24.789833E,17,17.0,109
27639,T,220830,121835,60.187969N,24.789923E,16,18.8,102
27640,T,220830,121836,60.187962N,24.790018E,16,19.5,101
27641,T,220830,121837,60.187946N,24.790117E,16,20.3,103
27642,T,220830,121838,60.187920N,24.790236E,16,20.7,105
27643,T,220830,121839,60.187901N,24.790346E,16,20.7,104
27644,T,220830,121840,60.187878N,24.790459E,15,21.8,105
27645,T,220830,121841,60.187855N,24.790571E,15,22.9,105
27646,T,220830,121842,60.187836N,24.790693E,15,24.2,106
27647,T,220830,121843,60.187817N,24.790819E,15,24.2,105
27648,T,220830,121844,60.187798N,24.790943E,15,24.2,105
27649,T,220830,121845,60.187771N,24.791065E,15,24.3,106
27650,T,220830,121846,60.187756N,24.791185E,15,24.7,105
27651,T,220830,121847,60.187740N,24.791306E,15,24.8,104
27652,T,220830,121848,60.187725N,24.791433E,15,25.4,104
27653,T,220830,121849,60.187702N,24.791557E,14,25.7,104
27654,T,220830,121850,60.187687N,24.791683E,14,25.8,105
27655,T,220830,121851,60.187668N,24.791813E,14,27.5,105
27656,T,220830,121852,60.187649N,24.791943E,14,27.4,106
27657,T,220830,121853,60.187630N,24.792076E,14,27.5,106
27658,T,220830,121854,60.187607N,24.792213E,13,28.6,105
27659,T,220830,121855,60.187592N,24.792351E,13,28.1,105
27660,T,220830,121856,60.187572N,24.792484E,13,27.2,105
27661,T,220830,121857,60.187557N,24.792616E,13,27.1,105
27662,T,220830,121858,60.187534N,24.792744E,13,27.0,106
27663,T,220830,121859,60.187515N,24.792871E,13,25.5,106
27664,T,220830,121900,60.187496N,24.792992E,14,24.5,107
27665,T,220830,121901,60.187481N,24.793108E,13,24.0,107
27666,T,220830,121902,60.187466N,24.793222E,14,22.7,105
27667,T,220830,121903,60.187447N,24.793337E,14,23.6,105
27668,T,220830,121904,60.187431N,24.793451E,14,24.4,103
27669,T,220830,121905,60.187420N,24.793571E,14,24.4,102
27670,T,220830,121906,60.187408N,24.793690E,14,24.1,102
27671,T,220830,121907,60.187393N,24.793806E,15,24.2,101
27672,T,220830,121908,60.187382N,24.793924E,15,24.1,102
27673,T,220830,121909,60.187359N,24.794029E,15,23.6,103
27674,T,220830,121910,60.187344N,24.794138E,15,23.0,103
27675,T,220830,121911,60.187332N,24.794243E,15,22.1,103
27676,T,220830,121912,60.187321N,24.794346E,15,21.7,103
27677,T,220830,121913,60.187309N,24.794458E,15,22.7,103
27678,T,220830,121914,60.187290N,24.794563E,15,22.4,105
27679,T,220830,121915,60.187275N,24.794672E,15,21.8,103
27680,T,220830,121916,60.187267N,24.794781E,15,20.7,103
27681,T,220830,121917,60.187260N,24.794876E,15,19.2,101
27682,T,220830,121918,60.187244N,24.794975E,15,19.7,107
27683,T,220830,121919,60.187225N,24.795076E,15,19.8,109
27684,T,220830,121920,60.187206N,24.795177E,14,20.4,109
27685,T,220830,121921,60.187187N,24.795288E,15,20.3,106
27686,T,220830,121922,60.187172N,24.795389E,15,21.2,107
27687,T,220830,121923,60.187153N,24.795502E,15,20.9,104
27688,T,220830,121924,60.187138N,24.795618E,14,22.6,104
27689,T,220830,121925,60.187115N,24.795736E,14,23.8,104
27690,T,220830,121926,60.187099N,24.795856E,14,23.7,103
27691,T,220830,121927,60.187084N,24.795977E,14,23.7,104
27692,T,220830,121928,60.187061N,24.796097E,13,24.6,105
27693,T,220830,121929,60.187042N,24.796219E,12,24.5,105
27694,T,220830,121930,60.187027N,24.796333E,12,22.5,105
27695,T,220830,121931,60.187019N,24.796442E,13,21.1,105
27696,T,220830,121932,60.187008N,24.796543E,13,19.3,103
27697,T,220830,121933,60.187000N,24.796635E,12,17.0,102
27698,T,220830,121934,60.186996N,24.796717E,12,14.7,88
27699,T,220830,121935,60.186996N,24.796787E,12,14.2,80
27700,T,220830,121936,60.187004N,24.796864E,12,15.8,71
27701,T,220830,121937,60.187019N,24.796934E,12,16.0,55
27702,T,220830,121938,60.187050N,24.796991E,12,16.5,39
27703,T,220830,121939,60.187084N,24.797035E,12,18.2,27
27704,T,220830,121940,60.187126N,24.797064E,12,18.6,12
27705,T,220830,121941,60.187172N,24.797075E,12,19.0,12
27706,T,220830,121942,60.187218N,24.797098E,12,17.9,15
27707,T,220830,121943,60.187252N,24.797136E,12,16.4,18
27708,T,220830,121944,60.187271N,24.797209E,12,15.2,23
27709,T,220830,121945,60.187271N,24.797279E,12,12.0,30
27710,T,220830,121946,60.187256N,24.797361E,12,16.2,36
27711,T,220830,121947,60.187241N,24.797449E,12,18.8,42
27712,T,220830,121948,60.187233N,24.797544E,12,20.7,49
27713,T,220830,121949,60.187222N,24.797655E,12,21.1,94
27714,T,220830,121950,60.187206N,24.797770E,11,20.5,98
27715,T,220830,121951,60.187195N,24.797882E,11,22.6,98
27716,T,220830,121952,60.187180N,24.798000E,10,22.6,99
27717,T,220830,121953,60.187164N,24.798122E,10,23.9,102
27718,T,220830,121954,60.187141N,24.798256E,9,26.9,105
27719,T,220830,121955,60.187111N,24.798391E,8,27.0,106
27720,T,220830,121956,60.187088N,24.798536E,7,29.4,108
27721,T,220830,121957,60.187065N,24.798679E,7,29.4,109
27722,T,220830,121958,60.187042N,24.798820E,7,29.3,108
27723,T,220830,121959,60.187023N,24.798964E,7,29.0,107
27724,T,220830,122000,60.187000N,24.799103E,6,27.8,107
27725,T,220830,122001,60.186981N,24.799240E,6,28.5,107
27726,T,220830,122002,60.186958N,24.799376E,6,28.2,107
27727,T,220830,122003,60.186939N,24.799513E,6,26.9,106
27728,T,220830,122004,60.186920N,24.799644E,6,25.5,106
27729,T,220830,122005,60.186893N,24.799765E,5,24.8,116
27730,T,220830,122006,60.186871N,24.799875E,6,23.5,115
27731,T,220830,122007,60.186852N,24.799988E,6,23.5,114
27732,T,220830,122008,60.186836N,24.800104E,6,23.1,113
27733,T,220830,122009,60.186825N,24.800220E,6,22.2,97
27734,T,220830,122010,60.186817N,24.800335E,6,21.6,97
27735,T,220830,122011,60.186810N,24.800451E,6,21.4,99
27736,T,220830,122012,60.186798N,24.800556E,6,20.1,100
27737,T,220830,122013,60.186794N,24.800653E,6,19.8,99
27738,T,220830,122014,60.186787N,24.800756E,7,20.4,100
27739,T,220830,122015,60.186775N,24.800856E,7,19.6,100
27740,T,220830,122016,60.186764N,24.800947E,7,18.3,102
27741,T,220830,122017,60.186752N,24.801044E,7,18.9,103
27742,T,220830,122018,60.186741N,24.801136E,7,18.8,103
27743,T,220830,122019,60.186729N,24.801237E,7,20.0,103
27744,T,220830,122020,60.186710N,24.801338E,7,20.5,105
27745,T,220830,122021,60.186695N,24.801439E,6,21.2,106
27746,T,220830,122022,60.186680N,24.801544E,6,21.3,106
27747,T,220830,122023,60.186661N,24.801645E,6,21.4,107
27748,T,220830,122024,60.186646N,24.801750E,6,21.5,107
27749,T,220830,122025,60.186630N,24.801855E,6,21.6,105
27750,T,220830,122026,60.186615N,24.801964E,6,21.2,103
27751,T,220830,122027,60.186600N,24.802067E,6,20.6,108
27752,T,220830,122028,60.186581N,24.802170E,6,21.3,108
27753,T,220830,122029,60.186562N,24.802271E,6,20.8,108
27754,T,220830,122030,60.186543N,24.802370E,6,20.8,108
27755,T,220830,122031,60.186527N,24.802464E,6,19.5,109
27756,T,220830,122032,60.186508N,24.802563E,5,20.0,107
27757,T,220830,122033,60.186501N,24.802660E,5,19.3,97
27758,T,220830,122034,60.186493N,24.802752E,6,17.5,99
27759,T,220830,122035,60.186481N,24.802830E,6,14.3,100
27760,T,220830,122036,60.186474N,24.802889E,6,10.8,103
27761,T,220830,122037,60.186455N,24.802935E,6,8.7,104
27762,T,220830,122038,60.186443N,24.802973E,6,6.7,105
27763,T,220830,122039,60.186432N,24.803015E,6,7.7,107
27764,T,220830,122040,60.186417N,24.803059E,6,11.4,128
27765,T,220830,122041,60.186394N,24.803101E,5,12.3,148
27766,T,220830,122042,60.186352N,24.803144E,5,13.6,150
27767,T,220830,122043,60.186321N,24.803181E,5,13.6,161
27768,T,220830,122044,60.186283N,24.803198E,5,15.4,167
27769,T,220830,122045,60.186245N,24.803207E,6,14.3,182
27770,T,220830,122046,60.186207N,24.803188E,6,15.5,201
27771,T,220830,122047,60.186169N,24.803156E,6,16.1,206
27772,T,220830,122048,60.186127N,24.803139E,6,16.1,204
27773,T,220830,122049,60.186089N,24.803141E,6,15.1,201
27774,T,220830,122050,60.186066N,24.803183E,6,13.6,194
27775,T,220830,122051,60.186050N,24.803255E,5,16.0,104
27776,T,220830,122052,60.186047N,24.803337E,4,16.5,101
27777,T,220830,122053,60.186062N,24.803423E,3,16.6,99
27778,T,220830,122054,60.186073N,24.803499E,3,15.6,96
27779,T,220830,122055,60.186081N,24.803576E,3,15.0,95
27780,T,220830,122056,60.186081N,24.803656E,2,16.0,96
27781,T,220830,122057,60.186077N,24.803738E,2,16.4,95
27782,T,220830,122058,60.186069N,24.803810E,1,13.7,95
27783,T,220830,122059,60.186062N,24.803888E,1,17.5,96
